0.212
0.98
1.02
0.94
0.984
0.972
0.976
0.984
0.98
0.964
0.988
1
0.948
1.016
0.992
1.008
0.948
1.004
0.996
0.948
0.972
0.964
0.972
0.948
0.984
1.02
0.944
0.972
0.968
0.936
0.956
0.984
1
0.952
0.984
1.016
0.932
0.952
0.936
0.892
0.952
0.988
1.012
1.008
1.036
1.024
1.02
1.012
0.988
1.004
1.012
0.952
0.988
0.96
0.924
0.944
0.968
0.932
0.972
1.016
0.948
1
0.988
0.952
0.964
0.948
0.932
0.984
1.024
0.96
1.004
1.016
0.964
0.968
0.996
0.984
0.968
1.016
1.008
0.952
0.992
1
0.972
1.004
0.992
0.972
0.968
0.972
0.936
0.94
0.968
0.944
0.984
1.004
0.936
1
0.996
0.956
0.96
1
0.932
0.972
0.984
0.944
0.968
0.992
0.948
0.956
0.952
0.94
0.912
0.932
0.948
0.92
0.932
0.948
0.904
0.964
0.968
0.896
0.956
0.964
0.916
0.988
0.984
0.928
0.976
0.96
0.932
0.952
0.972
0.892
0.952
0.964
0.92
0.964
0.972
0.916
0.944
0.968
0.968
0.94
0.96
0.98
0.908
0.968
0.944
0.916
0.932
0.908
0.844
0.856
0.896
0.884
0.952
0.968
0.932
0.96
1.008
0.936
0.98
0.996
0.94
0.984
0.996
0.936
0.964
0.98
0.94
0.96
1.004
0.932
0.948
0.964
0.94
0.964
1.008
0.932
0.96
0.972
0.896
0.916
0.964
0.904
0.94
0.956
0.908
0.904
0.94
0.952
0.9
0.936
0.956
0.888
0.956
0.94
0.888
0.936
0.956
0.932
0.952
0.968
0.948
0.908
0.976
0.96
0.932
0.988
0.96
0.944
0.932
0.964
0.948
0.904
0.972
0.964
0.912
0.968
0.948
0.936
0.932
0.932
0.952
0.884
0.952
0.964
0.916
0.988
0.98
0.952
0.964
1.008
0.952
0.976
0.968
0.932
0.952
0.964
0.936
0.932
0.98
1.004
0.984
1.024
1.028
0.98
1.036
1.068
0.984
1
1.016
0.98
0.988
1.032
0.988
0.968
1
0.992
0.968
1
1
0.952
0.984
1.004
0.928
0.948
1.012
0.968
0.932
0.96
0.968
0.94
0.96
0.984
0.932
0.972
0.98
0.964
0.936
0.968
0.968
0.932
0.972
0.984
0.932
0.948
0.984
0.944
0.952
0.94
0.932
0.888
0.928
0.968
0.9
0.988
0.98
0.924
0.964
0.968
0.968
0.904
0.944
0.948
0.912
0.9
0.936
0.956
0.932
0.916
0.964
0.968
0.916
0.932
0.968
0.936
0.904
0.96
0.936
0.884
0.94
0.948
0.848
0.796
0.86
0.86
0.916
0.868
0.912
0.932
0.904
0.9
0.924
0.928
0.904
0.932
0.952
0.916
0.932
0.964
0.948
0.908
0.928
0.952
0.912
0.952
0.98
0.972
0.948
0.968
1
0.92
0.972
0.996
0.948
0.964
1.004
0.948
0.964
1.004
0.96
0.948
0.956
0.944
0.924
0.972
0.984
0.996
0.96
1.008
0.98
0.932
0.972
0.984
0.976
0.964
0.928
0.964
0.964
0.912
0.944
0.916
0.896
0.88
0.912
0.924
0.916
0.908
0.896
0.896
0.888
0.876
0.908
0.912
0.952
0.896
0.94
0.928
0.896
0.868
0.868
0.884
0.864
0.84
0.86
0.872
0.884
0.844
0.872
0.896
0.896
0.856
0.856
0.828
0.844
0.82
0.8
0.8
0.82
0.836
0.848
0.832
0.848
0.872
0.868
0.836
0.832
0.796
0.82
0.812
0.816
0.788
0.796
0.82
0.844
0.836
0.872
0.856
0.864
0.856
0.824
0.824
0.816
0.816
0.796
0.816
0.808
0.8
0.756
0.728
0.752
0.788
0.8
0.8
0.78
0.752
0.712
0.728
0.72
0.704
0.72
0.712
0.728
0.74
0.748
0.768
0.792
0.784
0.792
0.748
0.776
0.772
0.76
0.752
0.748
0.764
0.756
0.744
0.748
0.752
0.772
0.748
0.772
0.752
0.764
0.768
0.756
0.748
0.772
0.764
0.756
0.768
0.764
0.756
0.748
0.756
0.768
0.776
0.78
0.784
0.792
0.792
0.784
0.788
0.756
0.756
0.744
0.74
0.732
0.74
0.756
0.764
0.744
0.772
0.76
0.784
0.792
0.76
0.772
0.772
0.748
0.748
0.744
0.752
0.752
0.764
0.76
0.768
0.772
0.788
0.772
0.764
0.776
0.772
0.748
0.76
0.764
0.76
0.768
0.776
0.78
0.772
0.764
0.76
0.772
0.744
0.748
0.748
0.756
0.752
0.748
0.752
0.756
0.764
0.772
0.732
0.74
0.76
0.748
0.764
0.764
0.74
0.748
0.752
0.752
0.756
0.756
0.768
0.736
0.744
0.744
0.748
0.72
0.728
0.724
0.724
0.74
0.728
0.732
0.744
0.744
0.744
0.708
0.692
0.68
0.696
0.704
0.684
0.696
0.704
0.704
0.696
0.7
0.704
0.716
0.736
0.74
0.748
0.772
0.784
0.748
0.768
0.772
0.776
0.76
0.74
0.756
0.74
0.736
0.744
0.724
0.74
0.744
0.76
0.752
0.776
0.768
0.784
0.788
0.796
0.756
0.76
0.752
0.736
0.716
0.712
0.712
0.732
0.724
0.748
0.772
0.796
0.804
0.8
0.808
0.832
0.808
0.772
0.78
0.768
0.76
0.756
0.756
0.784
0.792
0.804
0.796
0.816
0.816
0.828
0.8
0.78
0.772
0.78
0.776
0.748
0.736
0.752
0.776
0.804
0.796
0.82
0.828
0.808
0.804
0.776
0.792
0.788
0.784
0.776
0.8
0.776
0.792
0.792
0.764
0.804
0.78
0.792
0.772
0.776
0.78
0.78
0.776
0.8
0.788
0.78
0.808
0.8
0.82
0.816
0.84
0.86
0.848
0.832
0.832
0.836
0.86
0.808
0.832
0.852
0.872
0.824
0.868
0.908
0.904
0.88
0.884
0.912
0.864
0.864
0.896
0.876
0.856
0.868
0.884
0.808
0.812
0.816
0.848
0.896
0.888
0.868
0.932
0.96
0.876
0.908
0.948
0.924
0.92
0.968
0.948
0.94
0.964
0.984
0.912
0.92
0.912
0.872
0.936
0.952
0.952
0.92
0.96
0.972
0.912
0.936
0.984
0.948
0.96
0.988
1.044
0.956
0.992
1
0.948
0.948
0.98
0.984
0.924
0.956
0.984
0.96
0.932
0.976
0.984
0.924
0.972
0.976
0.98
0.944
0.948
0.952
0.912
0.936
0.988
0.952
0.984
1
1.02
0.936
0.976
1.02
0.932
1
1.004
1.004
0.948
0.976
0.988
0.944
0.956
0.98
0.96
0.948
0.98
0.932
0.968
1.02
0.948
1.004
0.992
0.96
0.98
1.004
0.932
0.968
1.032
0.952
1.004
0.976
0.932
0.984
0.968
0.948
0.976
0.948
0.908
0.96
1
0.948
1
1.016
0.968
0.98
1.024
0.992
0.968
1.02
0.988
0.948
1.016
1.028
0.968
1.016
1.008
0.964
0.984
1.016
0.964
1.008
1.012
0.956
0.98
1.012
1
0.964
1.004
1.008
0.948
1.016
0.996
0.976
0.992
1
0.984
0.992
0.996
0.984
0.948
1.004
1.012
0.992
0.976
0.964
0.924
0.884
0.848
0.836
0.86
0.904
0.956
0.96
0.984
1.036
1
0.996
1.024
0.976
1
1.004
1.02
0.984
1.032
1.032
0.952
1.036
1.048
0.984
1
0.996
0.956
1.036
1.064
1.012
0.988
1.016
1.032
0.988
1.004
1.04
1.036
1.052
1.04
0.992
1.028
1.028
1.028
0.956
0.968
0.964
0.924
0.984
0.992
0.976
1.028
1.024
0.992
1
1.02
0.948
0.988
1
0.992
0.988
1.032
1.036
1.016
1.028
1.02
0.972
1.012
1.02
0.992
0.996
1.06
1.068
0.984
1.04
1.036
0.996
1.02
1.016
0.964
0.996
1.024
0.944
1.008
1.012
0.98
0.984
1.036
1.052
0.956
1.008
1.004
0.948
1.004
1.008
0.988
1.016
0.996
0.972
0.996
1.024
0.98
0.98
1.004
0.904
0.88
0.864
0.884
0.94
0.956
0.94
0.956
0.96
1
0.972
0.996
1.004
0.968
0.964
0.948
0.936
0.944
1.004
0.928
1.012
1.008
0.988
1.016
1.012
0.988
0.996
1.024
1.008
0.992
1.032
1.048
0.964
1.004
1.016
0.968
0.972
0.992
0.916
0.94
0.98
0.996
0.968
1.036
1.044
1.036
1.064
1.056
0.992
1.036
1.056
0.992
1.072
1.06
1.004
1.048
1.036
1
0.984
1.036
1.016
0.976
1.004
1.02
0.968
1
0.992
0.936
0.98
1.016
0.96
1
1.024
1.004
1.012
1.036
1.02
0.984
1.008
0.968
0.996
1.004
0.956
0.952
0.932
0.936
0.96
0.964
0.86
0.856
0.868
0.916
0.932
0.904
0.944
0.94
0.9
0.932
0.976
0.908
0.952
0.968
0.924
0.964
0.96
0.928
0.972
0.984
0.952
0.976
1.004
0.976
0.992
0.98
1.004
0.944
0.988
0.984
0.968
0.952
1.016
1.048
1.012
1.024
1.04
1.088
0.992
0.996
1.032
0.984
1
0.964
0.92
0.94
0.912
0.896
0.9
0.888
0.864
0.836
0.772
0.744
0.768
0.804
0.852
0.864
0.86
0.868
0.832
0.844
0.844
0.856
0.864
0.868
0.86
0.888
0.896
0.888
0.872
0.864
0.872
0.828
0.832
0.832
0.84
0.848
0.844
0.864
0.876
0.856
0.824
0.828
0.828
0.816
0.804
0.8
0.804
0.812
0.828
0.832
0.832
0.82
0.836
0.808
0.808
0.808
0.82
0.816
0.8
0.8
0.8
0.788
0.78
0.788
0.8
0.828
0.836
0.828
0.836
0.84
0.812
0.792
0.788
0.78
0.792
0.792
0.784
0.792
0.816
0.82
0.816
0.804
0.808
0.816
0.808
0.808
0.804
0.796
0.792
0.776
0.768
0.74
0.724
0.748
0.772
0.74
0.764
0.776
0.792
0.804
0.792
0.788
0.796
0.792
0.812
0.792
0.78
0.792
0.808
0.812
0.82
0.824
0.828
0.812
0.784
0.776
0.768
0.764
0.752
0.752
0.772
0.8
0.808
0.796
0.816
0.828
0.816
0.768
0.744
0.76
0.764
0.772
0.76
0.764
0.788
0.8
0.768
0.748
0.748
0.78
0.784
0.752
0.72
0.716
0.704
0.692
0.7
0.7
0.708
0.708
0.728
0.748
0.776
0.792
0.78
0.804
0.816
0.832
0.808
0.784
0.784
0.784
0.772
0.756
0.756
0.78
0.772
0.808
0.804
0.836
0.848
0.848
0.82
0.812
0.812
0.792
0.776
0.792
0.804
0.796
0.768
0.792
0.816
0.824
0.824
0.808
0.812
0.816
0.796
0.78
0.776
0.78
0.776
0.764
0.776
0.784
0.78
0.772
0.784
0.792
0.792
0.776
0.776
0.784
0.784
0.768
0.76
0.76
0.752
0.74
0.748
0.748
0.764
0.74
0.752
0.76
0.76
0.744
0.748
0.736
0.736
0.728
0.72
0.732
0.74
0.728
0.756
0.74
0.768
0.756
0.716
0.696
0.7
0.7
0.696
0.7
0.696
0.696
0.684
0.692
0.696
0.708
0.728
0.732
0.756
0.792
0.804
0.808
0.784
0.8
0.784
0.764
0.772
0.768
0.752
0.72
0.7
0.696
0.744
0.796
0.864
0.8
0.98
1.068
0.972
1.008
1.056
1
1.04
1.028
1.004
1.064
1.064
1
1.068
1.04
1.04
1.064
1.036
1.04
1.052
0.956
0.988
0.98
0.956
0.968
0.944
0.892
0.9
0.908
0.88
0.92
0.94
0.9
0.956
0.968
0.916
0.928
0.908
0.884
0.896
0.968
0.908
0.964
0.96
0.928
0.972
1.012
0.956
1.004
0.976
0.976
1.032
0.956
0.972
0.984
0.976
0.96
1.016
0.988
0.892
0.852
0.896
0.924
0.952
1
0.976
0.984
1.052
1
1.02
1.024
0.992
1.004
1.008
0.964
0.992
0.968
0.924
0.984
0.988
0.964
0.98
1.024
0.948
1.016
1.016
0.98
1.02
1.024
0.976
1.008
1.012
0.984
0.964
1.004
0.94
0.94
0.972
0.976
0.952
0.996
1.016
1.012
0.956
0.996
1.02
0.984
0.988
1.044
1.004
0.992
1.024
1.028
0.984
1.036
1.06
1.044
0.932
0.996
0.932
0.86
0.928
0.896
0.972
1.004
0.948
0.98
1.016
0.936
0.98
0.976
0.944
0.956
0.956
0.948
1
1
0.996
1.012
0.996
0.948
0.984
0.98
0.904
0.88
0.932
0.968
0.96
1.008
1.036
0.98
1.032
1.032
0.98
1.02
1.004
1.008
1.048
0.984
1.008
1.016
0.98
0.88
0.924
0.992
0.984
0.944
1.012
1.024
1.004
1.012
1.072
0.98
1.02
1.04
0.956
1.016
1.016
0.988
1
0.984
0.964
0.936
0.98
1.004
0.98
0.98
0.992
0.964
0.952
0.964
1.012
0.948
1.016
1.024
0.968
0.984
1.012
1.016
0.964
1.02
1.016
0.972
0.964
0.888
0.88
0.86
0.88
0.944
1.012
0.968
1.004
1.028
0.984
1.032
1.008
0.98
0.912
0.996
1.028
0.976
1.008
1.012
1.02
0.964
0.912
0.956
0.98
0.94
0.992
0.992
0.996
1
1
0.984
0.988
0.992
0.964
0.932
0.956
0.916
0.948
0.968
0.936
0.98
0.992
0.968
0.964
1.012
0.948
0.972
0.992
0.98
0.996
0.988
0.968
0.988
1.004
0.964
0.984
0.952
0.948
0.956
1.008
0.952
1
0.976
0.948
0.928
0.964
0.912
0.992
1
0.944
0.98
0.996
0.992
0.948
0.98
1
0.96
0.976
0.984
0.988
0.932
0.98
1
0.984
0.956
0.992
0.984
0.948
1.008
1.016
0.964
1.016
1.008
0.968
0.936
0.984
0.952
0.972
0.956
0.964
0.936
0.904
0.9
0.932
0.96
0.908
0.948
0.936
0.888
0.924
0.924
0.892
0.924
0.956
0.896
0.932
0.928
0.904
0.86
0.852
0.872
0.872
0.94
0.972
0.94
0.968
0.972
1.016
0.956
0.96
0.952
0.912
0.96
0.972
0.984
0.972
1
1
0.968
1.004
0.996
0.96
1
0.988
0.976
0.992
0.944
0.888
0.868
0.876
0.856
0.908
0.976
0.956
0.924
0.912
0.836
0.944
0.812
8.268
0.676
0.716
3.128
0.836
0.852
0.88
0.884
0.88
0.84
0.864
0.848
0.864
0.832
0.82
0.788
0.812
0.828
0.832
0.824
0.848
0.86
0.852
0.836
0.816
0.832
0.84
0.824
0.78
0.824
0.828
0.824
0.8
0.784
0.776
0.74
0.716
0.756
0.772
0.76
3.26
0.796
0.824
0.784
0.82
0.808
0.856
0.84
0.86
0.86
0.848
0.852
0.772
0.832
1.584
0.796
0.82
0.808
0.82
0.832
0.852
0.872
0.8
0.824
0.836
0.832
0.844
0.816
0.828
0.836
0.808
0.824
1.588
0.788
0.808
0.804
0.788
1.608
0.836
0.792
0.804
0.8
0.82
0.792
0.796
0.808
0.768
2.288
0.748
0.76
0.768
0.788
0.776
0.8
0.796
0.8
0.812
0.828
0.788
0.788
0.768
0.768
0.756
0.78
0.752
0.76
0.776
0.796
0.816
0.836
0.82
0.856
0.82
0.812
0.812
0.812
0.776
0.776
0.768
0.768
0.764
0.772
0.784
0.796
0.784
0.796
0.792
0.784
0.772
0.764
0.764
0.764
0.74
0.76
0.776
0.776
0.772
0.784
0.784
0.776
0.764
0.772
0.78
0.772
0.78
0.784
0.764
0.736
0.724
0.724
0.72
0.732
0.752
0.764
0.772
0.756
0.76
0.768
0.8
0.796
0.788
0.812
0.82
0.828
0.788
0.78
0.8
0.768
0.772
0.804
0.816
0.796
0.784
0.784
0.796
0.788
0.8
0.752
0.764
0.76
0.772
0.772
0.772
0.788
0.8
0.804
0.8
0.812
0.828
0.808
0.796
0.8
0.8
0.776
0.776
0.784
0.792
0.78
0.796
0.784
0.804
0.792
0.8
0.8
0.792
0.768
0.772
0.768
0.756
0.76
0.752
0.76
0.76
0.764
0.764
0.784
0.796
0.784
0.808
0.824
0.816
0.812
0.736
0.692
0.68
0.692
0.688
0.672
0.676
0.644
0.728
0.672
0.7
0.672
0.656
0.664
0.684
0.66
0.692
0.728
0.752
0.752
0.776
0.82
0.804
0.796
0.828
0.844
0.832
0.888
0.892
0.9
0.92
0.952
0.892
0.904
0.86
0.884
0.9
0.872
0.904
0.928
0.884
0.928
0.952
0.932
0.98
0.916
0.952
1
0.972
0.98
1.02
0.968
1.004
1.02
0.964
0.984
0.984
0.92
0.952
0.928
0.9
0.928
0.96
0.928
0.976
0.972
0.968
1.004
0.96
0.952
0.952
0.848
0.856
0.832
0.86
0.916
1.008
0.976
1.036
1.048
0.988
1
0.984
0.952
0.964
0.992
0.924
0.956
0.996
0.916
0.984
1.012
0.956
0.968
0.992
0.932
0.976
0.976
0.932
0.984
0.992
0.956
0.984
1.004
0.98
1.004
0.944
0.932
0.956
0.908
0.944
0.992
0.948
0.984
1.056
0.988
0.968
1.008
0.96
0.964
0.98
0.956
0.964
0.992
0.972
0.996
1.052
0.996
1.008
1.012
0.976
1
0.98
0.944
0.964
1.004
0.936
0.992
0.98
0.952
1
0.98
0.944
0.964
0.94
0.884
0.844
0.848
0.852
0.916
0.984
0.988
0.996
1.02
1
0.952
1.008
0.92
0.948
0.948
0.96
0.892
0.812
0.852
0.84
0.808
0.764
0.816
0.82
0.824
0.928
0.98
1.016
0.96
1
0.992
1.004
0.972
0.924
0.98
1
0.972
0.956
0.964
0.976
0.972
1.004
1.008
1.004
0.996
0.988
0.94
0.96
0.988
1.024
0.972
1.012
0.98
0.964
1.004
1.012
1.016
0.996
1
0.972
0.968
1.016
0.968
0.928
1.008
0.992
0.972
1.012
1.024
0.944
0.988
0.96
0.916
0.936
0.896
0.96
0.968
0.964
0.984
1.02
0.988
1.004
1.012
0.952
0.932
0.868
0.864
0.848
0.9
0.928
0.932
0.956
0.952
0.912
0.94
0.976
0.952
1.004
1.024
1.016
0.968
1
1.02
0.96
0.992
0.988
0.948
0.996
1.008
0.972
1.024
1.056
1.04
1.028
1.032
1.072
0.964
1.016
1.004
0.956
0.984
1.008
0.988
1.008
1.024
0.996
1.016
1.02
0.98
1.012
0.904
0.932
0.856
0.864
0.812
0.832
0.828
0.788
0.776
0.756
0.704
0.708
0.684
0.672
0.648
0.668
0.688
0.72
0.724
0.836
0.832
0.868
0.872
0.916
0.912
0.916
0.94
0.92
0.888
0.904
0.888
0.868
0.876
0.884
0.868
0.864
0.856
0.836
0.828
0.844
0.852
0.836
0.868
0.88
0.88
0.868
0.872
0.836
0.828
0.836
0.836
0.82
0.84
0.86
0.852
0.86
0.856
0.844
0.824
0.824
0.824
0.82
0.828
0.82
0.812
0.816
0.832
0.836
0.816
0.836
0.856
0.836
0.84
0.844
0.82
0.804
0.792
0.768
0.76
0.76
0.78
0.792
0.8
0.804
0.824
0.808
0.812
0.816
0.792
0.792
0.792
0.776
0.772
0.78
0.776
0.76
0.784
0.784
0.772
0.772
0.772
0.768
0.764
0.772
0.776
0.76
0.756
0.768
0.76
0.756
0.756
0.764
0.764
0.744
0.768
0.736
0.748
0.736
0.752
0.764
0.76
0.768
0.776
0.764
0.768
0.776
0.768
0.772
0.776
0.78
0.768
0.784
0.776
0.76
0.772
0.768
0.764
0.768
0.772
0.768
0.764
0.768
0.768
0.736
0.748
0.736
0.74
0.728
0.748
0.72
0.72
0.732
0.748
0.752
0.748
0.752
0.752
0.74
0.74
0.736
0.736
0.728
0.728
0.728
0.724
0.732
0.74
0.744
0.74
0.764
0.776
0.752
0.772
0.776
0.776
0.764
0.756
0.744
0.74
0.728
0.736
0.74
0.74
0.748
0.772
0.792
0.768
0.78
0.788
0.784
0.76
0.76
0.768
0.756
0.74
0.748
0.748
0.748
0.756
0.776
0.788
0.764
0.772
0.78
0.772
0.752
0.76
0.752
0.736
0.744
0.744
0.736
0.74
0.756
0.788
0.76
0.796
0.768
0.78
0.748
0.756
0.752
0.756
0.744
0.764
0.784
0.796
0.784
0.8
0.816
0.768
1.508
1.392
0.692
0.684
0.66
0.652
0.688
0.684
0.708
0.696
0.712
0.752
0.772
0.728
0.784
0.792
0.824
0.788
0.868
0.9
0.796
0.868
0.876
0.8
0.88
0.92
0.808
0.828
0.816
0.812
0.796
0.804
0.76
0.768
0.724
0.732
0.756
0.78
0.772
0.792
0.816
0.816
0.868
0.872
0.86
0.888
0.932
0.924
0.92
0.888
0.904
0.928
0.888
0.888
0.944
0.928
0.932
0.944
0.9
0.92
0.932
0.908
0.912
0.96
0.892
0.968
0.988
0.936
0.96
0.952
0.94
0.964
0.988
0.936
0.948
0.976
0.936
0.972
0.992
0.936
0.976
0.968
0.956
0.984
0.976
0.992
1.048
0.996
1.024
1.048
0.992
1.02
1.044
0.984
1
1.048
0.96
1.004
0.996
0.94
0.984
1.008
0.916
0.952
1.024
0.96
0.992
1.012
0.968
0.992
1.02
0.944
0.976
1.008
0.956
1.004
1
0.928
0.948
0.904
0.844
0.836
0.832
0.904
0.936
0.94
0.944
1.02
0.956
0.972
1.012
0.952
0.968
1.032
0.948
0.992
0.992
0.98
1.008
1.016
1
1.012
1.052
1.016
1.032
1.012
0.96
0.984
1.004
0.964
1.016
0.976
1
1.012
0.988
0.988
1.004
0.964
0.996
0.988
0.936
1.004
0.98
0.972
1.036
1.008
1
1.048
0.964
1.012
1.02
0.952
1.004
1.012
0.964
1.016
1.068
1.008
1.028
1.024
0.984
1.032
0.968
1.004
1.028
0.972
1.04
1.028
0.964
1.028
0.988
0.956
0.952
0.984
0.984
1.012
0.988
1
0.976
0.956
0.98
0.972
0.948
0.984
0.968
0.896
0.848
0.852
0.864
0.92
0.952
0.94
1.012
1.024
0.976
0.992
1.044
1.016
1.024
1.052
1.008
0.968
1.008
1.004
0.952
0.992
1.032
0.992
1.056
1.024
0.988
1.016
1.06
0.98
1.02
1.024
0.952
1.012
1.008
0.968
1.004
1.02
0.972
1.02
0.976
0.948
0.98
1.004
0.948
0.976
1.028
0.936
1.032
0.992
0.944
0.984
1.04
0.968
1.024
1.012
1.004
1.028
1.04
1.032
1.004
1.012
1.052
0.964
1
1.036
0.988
1.004
1.032
0.948
1.016
1.012
0.972
1
0.988
0.924
0.972
0.98
0.904
0.952
0.948
0.904
0.832
0.844
0.888
0.92
0.836
0.856
0.9
0.888
0.904
0.92
0.932
0.892
0.884
0.884
0.912
0.908
0.904
0.892
0.92
0.9
0.88
0.896
0.888
0.888
0.872
0.88
0.884
0.868
0.892
0.908
0.896
0.868
0.852
0.852
0.86
0.86
0.844
0.856
0.86
0.868
0.836
0.844
0.836
0.828
0.828
0.796
0.808
0.804
0.82
0.808
0.82
0.82
0.804
0.808
0.804
0.796
0.784
0.792
0.8
0.804
0.804
0.804
0.792
0.764
0.76
0.756
0.752
0.744
0.764
0.792
0.796
0.804
0.796
0.812
0.836
0.836
0.816
0.804
0.812
0.812
0.796
0.784
0.788
0.788
0.792
0.78
0.776
0.796
0.788
0.78
0.796
0.804
0.804
0.78
0.776
0.772
0.772
0.76
0.768
0.784
0.808
0.82
0.808
0.82
0.848
0.84
0.82
0.816
0.812
0.804
0.8
0.776
0.796
0.8
0.8
0.8
0.812
0.808
0.784
0.776
0.776
0.752
0.736
0.736
0.728
0.724
0.72
0.708
0.692
0.704
0.708
0.696
0.7
0.696
0.704
0.696
0.712
0.72
0.728
0.72
0.696
0.704
0.732
0.752
0.748
0.748
0.752
0.764
0.756
0.732
0.732
0.728
0.752
0.728
0.74
0.732
0.72
0.7
0.68
0.676
0.672
0.664
0.672
0.68
0.684
0.68
0.688
0.692
0.716
0.732
0.736
0.752
0.772
0.752
0.76
0.768
0.776
0.74
0.756
0.74
0.748
0.756
0.74
0.736
0.744
0.756
0.716
0.728
0.724
0.748
0.752
0.768
0.78
0.8
0.784
0.776
0.78
0.772
0.76
0.772
0.772
0.768
0.772
0.772
0.78
0.78
0.776
0.788
0.804
0.8
0.788
0.796
0.796
0.776
0.752
0.752
0.748
0.732
0.72
0.728
0.724
0.732
0.716
0.708
0.688
0.688
0.704
0.712
0.72
0.74
0.764
0.772
0.764
0.752
0.756
0.74
0.744
0.736
0.744
0.756
0.768
0.768
0.748
0.76
0.776
0.764
0.752
0.768
0.772
0.772
0.752
0.756
0.744
0.74
0.72
0.728
0.74
0.728
0.748
0.752
0.764
0.776
0.78
0.768
0.776
0.776
0.772
0.744
0.752
0.748
0.748
0.736
0.752
0.752
0.74
0.74
0.744
0.744
0.724
0.72
0.728
0.732
0.76
0.756
0.768
0.78
0.772
0.748
0.756
0.756
0.768
0.76
0.764
0.772
0.792
0.788
0.768
0.792
0.764
0.74
0.748
0.76
0.748
0.768
0.772
0.78
0.788
0.784
0.8
0.832
0.852
0.824
0.856
0.872
0.844
0.848
0.832
0.784
0.824
0.812
0.84
0.82
0.824
0.864
0.872
0.868
0.908
0.872
0.888
0.916
0.892
0.912
0.94
0.924
0.876
0.912
0.924
0.876
0.904
0.936
0.868
0.896
0.936
0.88
0.9
0.904
0.896
0.9
0.916
0.9
0.864
0.888
0.864
0.864
0.916
0.904
0.908
0.952
0.956
0.912
0.98
0.92
0.936
0.956
0.9
0.924
0.948
0.904
0.912
0.86
0.84
0.832
0.88
0.908
0.888
0.944
0.948
0.904
0.94
0.912
0.932
0.944
0.9
0.92
0.94
0.912
0.94
0.96
0.908
0.96
0.976
0.932
0.94
0.908
0.884
0.92
0.852
0.876
0.92
0.9
0.94
0.96
0.932
0.96
0.972
0.932
0.952
0.976
0.924
0.952
1
0.92
0.972
0.992
0.908
0.92
0.948
0.928
0.94
0.964
0.936
0.944
0.98
0.96
0.964
0.992
0.968
0.928
0.928
0.948
0.944
0.984
0.996
0.932
0.992
1.004
0.944
0.964
0.972
0.936
0.968
0.944
0.976
1.004
0.972
0.976
0.996
0.956
0.98
0.96
0.96
1.008
1
0.98
1.024
1
0.944
0.888
0.852
0.884
0.84
0.92
0.96
0.956
0.972
1.008
0.976
1.004
0.976
0.952
0.996
1.008
0.964
0.964
1.008
0.968
1.032
1.028
1
1
1.044
0.988
0.988
1.02
0.976
0.988
0.98
0.996
1.04
1.048
0.964
1
1.004
0.964
0.996
0.992
0.98
1.032
1
1.008
1.004
0.972
0.992
1.004
1.024
1.032
0.984
1.02
1.012
0.968
0.972
0.98
0.956
0.976
0.988
0.94
0.988
0.976
0.924
0.968
0.988
0.956
0.972
0.984
0.952
0.984
1.012
0.968
0.968
1
0.956
0.988
0.976
0.944
0.976
1.02
0.944
0.996
1
0.972
0.976
1.004
0.956
0.984
0.98
0.992
0.964
0.912
0.9
0.884
0.8
0.78
0.752
0.776
0.756
0.736
0.752
0.772
0.76
0.76
0.796
0.812
0.8
0.8
0.824
0.836
0.808
0.784
0.792
0.8
0.804
0.808
0.836
0.868
0.852
0.832
0.852
0.836
0.8
0.76
0.724
0.764
0.804
0.812
0.82
0.808
0.788
0.788
0.792
0.784
0.784
0.796
0.82
0.832
0.824
0.82
0.828
0.804
0.792
0.772
0.776
0.772
0.784
0.788
0.78
0.792
0.8
0.776
0.78
0.768
0.768
0.76
0.74
0.74
0.752
0.756
0.736
0.716
0.72
0.696
0.708
0.728
0.724
0.724
0.728
0.72
0.708
0.684
0.7
0.716
0.728
0.728
0.74
0.756
0.784
0.768
0.772
0.776
0.78
0.768
0.756
0.768
0.764
0.776
0.776
0.756
0.772
0.78
0.8
0.776
0.772
0.776
0.776
0.768
0.756
0.756
0.752
0.752
0.752
0.764
0.776
0.784
0.772
0.776
0.776
0.764
0.744
0.736
0.736
0.74
0.728
0.732
0.76
0.788
0.816
0.812
0.808
0.816
0.804
0.796
0.768
0.768
0.756
0.756
0.74
0.744
0.756
0.772
0.812
0.808
0.792
0.796
0.804
0.812
0.8
0.78
0.788
0.792
0.772
0.756
0.768
0.788
0.8
0.776
0.772
0.76
0.768
0.76
0.756
0.756
0.772
0.792
0.796
0.8
0.82
0.824
0.816
0.8
0.808
0.804
0.788
0.78
0.78
0.768
0.756
0.752
0.768
0.76
0.776
0.772
0.8
0.8
0.816
0.796
0.804
0.812
0.788
0.804
0.764
0.748
0.756
0.776
0.744
0.752
0.824
0.784
0.932
0.956
0.908
1.024
1.02
0.972
1.072
1.032
0.98
1.012
1.028
0.94
1.004
1.004
0.956
0.98
0.992
0.928
0.948
0.952
0.908
0.964
1.016
0.98
0.928
0.968
0.992
0.928
0.976
0.984
0.924
0.964
0.98
0.932
0.992
0.976
0.928
0.996
1.016
0.964
1.012
1.024
0.928
0.996
0.992
0.924
0.976
0.964
0.936
0.996
0.984
0.948
1.004
0.972
0.94
1.012
0.968
1.008
1.016
0.992
1.044
1.04
0.98
1
1.02
0.96
0.988
0.988
0.96
1.028
0.944
0.98
0.984
0.936
0.964
0.964
0.976
0.98
0.924
1.004
0.972
0.968
0.976
0.872
0.824
0.82
0.856
0.884
0.872
0.856
0.904
0.932
0.876
0.94
0.96
0.892
0.932
0.908
0.876
0.892
0.94
0.868
0.908
0.976
0.944
0.932
0.948
0.916
0.964
0.972
0.936
0.956
0.964
0.908
0.936
0.928
0.912
0.96
0.964
0.94
0.88
0.876
0.888
0.908
0.96
0.972
1
1
1.016
0.972
1.036
0.98
0.968
0.984
0.952
0.932
0.996
0.984
0.968
1.004
0.964
1
1.02
0.96
0.992
0.996
0.972
1.012
1.036
0.952
1.016
1.04
0.984
0.996
1.012
0.932
0.976
0.988
0.956
0.98
1.024
0.96
0.976
1.016
0.972
1.024
1.048
0.992
1.016
1.04
0.996
1.092
