0.152
1.344
1.3
1.236
1.212
1.04
1.468
1.34
1.164
1.172
1.104
0.964
1.468
1.264
1.08
1.14
1.156
1.084
1.168
1.208
1.084
1.236
1.196
1.088
1.148
1.124
1.068
1.008
1.12
1.156
1.084
1.164
1.144
1.052
1.068
1.144
1.06
1.22
1.248
1.108
1.236
1.204
1.108
1.204
1.216
1.08
1.148
1.196
1.12
1.092
1.196
1.176
1.076
1.096
1.132
1.028
0.808
0.732
0.788
1.264
1.132
1.168
1.104
1.056
1.128
1.092
0.992
1.084
1.068
0.988
1.112
1.152
1.06
1.168
1.204
1.104
1.124
1.204
1.244
1.164
1.416
1.244
1
1.208
1.32
1.124
1.436
1.34
1.28
1.304
1.324
1.14
1.36
1.176
0.984
0.984
1.132
1.376
1.044
1.412
1.232
0.984
1.048
1.108
1.016
1.148
1.276
0.984
1.008
1.4
1.248
1.064
1.404
1.252
1.072
1.284
1.272
1.284
1.428
1.096
1.1
1.408
1.236
1.136
1.072
1.12
1.016
1.42
1.288
1.08
1.128
1.208
1.012
1.284
1.216
1.02
1.108
1.248
1.124
1.076
1.128
1.084
1.044
1.332
1.248
1.036
1.1
1.184
1
1.008
1.408
1.188
1.236
1.136
1.008
1.04
1.104
1.024
1.248
1.292
1.044
1.18
1.064
0.812
0.78
0.744
0.716
0.732
0.78
1.128
1.168
1.004
0.936
0.976
1.016
0.896
0.96
0.904
0.872
0.912
1.264
1.2
1.048
1.036
1.044
1.024
0.988
1.2
1.168
1.028
1.116
1.288
1.136
1.036
1.004
1.024
0.948
1.488
1.312
1.024
1.2
1.196
1.008
1.124
1.432
1.172
1.004
1.06
1.124
1.016
1.048
1.108
1.152
1
0.912
0.84
0.784
1.556
1.296
1.044
0.912
0.872
0.86
0.776
0.74
0.772
0.964
1.06
1.196
1.004
0.924
1.076
1.108
1.152
1.008
1.072
1.328
1.208
1.052
1.44
1.352
1.2
1.368
1.2
1.016
1.456
1.36
1.164
1.452
1.276
1.028
1.104
1.08
1.02
1.464
1.336
1.064
1.312
1.2
1.012
1.22
1.204
0.992
1.168
1.348
1.132
0.972
1.496
1.32
1.18
1.272
1.208
1.108
1.26
1.22
1.104
1.232
1.372
1.112
1.144
1.384
1.124
1.324
1.384
1.284
1.108
1.344
1.244
0.992
0.92
1.268
0.964
0.924
0.832
0.748
0.736
1.3
0.956
1.004
1.028
0.984
0.932
1.048
1.172
1.088
0.96
1.016
1.06
1.024
0.968
0.972
1.028
1.032
0.968
0.928
0.884
0.816
0.752
0.724
0.772
0.808
0.816
0.824
0.816
0.816
0.828
0.836
0.812
0.752
0.776
0.848
0.952
0.936
0.888
0.844
0.856
0.812
0.84
0.804
0.796
0.812
0.88
0.928
0.832
0.832
0.856
0.912
0.884
0.872
0.836
0.856
0.86
0.888
0.916
0.876
0.852
0.852
0.864
0.868
0.868
0.836
0.828
0.828
0.836
0.836
0.808
0.796
0.804
0.812
0.856
0.82
0.76
0.732
0.748
0.756
0.76
0.756
0.748
0.756
0.768
0.768
0.768
0.752
0.756
0.752
0.796
0.78
0.796
0.816
0.816
0.856
0.776
0.768
0.752
0.748
0.728
0.692
0.7
0.676
0.66
0.644
0.652
0.672
0.736
0.78
0.776
0.788
0.836
0.852
0.92
0.916
0.812
0.752
0.704
0.676
0.66
0.64
0.624
0.612
0.62
0.68
0.836
0.808
0.868
0.88
0.936
0.884
0.852
0.812
0.82
0.892
0.864
0.82
0.8
0.836
0.896
0.956
0.924
0.852
0.796
0.864
0.804
0.824
0.856
0.788
0.728
0.728
0.792
0.864
0.876
0.932
0.884
0.82
0.792
0.864
0.84
0.908
0.892
0.88
0.892
0.872
0.896
0.908
0.892
0.888
0.848
0.876
0.832
0.836
0.88
0.872
0.86
0.832
0.86
0.836
0.836
0.852
0.92
0.92
0.88
0.824
0.828
0.828
0.828
0.82
0.788
0.772
0.784
0.82
0.844
0.888
0.912
0.908
0.892
0.844
0.868
0.872
0.868
0.836
0.784
0.728
0.712
0.772
0.88
0.924
0.876
0.868
0.892
0.828
0.828
0.88
0.864
0.828
0.812
0.836
0.844
0.82
0.868
0.844
0.832
0.808
0.8
0.744
0.736
0.744
0.76
0.78
0.82
0.864
0.884
0.888
0.812
0.804
0.78
0.76
0.744
0.732
0.712
0.704
0.716
0.732
0.768
0.768
0.784
0.784
0.788
0.776
0.732
0.764
0.772
0.772
0.772
0.744
0.732
0.712
0.712
0.7
0.712
0.728
0.728
0.74
0.748
0.96
0.964
0.92
0.98
0.992
0.936
0.952
0.976
0.828
0.756
0.796
1.1
1.148
1.08
0.944
0.852
0.892
0.936
0.944
0.976
1
0.944
0.948
0.808
0.84
1.252
1.14
1.088
1
1
0.908
0.8
0.816
1.388
1.228
1.204
1.004
1.016
1.02
0.94
1.252
1.328
1.312
1.324
1.048
1.184
1.036
1.036
1.112
1.252
1.26
1.368
1.112
1.104
1.116
1.032
1.148
1.088
1.052
1.112
1.156
1.068
1.036
1.256
1.2
1.244
1.296
1.012
0.952
1.268
1.124
0.964
0.992
1.052
1.108
1.416
1.34
1.112
1.12
1.104
1.132
1.032
1.408
1.312
1.048
1.392
1.28
0.992
1.448
1.236
1.08
1.184
1.236
1.108
1.244
1.232
1.144
1.2
1.176
1.12
1.196
1.192
1.068
1.14
1.128
1.044
1.136
1.148
1.052
1.232
1.204
1.1
1.224
1.188
1.076
1.2
1.24
1.076
1.14
1.148
1.024
1.04
0.972
0.74
0.72
1.372
1.172
1.104
1.216
1.2
1.068
1.168
1.16
1.048
1.144
1.204
1.144
1.084
1.132
1.128
1.044
1.22
1.228
1.152
1.236
1.188
1.104
1.208
1.28
1.16
1.22
1.148
1.096
1.252
1.304
1.196
1.344
1.28
1.184
1.368
1.268
1.144
1.2
1.136
1.072
1.144
1.188
1.108
1.168
1.204
1.152
1.124
1.24
1.252
1.128
1.16
1.152
1.048
1.184
1.172
1.06
1.28
1.212
1.116
1.264
1.16
1.08
1.22
1.176
1.132
1.26
1.188
1.188
1.432
1.012
1.1
1.4
1.38
1.38
1.172
0.972
0.924
0.824
0.752
0.808
0.868
0.824
1.452
1.36
1.244
1.272
1.196
0.876
1.04
1
1.312
1.384
1.376
1.272
1.34
1.352
1.28
1.376
1.392
1.292
1.236
1.34
1.308
1.432
1.372
1.076
1.012
1.448
1.332
1.068
1.208
1.148
1.068
1.296
1.216
1.056
1.144
1.128
1.032
1.16
1.156
1.056
1.164
1.004
0.948
0.988
1.224
1.3
1.156
1.14
1.048
1.148
1.208
1.236
1.16
1.324
1.356
1.336
1.336
1.284
1.192
1.352
1.272
1.192
1.204
1.26
1.176
1.256
1.412
1.216
1.156
1.38
1.336
1.148
1.364
1.308
1.096
1.368
1.248
1.144
1.216
1.284
1.296
1.156
1.172
1.152
1.072
1.204
1.208
1.124
1.28
1.364
1.184
1.412
1.348
1.18
1.236
1.248
1.124
1.072
1.148
0.972
0.784
0.776
1.084
1.064
0.916
0.86
0.9
0.952
0.932
0.824
0.82
0.824
0.8
0.744
0.72
0.696
0.676
0.672
0.68
0.732
0.716
0.684
0.688
0.7
0.728
0.732
0.724
0.74
0.756
0.768
0.812
0.8
0.764
0.756
0.784
0.8
0.844
0.792
0.764
0.78
0.78
0.74
0.724
0.728
0.724
0.692
0.668
0.656
0.664
0.684
1
0.948
0.916
0.876
0.836
0.784
0.728
0.708
0.7
0.72
0.776
0.86
0.924
0.928
0.88
0.888
0.952
0.996
0.948
0.816
0.72
0.696
0.704
0.7
0.704
0.704
0.708
0.732
0.792
0.76
0.724
0.716
0.744
0.864
0.928
0.94
0.928
0.912
0.868
0.864
0.796
0.772
0.724
0.684
0.68
0.664
0.676
0.68
0.824
1.112
1.036
1.024
1.1
1.088
1.076
1.072
1.056
1.012
0.976
0.884
0.8
0.844
0.892
0.984
1
0.944
0.908
0.88
0.9
0.884
0.904
0.9
0.896
0.804
0.8
0.872
0.924
0.94
0.896
0.86
0.848
0.836
0.856
0.844
0.876
0.904
0.908
0.9
0.88
0.864
0.856
0.768
0.724
0.74
0.8
0.78
0.796
0.82
0.852
0.864
0.876
0.856
0.816
0.828
0.848
0.884
0.988
0.924
0.944
1
0.968
0.94
0.916
0.82
0.796
0.76
0.748
0.724
0.744
0.768
0.832
0.956
0.984
0.896
0.892
0.972
0.96
0.952
0.876
0.82
0.808
0.784
0.772
0.772
0.744
0.74
0.764
0.852
0.964
0.968
0.948
0.92
0.96
0.904
0.844
0.828
0.788
0.808
0.76
0.712
0.704
0.74
0.792
0.776
0.816
0.816
0.832
0.868
0.912
0.976
0.964
0.908
0.896
0.94
0.928
0.848
0.82
0.872
1.008
1.004
0.976
0.864
0.872
0.828
0.744
0.728
0.816
1.268
1.12
1.04
0.944
0.96
0.924
0.836
0.84
0.896
0.9
0.848
0.972
1.156
0.976
0.984
1.084
1.128
1.028
1.404
1.208
1.052
1.092
1.352
1.236
1.336
1.304
1.16
1.396
1.368
1.14
1.4
1.164
0.976
1.008
0.932
0.828
0.78
1.416
1.428
1.348
1.212
0.988
1.072
1.12
1.024
0.98
1.464
1.3
1.1
1.388
1.216
1.292
1.292
1.236
1.128
1.356
1.26
1.076
1.42
1.168
1.104
1.46
1.34
1.092
1.424
1.176
1
1.396
1.256
1.136
1.168
1.176
1.028
1.28
1.236
1.06
1.28
1.172
1.136
1.156
1.248
1.052
1.032
1.252
1.104
1.18
1.22
1.176
1.18
1.272
1.2
1.128
1.316
1.308
1.204
1.308
1.276
1.192
1.336
1.32
1.092
1.36
1.268
1.128
1.332
1.216
1.112
1.312
1.256
1.088
1.4
1.092
0.94
1.404
1.144
1.096
1.344
1.368
1.328
1.396
1.276
1.304
1.328
1.204
1.416
1.268
1.24
1.4
1.268
1.188
1.452
1.328
1.296
1.32
1.196
1.172
1.216
1.136
1.088
1.204
1.296
1.196
1.304
1.34
1.256
1.192
1.244
1.204
1.16
1.216
1.252
1.208
1.1
1.18
1.276
1.228
1.088
1.236
1.264
1.124
1.276
1.332
1.156
1.236
1.256
1.128
1.464
1.3
1.308
1.34
1.252
1.216
1.32
1.088
1.064
1.148
1.112
1.08
1.26
1.216
1.152
1.248
1.252
1.124
1.208
1.328
1.316
1.34
1.416
1.384
1.312
1.42
1.364
1.216
1.304
1.28
1.108
1.216
1.444
1.248
1.096
1.26
1.148
1.02
1.148
1.176
1.064
1.212
1.204
1.1
1.196
1.156
1.032
1.112
1.12
1.036
1.148
1.172
1.068
1.148
1.128
1.112
1.228
1.204
1.108
1.236
1.308
1.136
1.184
1.212
1.128
1.036
1.184
1.268
1.26
1.164
1.248
1.32
1.204
1.208
1.256
1.196
1.08
1.168
0.924
0.848
0.816
0.74
0.72
0.752
1.264
0.968
0.792
0.776
0.804
0.876
0.92
0.924
0.936
0.896
0.916
0.9
0.924
0.94
0.988
1.064
1.028
1.016
0.96
0.98
0.944
0.956
0.912
0.876
0.824
0.76
0.792
0.872
0.868
0.876
0.852
0.812
0.804
0.816
0.872
0.836
0.812
0.784
0.824
0.86
0.872
0.884
0.86
0.808
0.784
0.776
0.76
0.732
0.724
0.716
0.748
0.792
0.852
0.864
0.848
0.86
0.888
0.912
0.86
0.84
0.82
0.84
0.852
0.86
0.824
0.804
0.792
0.844
0.872
0.852
0.848
0.872
0.888
0.868
0.816
0.776
0.756
0.776
0.772
0.752
0.736
0.732
0.744
0.744
0.764
0.764
0.804
0.832
0.836
0.816
0.808
0.8
0.772
0.736
0.736
0.764
0.768
0.74
0.744
0.764
0.788
0.78
0.756
0.752
0.796
0.82
0.792
0.776
0.78
0.792
0.784
0.776
0.756
0.748
0.76
0.78
0.764
0.748
0.724
0.716
0.716
0.696
0.74
0.796
0.84
0.84
0.804
0.812
0.82
0.804
0.748
0.736
0.72
0.712
0.688
0.692
0.7
0.728
0.752
0.768
0.78
0.824
0.848
0.876
0.864
0.864
0.8
0.784
0.728
0.696
0.692
0.668
0.652
0.644
0.644
0.644
0.648
0.68
0.728
0.768
0.824
0.828
0.864
0.892
0.912
0.884
0.84
0.8
0.824
0.828
0.828
0.852
0.872
0.836
0.824
0.812
0.78
0.808
0.832
0.94
0.98
0.916
0.852
0.804
0.788
0.776
0.736
0.696
0.684
0.688
0.716
0.756
0.8
0.88
0.884
0.84
0.808
0.828
0.908
0.932
0.92
0.804
0.756
0.732
0.792
0.816
0.804
0.808
0.804
0.78
0.776
0.808
0.868
0.912
0.904
0.912
0.876
0.876
0.88
0.888
0.864
0.828
0.788
0.784
0.78
0.784
0.816
0.82
0.784
0.772
0.78
0.804
0.784
0.784
0.744
0.752
0.74
0.74
0.732
0.764
0.756
0.748
0.764
0.776
0.792
0.824
0.796
0.836
0.824
0.832
0.792
0.748
0.748
0.772
0.812
0.772
0.724
0.696
0.74
1.02
0.908
0.904
0.848
0.8
0.804
0.824
0.86
0.848
0.84
0.864
0.892
0.964
1
0.98
1
1.02
1.08
0.984
0.952
1.004
0.996
1.004
1.04
1.016
0.924
0.976
1.02
1.028
0.952
0.976
1.056
1.132
1.04
1.1
1.136
1.064
0.968
1.04
1.032
0.936
1.06
1.256
1.12
1.228
1.204
1.044
1.044
0.992
1.004
1.448
1.256
0.984
0.808
0.736
0.74
0.796
0.904
1.424
1.28
1.036
0.988
0.884
0.864
1.4
1.232
0.956
1.028
1.312
1.188
1.296
1.136
0.992
1.136
1.288
1.224
1.048
1.372
1.296
1.024
1.076
1.424
1.264
1.156
1.308
1.2
1.124
1.308
1.188
1.052
1.132
1.212
1.076
1.032
1.46
1.308
1.172
1.312
1.18
1.012
1.436
1.212
1.124
1.428
1.16
1.188
1.416
1.208
1.332
1.272
1.112
1.216
1.192
1.06
1.144
1.16
1.188
1.124
1.432
1.384
1.26
1.4
1.228
1
1.472
1.304
1.1
1.436
1.372
1.304
1.416
1.256
1.164
1.344
1.188
1.072
1.092
1.128
1.108
1.232
1.296
1.212
1.144
1.232
1.24
1.212
1.084
1.184
1.208
1.12
1.316
1.232
1.128
1.32
1.188
1.124
1.256
1.24
1.148
1.308
1.372
1.2
1.396
1.356
1.184
1.36
1.296
1.184
1.312
1.352
1.2
1.22
1.436
1.272
1.204
1.256
1.204
1.072
1.152
1.196
1.14
1.048
1.152
1.188
1.064
1.276
1.168
1.096
1.312
1.26
1.148
1.06
0.88
0.872
1.344
0.968
0.804
0.752
1.264
0.904
1.348
1.168
1.056
1.276
1.292
1.16
1.292
1.32
1.212
1.14
1.24
1.3
1.24
1.164
1.384
1.288
1.22
1.452
1.38
1.12
1.416
1.332
1.348
1.4
1.384
1.148
1.456
1.412
1.288
1.256
1.34
1.18
1.08
1.176
1.188
1.128
1.064
1.16
1.216
1.136
1.088
1.22
1.212
1.056
1.116
1.128
1.084
1.052
1.224
1.068
1.004
1.136
1.096
1.032
1.156
1.096
1.044
1.168
1.156
1.084
1.152
1.244
1.212
1.144
1.22
1.052
1.012
1.196
1.104
1.168
1.076
1.092
1.156
0.88
0.792
1.372
1.08
1.148
1.088
1.096
1.1
1.172
1.156
1.052
1.124
1.172
1.156
1.096
1.14
1.136
1.168
1.04
0.904
0.776
0.796
0.92
0.912
0.924
1.312
0.844
0.92
1.436
1.292
1.284
1.296
1.4
1.252
1.2
1.284
0.92
0.912
0.792
1.472
1.428
1.348
1.204
1.024
0.892
1.448
1.248
0.932
0.848
0.792
0.784
0.852
0.844
0.792
0.74
0.728
0.724
0.744
0.804
1.26
0.988
0.928
0.856
0.96
0.94
0.88
1.424
1.332
0.924
0.812
0.792
0.904
0.936
0.924
1.296
1.22
0.852
0.776
0.992
0.832
0.852
0.944
0.888
0.896
0.912
1.072
1.4
1.464
1.344
1.024
1.364
1.096
1.496
1.464
1.188
1.376
1.436
0.9
1.5
0.888
1.372
0.844
1.48
1.176
1.532
1.396
1.452
1.428
1.116
1.464
1.428
0.904
1.048
1.496
1.048
0.96
1.556
1.46
1.056
1.492
1.34
1.196
1.204
1.172
1.084
1.156
1.088
1.024
1.1
1.088
1.016
1.076
1.092
1.048
1.212
1.172
1.048
1.06
1.092
1.012
1.136
1.12
1.028
0.988
0.792
0.74
0.7
0.728
0.716
0.7
0.688
0.68
0.692
0.72
0.744
0.728
0.72
0.704
0.688
0.676
0.668
0.664
0.652
0.648
0.668
0.696
0.768
0.88
0.98
0.992
1.08
1.012
1
1.004
1.02
0.992
0.912
0.992
0.98
0.944
0.824
0.776
0.804
0.848
0.904
0.848
0.88
0.88
0.916
0.884
0.844
0.828
0.82
0.768
0.772
0.768
0.744
0.708
0.688
0.772
0.788
0.776
0.764
0.724
0.712
0.688
0.672
0.648
0.648
0.712
1.124
0.984
0.992
0.956
1.02
1.132
1.112
0.92
0.852
0.848
0.848
0.84
0.956
0.892
0.884
0.888
1
0.984
0.976
1.188
1.192
1.028
0.884
0.888
0.876
0.892
0.86
0.9
0.904
0.852
0.824
0.824
0.82
0.812
0.764
0.736
0.772
0.876
1.012
0.896
0.876
0.812
0.828
0.824
0.832
0.78
0.764
0.788
0.776
0.736
0.768
0.828
0.908
0.96
0.904
0.836
0.784
0.736
0.728
0.764
0.78
0.832
0.868
0.912
0.896
0.852
0.864
0.868
0.884
0.908
0.944
0.944
0.904
0.816
0.764
0.772
0.816
0.84
0.792
0.768
0.732
0.736
0.744
0.74
0.764
0.74
0.76
0.744
0.76
0.744
0.772
0.788
0.868
0.9
0.892
0.82
0.816
0.8
0.816
0.832
0.832
0.832
0.828
0.816
0.828
0.868
1
0.964
0.92
0.94
0.896
0.832
0.804
0.78
0.76
0.756
0.772
0.796
0.8
0.768
0.776
0.784
0.752
0.716
0.708
0.692
0.696
0.7
0.716
0.7
0.696
0.74
0.72
0.708
0.684
0.684
0.696
0.72
0.708
0.704
0.708
0.736
0.724
0.724
0.76
0.744
0.72
0.708
0.72
1.3
1.02
1.052
1.148
0.896
1.428
1.24
1.384
1.196
0.996
0.904
1.02
1.484
1.444
1.472
1.104
1.04
0.972
1.172
0.964
1.476
1.352
0.908
0.772
1.408
1.04
1.108
1.12
1.052
1.196
1.196
1.044
1.088
1.04
1.012
0.944
1.164
1.148
1.024
1.212
1.208
1.072
1.152
1.092
0.988
1.024
1.032
1
0.932
0.8
1.512
1.144
1.32
1.232
1.252
1.284
1.212
1.16
0.796
0.748
0.732
0.848
1.476
1.432
1.38
1.364
1.328
1.048
1.048
0.988
1.46
1.216
1.192
1.156
1.212
1.32
1.176
1.252
1.212
1.052
1.128
1.072
1.088
1.12
0.916
1.156
1.108
1.092
1.208
1.208
1.104
1.16
1.124
1.012
1.144
1.184
1.132
1.18
1.264
1.152
1.024
1.168
1.172
1.132
1.06
1.176
1.144
1.156
1.084
1.18
1.22
1.14
1.08
1.168
1.136
1.06
1.184
1.26
1.14
1.224
1.196
1.08
1.208
1.128
1.048
1.232
1.148
1.06
1.216
1.272
1.1
1.172
1.108
1.032
1.104
1.104
0.996
1.128
1.064
0.992
1.092
1.088
1.004
1.104
1.092
0.992
1.084
1.092
1.084
1.036
1.156
1.164
1.068
1.136
1.148
1.028
1.044
1.044
0.944
0.82
1.472
1.148
1.34
1.264
1.132
1.172
1.24
1.208
1.08
1.188
1.172
1.02
1.18
1.192
1.068
1.168
1.18
1.056
1.208
1.188
1.056
1.112
1.084
1.016
1.176
1.164
1.04
1.176
1.18
1.1
1.232
1.204
1.152
1.18
1.284
1.268
1.188
1.248
1.224
1.144
1.532
1.396
1.42
1.428
1.316
1.396
1.456
1.284
1.448
1.392
1.044
1.464
1.388
1.148
1.332
1.54
1.512
1.444
1.3
1.056
1.476
1.336
1.084
1.46
1.22
1.096
1.212
1.272
1.18
1.032
0.92
1.508
1.416
1.224
0.912
0.792
0.86
1.256
0.832
0.76
0.736
0.76
0.72
0.696
0.696
0.72
0.752
0.744
0.728
0.696
0.68
0.664
0.656
0.64
0.628
0.628
0.624
0.632
0.896
1.024
0.98
1.012
1.016
1.204
1.268
1.184
1.104
1.008
0.988
1.056
1.036
0.968
0.892
0.836
0.848
0.76
0.732
0.708
0.736
0.88
0.84
0.892
0.884
0.856
0.816
0.824
0.868
0.88
0.872
0.84
0.872
0.904
0.916
0.904
0.84
0.896
0.924
0.864
0.816
0.872
0.856
0.892
0.864
0.84
0.892
0.96
1.032
0.916
0.968
1
0.988
0.96
0.928
0.908
0.916
0.968
0.892
0.924
0.928
0.908
0.904
0.888
0.884
0.892
0.868
0.836
0.86
0.884
0.848
0.812
0.728
0.712
0.7
0.84
0.856
0.852
0.828
0.8
0.752
0.724
0.704
0.748
0.776
0.756
0.772
0.828
0.824
0.86
0.872
0.908
0.888
0.872
0.824
0.82
0.82
0.808
0.796
0.788
0.772
0.82
0.804
0.816
0.74
0.724
0.752
0.788
0.78
0.768
0.832
0.896
0.924
0.86
0.788
0.728
0.716
0.704
0.732
0.748
0.724
0.836
0.868
0.828
0.776
0.724
0.728
0.736
0.76
0.828
0.816
0.76
0.72
0.724
0.776
0.86
0.848
0.832
0.82
0.8
0.84
0.948
0.944
0.964
0.908
0.808
0.764
0.716
0.696
0.668
0.748
1.252
1.128
1.128
1.124
1.1
1.02
0.928
0.928
0.868
0.856
0.808
0.812
0.828
0.812
0.824
0.792
0.748
0.712
0.72
0.836
0.836
0.8
0.82
0.84
0.8
0.748
0.76
0.676
0.664
0.648
0.644
0.664
0.708
0.736
0.736
0.772
0.752
0.748
0.716
0.748
0.692
0.676
0.688
0.756
0.776
0.764
0.74
0.748
0.768
0.836
0.856
0.972
1.008
0.852
0.848
0.94
0.872
0.932
0.84
0.776
0.736
0.712
0.7
0.82
1.352
1.26
1.172
1.108
1.116
1.064
0.976
0.792
0.736
0.744
1.376
1.024
0.884
1.024
1.416
1.236
1.068
1.116
1.168
1.052
1.204
1.32
1.108
1.192
1.184
1.036
1.092
0.996
1.048
1.12
1.044
1.044
1.264
1.104
1.156
1.16
1.028
1.132
1.096
0.996
1.152
1.108
1.012
1.14
1.116
1.016
1.16
1.128
1
1.116
1.068
1.024
1.148
1.088
1.024
1.192
1.124
1.124
1.132
1.056
1.028
1.108
1.056
1.024
1.148
1.136
1.036
1.16
1.136
1.028
1.14
1.148
1.04
1.1
1.136
1.02
1.084
1.084
1
1.092
1.132
1.06
1.06
1.14
1.14
1.004
1.088
1.064
0.98
1.096
1.116
1.028
1.096
1.132
1.088
1.064
1.14
1.128
1.064
1.16
1.136
1.024
1.076
1.124
1.056
1.096
1.092
0.968
1.088
1.136
1.036
1.164
1.268
1.148
1.508
1.352
1.364
1.256
1.116
1.132
1.204
1.192
1.096
1.164
1.128
1.052
1.184
1.152
1.056
1.124
1.172
1.036
1.112
1.18
1.052
1.164
1.184
1.084
1.08
1.16
1.072
1.02
1.152
1.148
1.048
1.136
1.072
1.016
1.096
1.048
0.98
1.064
1.056
0.98
1.108
1.092
1.004
1.088
1.096
1.016
1.144
1.088
1.004
1.064
1.06
0.972
1.06
0.948
0.844
0.78
1.092
0.94
1.02
1.048
0.992
1.132
1.128
1.036
1.116
1.096
1
1.128
1.124
1.016
1.084
1.084
1.012
1.1
1.136
1.076
1.16
1.196
1.048
1.148
1.04
1.024
1.152
1.204
1.084
1.2
1.204
1.032
1.12
1.1
1.028
1.164
1.24
1.128
1.184
1.24
1.148
1.104
1.176
1.124
0.984
1.14
1.164
1.084
1.212
1.148
1.128
1.268
1.152
1.076
1.048
1.028
0.964
1.1
1.14
1.048
1.196
1.164
1.032
1.136
1.072
0.864
0.788
0.924
0.928
0.912
0.872
0.852
0.944
1.016
0.956
1.036
1.292
1.072
0.976
0.872
0.872
0.936
0.848
0.884
1
1.024
0.996
1.004
1.012
1.044
0.98
0.94
0.9
0.924
0.88
0.868
0.904
0.968
0.96
0.876
0.912
0.908
0.928
0.868
0.844
0.864
0.968
0.936
0.876
0.86
0.908
0.888
0.844
0.844
0.888
0.848
0.824
0.828
0.868
0.916
0.88
0.86
0.908
0.904
0.876
0.76
0.752
0.74
0.788
0.768
0.708
0.704
0.728
0.732
0.736
0.764
0.808
0.844
0.772
0.764
0.764
0.836
0.84
0.832
0.804
0.844
0.956
1.06
1.032
0.976
1.02
1.076
1.064
1.024
0.988
0.98
0.972
0.964
0.928
0.872
0.872
0.896
0.908
0.872
0.832
0.852
0.852
0.836
0.788
0.744
0.728
0.712
0.712
0.692
0.668
0.656
0.648
0.668
0.736
0.852
0.892
0.884
1.076
1.016
0.888
0.844
0.816
0.788
0.796
0.744
0.748
0.764
0.836
0.836
0.9
0.976
1.048
1.072
1.004
0.988
1.036
0.98
0.892
0.892
0.892
0.976
0.892
0.868
0.884
0.908
0.94
0.92
0.988
1.044
1.028
0.876
0.784
0.764
0.768
0.796
0.884
0.828
0.848
0.916
0.944
0.952
0.856
0.88
0.92
0.952
0.948
0.98
1.028
1.068
1.024
0.924
0.896
0.924
0.96
0.928
0.944
0.852
0.856
0.872
0.9
0.892
0.828
0.864
0.86
0.872
0.82
0.812
0.824
0.828
0.884
0.852
0.848
0.848
0.856
0.82
0.796
0.804
0.848
0.88
0.808
0.82
0.908
0.896
0.912
0.78
0.72
0.716
0.748
0.98
0.844
0.86
0.764
0.756
0.904
0.98
0.956
1.02
0.96
0.876
0.88
0.904
0.828
0.768
0.828
0.864
0.92
0.852
0.9
0.936
1
0.924
0.98
1.008
0.888
0.956
1.08
0.956
1.052
1.084
0.944
1.064
1.028
0.94
1.424
1.104
1.072
1.016
0.94
1.108
1.328
1.316
1.364
1.12
1.368
1.184
1.208
1.264
1.128
1.464
1.076
1.128
1.5
1.388
1.328
1.316
1.328
1.308
1.196
1.188
1.224
1.14
1.172
1.26
1.164
1.072
1.16
1.144
1.064
1.248
1.196
1.144
1.08
1.144
1.104
0.924
0.776
0.716
0.744
1.328
1.048
1.296
1.144
1.056
1.148
1.176
1.032
1.128
1.152
1.068
1.18
1.168
1.052
1.168
1.204
1.12
1.272
1.276
1.2
1.28
1.192
1.136
1.24
1.272
1.192
1.336
1.292
1.116
1.1
1.136
1.012
1.472
1.308
1.152
1.244
1.128
1.04
1.204
1.208
