0.292
0.768
0.8
0.784
0.812
0.808
0.816
0.796
0.804
0.792
0.804
0.8
0.808
0.792
0.792
0.776
0.78
0.768
0.776
0.756
0.776
0.752
0.776
0.748
0.732
0.728
0.712
0.752
0.776
0.796
0.828
0.804
0.824
0.772
0.768
0.752
0.752
0.76
0.748
0.788
0.768
0.808
0.772
0.792
0.768
0.772
0.748
0.752
0.748
0.752
0.768
0.768
0.776
0.76
0.772
0.74
0.756
0.728
0.768
0.756
0.776
0.788
0.768
0.78
0.74
0.764
0.736
0.76
0.764
0.748
0.76
0.744
0.78
0.756
0.772
0.74
0.752
0.728
0.744
0.752
0.748
0.772
0.756
0.776
0.748
0.768
0.748
0.756
0.748
0.744
0.76
0.752
0.776
0.744
0.756
0.744
0.756
0.764
0.748
0.772
0.768
0.78
0.784
0.772
0.788
0.788
0.776
0.772
0.76
0.788
0.78
0.792
0.78
0.796
0.784
0.764
0.78
0.764
0.78
0.772
0.764
0.736
0.704
0.688
0.672
0.68
0.688
0.72
0.756
0.764
0.808
0.784
0.792
0.812
0.804
0.82
0.812
0.812
0.812
0.808
0.82
0.808
0.8
0.784
0.792
0.788
0.788
0.804
0.836
0.82
0.86
0.86
0.836
0.836
0.804
0.768
0.756
0.748
0.784
0.824
0.852
0.904
0.876
0.88
0.852
0.856
0.824
0.816
0.836
0.804
0.84
0.856
0.812
0.828
0.828
0.82
0.816
0.784
0.816
0.816
0.804
0.86
0.844
0.832
0.856
0.832
0.836
0.792
0.824
0.82
0.8
0.796
0.78
0.8
0.772
0.808
0.78
0.796
0.812
0.784
0.82
0.784
0.796
0.8
0.776
0.804
0.792
0.796
0.8
0.76
0.776
0.768
0.74
0.756
0.768
0.776
0.844
0.8
0.84
0.82
0.772
0.784
0.748
0.748
0.76
0.74
0.828
0.808
0.82
0.844
0.824
0.84
0.8
0.804
0.804
0.792
0.772
0.752
0.76
0.748
0.752
0.776
0.756
0.796
0.768
0.768
0.788
0.772
0.8
0.776
0.804
0.812
0.792
0.812
0.812
0.788
0.808
0.776
0.8
0.784
0.808
0.796
0.796
0.772
0.76
0.748
0.748
0.772
0.78
0.788
0.828
0.792
0.808
0.788
0.8
0.82
0.796
0.796
0.796
0.792
0.836
0.824
0.852
0.852
0.804
0.832
0.796
0.776
0.804
0.796
0.836
0.876
0.836
0.856
0.88
0.808
0.824
0.828
0.84
0.864
0.836
0.872
0.884
0.864
0.852
0.844
0.856
0.82
0.848
0.84
0.816
0.868
0.848
0.856
0.82
0.832
0.848
0.808
0.828
0.804
0.792
0.824
0.788
0.816
0.816
0.82
0.844
0.84
0.828
0.804
0.808
0.824
0.804
0.848
0.832
0.824
0.816
0.796
0.82
0.82
0.816
0.836
0.82
0.832
0.796
0.816
0.788
0.776
0.792
0.76
0.824
0.796
0.792
0.82
0.812
0.788
0.824
0.808
0.816
0.808
0.788
0.796
0.8
0.784
0.86
0.828
0.832
0.832
0.836
0.876
0.808
0.824
0.832
0.808
0.816
0.78
0.824
0.808
0.792
0.808
0.764
0.804
0.792
0.76
0.772
0.724
0.728
0.748
0.728
0.776
0.788
0.76
0.8
0.764
0.764
0.748
0.716
0.74
0.744
0.748
0.804
0.812
0.788
0.824
0.804
0.784
0.796
0.748
0.752
0.772
0.76
0.76
0.78
0.76
0.764
0.78
0.772
0.784
0.804
0.784
0.808
0.772
0.776
0.776
0.744
0.768
0.788
0.744
0.796
0.804
0.812
0.848
0.808
0.84
0.812
0.76
0.78
0.76
0.776
0.816
0.812
0.8
0.82
0.808
0.776
0.788
0.788
0.764
0.82
0.788
0.776
0.788
0.76
0.76
0.784
0.752
0.796
0.828
0.8
0.828
0.824
0.816
0.804
0.764
0.788
0.752
0.808
0.784
0.804
0.872
0.84
0.864
0.832
0.792
0.816
0.78
0.784
0.804
0.764
0.788
0.788
0.756
0.8
0.844
0.792
0.82
0.784
0.776
0.712
0.516
0.56
0.556
0.56
0.548
0.6
0.656
0.668
0.604
0.6
0.632
0.66
0.592
0.608
0.596
0.556
0.56
0.564
0.548
0.572
0.576
0.624
0.612
0.584
0.588
0.608
0.628
0.644
0.616
0.6
0.612
0.628
0.624
0.612
0.616
0.636
0.656
0.652
0.632
0.628
0.64
0.64
0.624
0.628
0.628
0.648
0.656
0.656
0.68
0.676
0.684
0.66
0.696
0.692
0.68
0.66
0.656
0.66
0.664
0.656
0.648
0.648
0.664
0.672
0.664
0.652
0.66
0.664
0.652
0.64
0.656
0.66
0.66
0.656
0.672
0.68
0.684
0.688
0.7
0.696
0.68
0.676
0.68
0.68
0.668
0.668
0.68
0.708
0.704
0.712
0.728
0.732
0.708
0.708
0.704
0.712
0.704
0.688
0.704
0.708
0.7
0.68
0.668
0.664
0.668
0.656
0.66
1.152
0.744
0.744
0.736
0.716
0.728
0.732
0.736
0.704
0.712
0.716
0.72
0.712
0.732
0.74
0.764
0.752
0.76
0.736
0.732
0.7
0.696
0.692
0.712
0.74
0.736
0.732
0.716
0.712
0.716
0.708
0.692
0.696
0.7
0.708
0.692
0.692
0.716
0.724
0.696
0.696
0.704
0.696
0.696
0.7
0.692
0.684
0.672
0.672
0.692
0.688
0.688
0.696
0.712
0.684
0.676
0.672
0.668
0.668
0.676
0.696
0.708
0.696
0.724
0.744
0.748
0.716
0.728
0.728
0.728
0.7
0.708
0.716
0.736
0.716
0.724
0.728
0.748
0.724
0.752
0.736
0.708
0.696
0.7
0.712
0.688
0.688
0.7
0.716
0.724
0.7
0.696
0.68
0.676
0.676
0.692
0.7
0.7
0.712
0.696
0.664
0.656
0.652
0.656
0.64
0.656
0.664
0.656
0.644
0.648
0.644
0.64
0.636
0.652
0.664
0.684
0.692
0.7
0.712
0.7
0.708
0.712
0.696
0.692
0.704
0.708
0.68
0.688
0.696
0.696
0.724
0.764
0.732
0.748
0.76
0.752
0.716
0.704
0.692
0.68
0.668
0.688
0.716
0.736
0.74
0.78
0.772
0.744
0.712
0.704
0.704
0.696
0.696
0.696
0.688
0.68
0.692
0.704
0.7
0.7
0.708
0.716
0.7
0.7
0.696
0.688
0.688
0.712
0.708
0.704
0.692
0.7
0.704
0.696
0.684
0.684
0.688
0.676
0.684
0.704
0.712
0.696
0.684
0.688
0.668
0.664
0.612
0.592
0.58
0.584
0.588
0.608
0.612
0.636
0.856
0.724
0.696
0.692
0.688
0.712
0.712
0.724
0.736
0.74
0.756
0.756
0.76
0.764
0.752
0.764
0.76
0.728
0.732
0.74
0.728
0.748
0.776
0.76
0.768
0.744
0.732
0.748
0.768
0.756
0.768
0.74
0.728
0.736
0.72
0.752
0.752
0.74
0.752
0.732
0.752
0.736
0.772
0.764
0.792
0.756
0.792
0.764
0.796
0.792
0.824
0.808
0.8
0.824
0.804
0.824
0.78
0.8
0.784
0.808
0.8
0.84
0.804
0.856
0.788
0.808
0.804
0.824
0.84
0.848
0.852
0.816
0.848
0.804
0.804
0.792
0.8
0.848
0.816
0.88
0.852
0.892
0.824
0.812
0.792
0.82
0.828
0.904
0.876
0.904
0.88
0.888
0.844
0.852
0.808
0.832
0.804
0.856
0.856
0.828
0.852
0.84
0.824
0.824
0.82
0.84
0.792
0.816
0.8
0.816
0.84
0.796
0.832
0.824
0.784
0.832
0.796
0.86
0.824
0.86
0.844
0.844
0.856
0.828
0.852
0.816
0.828
0.804
0.82
0.84
0.8
0.788
0.816
0.804
0.82
0.796
0.772
0.816
0.792
0.78
0.82
0.816
0.812
0.84
0.808
0.852
0.824
0.848
0.832
0.836
0.808
0.84
0.8
0.808
0.836
0.808
0.792
0.82
0.804
0.784
0.804
0.792
0.808
0.812
0.784
0.804
0.76
0.788
0.796
0.82
0.92
0.868
0.92
0.84
0.848
0.828
0.832
0.836
0.804
0.856
0.808
0.86
0.824
0.888
0.844
0.832
0.824
0.808
0.836
0.796
0.828
0.808
0.856
0.836
0.812
0.852
0.82
0.868
0.816
0.856
0.82
0.764
0.772
0.732
0.8
0.804
0.832
0.852
0.788
0.852
0.812
0.808
0.788
0.76
0.796
0.76
0.796
0.74
0.792
0.792
0.776
0.804
0.752
0.808
0.772
0.776
0.8
0.764
0.852
0.832
0.828
0.84
0.756
0.752
0.756
0.756
0.852
0.812
0.892
0.888
0.896
0.868
0.844
0.848
0.796
0.816
0.8
0.784
0.808
0.792
0.856
0.86
0.816
0.844
0.836
0.812
0.84
0.78
0.796
0.788
0.82
0.88
0.868
0.904
0.9
0.892
0.904
0.84
0.876
0.832
0.844
0.816
0.82
0.82
0.82
0.876
0.84
0.86
0.848
0.848
0.86
0.824
0.844
0.844
0.828
0.844
0.788
0.796
0.776
0.764
0.796
0.792
0.832
0.836
0.804
0.792
0.752
0.784
0.74
0.784
0.78
0.776
0.88
0.86
0.868
0.896
0.808
0.844
0.82
0.784
0.816
0.768
0.816
0.804
0.792
0.844
0.8
0.824
0.8
0.796
0.824
0.796
0.844
0.86
0.82
0.856
0.816
0.86
0.852
0.804
0.848
0.832
0.84
0.828
0.792
0.84
0.8
0.848
0.832
0.768
0.796
0.772
0.804
0.788
0.776
0.836
0.812
0.84
0.856
0.804
0.82
0.784
0.812
0.8
0.764
0.796
0.744
0.796
0.816
0.768
0.812
0.768
0.76
0.768
0.756
0.752
0.8
0.756
0.828
0.804
0.78
0.8
0.756
0.76
0.752
0.712
0.728
0.764
0.76
0.84
0.848
0.832
0.864
0.816
0.82
0.824
0.792
0.816
0.792
0.804
0.828
0.756
0.8
0.836
0.82
0.88
0.868
0.856
0.892
0.86
0.828
0.848
0.864
0.84
0.872
0.84
0.86
0.832
0.828
0.832
0.8
0.804
0.86
0.84
0.892
0.896
0.868
0.864
0.812
0.836
0.816
0.836
0.856
0.716
0.796
0.764
0.78
0.876
0.908
0.84
0.872
0.9
0.84
0.868
0.844
0.8
0.844
0.844
0.776
0.816
0.808
0.756
0.78
0.752
0.732
0.768
0.788
0.74
0.756
0.736
0.708
0.712
0.72
0.704
0.692
0.708
0.728
0.704
0.7
0.708
0.704
0.688
0.684
0.688
0.684
0.668
0.672
0.68
0.672
0.664
0.676
0.684
0.688
0.68
0.688
0.704
0.704
0.696
0.712
0.716
0.704
0.688
0.692
0.696
0.692
0.672
0.672
0.68
0.696
0.692
0.696
0.704
0.692
0.68
0.676
0.68
0.676
0.672
0.684
0.696
0.68
0.652
0.664
0.68
0.716
0.696
0.7
0.704
0.712
0.7
0.704
0.708
0.716
0.704
0.716
0.732
0.748
0.736
0.712
0.728
0.724
0.728
0.696
0.688
0.668
0.672
0.664
0.704
0.752
0.748
0.764
0.756
0.736
0.704
0.704
0.712
0.732
0.728
0.72
0.688
0.684
0.672
0.644
0.636
0.644
0.704
0.764
0.74
0.768
0.772
0.764
0.74
0.732
0.732
0.74
0.74
0.74
0.716
0.716
0.704
0.688
0.708
0.72
0.728
0.712
0.724
0.716
0.704
0.676
0.676
0.672
0.684
0.68
0.704
0.7
0.708
0.68
0.684
0.684
0.696
0.676
0.66
0.648
0.644
0.636
0.632
0.644
0.648
0.676
0.704
0.68
0.68
0.676
0.672
0.672
0.652
0.64
0.628
0.624
0.632
0.644
0.656
0.68
0.692
0.676
0.676
0.672
0.656
0.652
0.648
0.652
0.636
0.612
0.628
0.636
0.688
0.72
0.748
0.736
0.732
0.704
0.708
0.7
0.684
0.668
0.676
0.672
0.684
0.668
0.652
0.66
0.66
0.672
0.692
0.72
0.724
0.692
0.704
0.7
0.676
0.672
0.676
0.68
0.68
0.68
0.696
0.708
0.7
0.724
0.724
0.752
0.708
0.708
0.7
0.7
0.684
0.692
0.7
0.704
0.716
0.736
0.744
0.7
0.664
0.676
0.66
0.652
0.644
0.656
0.672
0.68
0.668
0.68
0.676
0.688
0.672
0.688
0.688
0.692
0.68
0.688
0.684
0.68
0.656
0.64
0.652
0.668
0.668
0.656
0.664
0.676
0.68
0.676
0.688
0.684
0.684
0.656
0.644
0.648
0.632
0.632
0.64
0.644
0.648
0.64
0.652
0.668
0.664
0.644
0.632
0.62
0.612
0.612
0.604
0.604
0.608
0.608
0.616
0.636
0.66
0.676
0.668
0.68
0.684
0.668
0.644
0.656
0.656
0.656
0.66
0.676
0.704
0.7
0.712
0.716
0.708
0.68
0.684
0.668
0.664
0.66
0.66
0.664
0.656
0.668
0.648
0.644
0.648
0.636
0.652
0.66
0.672
0.688
0.688
0.712
0.736
0.696
0.696
0.708
0.712
0.696
0.708
0.708
0.7
0.672
0.684
0.684
0.696
0.676
0.676
0.684
0.692
0.676
0.672
0.68
0.688
0.692
0.684
0.704
0.72
0.712
0.712
0.692
0.664
0.652
0.664
0.668
0.684
0.688
0.7
0.728
0.732
0.72
0.736
0.728
0.704
0.7
0.7
0.688
0.672
0.68
0.68
0.68
0.668
0.696
0.704
0.708
0.74
0.744
0.716
0.712
0.72
0.708
0.716
0.736
0.72
0.74
0.756
0.748
0.768
0.76
0.74
0.748
0.74
1.204
0.604
0.78
0.78
0.768
0.76
0.716
0.696
0.736
0.72
0.676
0.68
0.684
0.68
0.696
0.72
0.676
0.744
0.772
0.784
0.776
0.812
0.836
0.812
0.816
0.784
0.768
0.732
0.748
0.752
0.76
0.776
0.756
0.78
0.752
0.792
0.76
0.764
0.748
0.708
0.708
0.692
0.68
0.66
0.652
0.68
0.688
0.704
0.744
0.74
0.764
0.752
0.78
0.772
0.764
0.768
0.764
0.776
0.76
0.768
0.756
0.78
0.752
0.772
0.76
0.756
0.772
0.74
0.78
0.776
0.78
0.788
0.772
0.78
0.756
0.764
0.728
0.748
0.74
0.764
0.784
0.764
0.796
0.776
0.776
0.744
0.756
0.752
0.76
0.788
0.772
0.808
0.784
0.792
0.792
0.78
0.796
0.776
0.788
0.772
0.776
0.776
0.772
0.772
0.756
0.772
0.76
0.772
0.78
0.776
0.792
0.764
0.784
0.756
0.784
0.756
0.776
0.792
0.796
0.8
0.784
0.804
0.772
0.8
0.768
0.792
0.764
0.768
0.764
0.764
0.788
0.764
0.82
0.776
0.808
0.776
0.8
0.788
0.796
0.784
0.776
0.784
0.784
0.82
0.804
0.84
0.808
0.824
0.796
0.816
0.784
0.808
0.8
0.792
0.8
0.8
0.828
0.808
0.824
0.792
0.828
0.792
0.804
0.78
0.816
0.788
0.812
0.804
0.812
0.8
0.8
0.796
0.78
0.792
0.776
0.824
0.792
0.82
0.78
0.82
0.792
0.816
0.792
0.796
0.804
0.8
0.84
0.816
0.852
0.828
0.86
0.828
0.856
0.812
0.828
0.812
0.824
0.828
0.816
0.836
0.816
0.84
0.8
0.824
0.788
0.816
0.804
0.804
0.82
0.8
0.824
0.804
0.824
0.816
0.812
0.824
0.816
0.82
0.804
0.816
0.792
0.824
0.788
0.816
0.816
0.812
0.82
0.792
0.808
0.776
0.8
0.8
0.804
0.812
0.788
0.82
0.784
0.8
0.832
0.804
0.832
0.836
0.824
0.848
0.844
0.84
0.856
0.852
0.864
0.852
0.86
0.868
0.856
0.892
0.852
0.876
0.852
0.844
0.844
0.824
0.856
0.844
0.868
0.848
0.888
0.844
0.872
0.884
0.828
0.844
0.82
0.844
0.848
0.86
0.872
0.86
0.852
0.84
0.824
0.796
0.836
0.8
0.832
0.848
0.856
0.856
0.816
0.836
0.836
0.856
0.86
0.84
0.852
0.832
0.848
0.828
0.848
0.836
0.836
0.824
0.804
0.82
0.796
0.84
0.836
0.816
0.824
0.804
0.836
0.836
0.824
0.852
0.84
0.872
0.876
0.884
0.876
0.856
0.876
0.852
0.876
0.86
0.896
0.832
0.864
0.856
0.848
0.852
0.872
0.904
0.88
0.88
0.848
0.872
0.86
0.896
0.828
0.84
0.796
0.86
0.908
0.888
0.932
0.888
0.912
0.864
0.888
0.848
0.892
0.848
0.868
0.828
0.876
0.868
0.896
0.892
0.864
0.888
0.848
0.872
0.812
0.844
0.84
0.848
0.896
0.864
0.912
0.852
0.872
0.828
0.868
0.856
0.892
0.888
0.84
0.84
0.824
0.876
0.928
0.868
0.776
0.792
0.828
0.868
0.86
0.9
0.836
0.868
0.816
0.864
0.84
0.82
0.832
0.788
0.812
0.792
0.8
0.808
0.78
0.792
0.772
0.776
0.796
0.788
0.816
0.796
0.776
0.768
0.76
0.78
0.768
0.748
0.776
0.784
0.808
0.804
0.764
0.732
0.688
0.684
0.66
0.632
0.62
0.612
0.604
0.592
0.588
0.58
0.576
0.576
0.576
0.568
0.576
0.58
0.576
0.576
0.596
0.652
0.712
0.736
0.808
0.776
0.828
0.764
0.78
0.76
0.712
0.688
0.68
0.684
0.66
0.644
0.636
0.624
0.608
0.604
0.604
0.6
0.616
0.66
0.668
0.708
0.68
0.664
0.648
0.648
0.644
0.64
0.644
0.652
0.672
0.7
0.696
0.664
0.64
0.648
0.652
0.636
0.632
0.652
0.656
0.656
0.688
0.688
0.68
0.7
0.7
0.696
0.696
0.676
0.668
0.672
0.676
0.684
0.708
0.712
0.736
0.732
0.696
0.7
0.692
0.684
0.676
0.652
0.648
0.644
0.64
0.672
0.688
0.688
0.688
0.676
0.664
0.664
0.66
0.66
0.664
0.66
0.66
0.672
0.68
0.688
0.692
0.708
0.708
0.696
0.7
0.692
0.68
0.664
0.652
0.66
0.676
0.668
0.7
0.724
0.728
0.744
0.736
0.72
0.688
0.672
0.644
0.636
0.616
0.62
0.632
0.656
0.66
0.684
0.704
0.676
0.672
0.664
0.652
0.64
0.632
0.624
0.616
0.62
0.62
0.636
0.62
0.612
0.636
0.708
0.692
0.76
0.78
0.8
0.792
0.772
0.764
0.744
0.728
0.724
0.724
0.716
0.744
0.728
0.736
0.72
0.712
0.7
0.692
0.68
0.664
0.664
0.676
0.676
0.716
0.708
0.688
0.704
0.668
0.66
0.644
0.644
0.648
0.632
0.636
0.648
0.644
0.64
0.66
0.692
0.688
0.668
0.652
0.668
0.684
0.676
0.696
0.712
0.688
0.696
0.696
0.708
0.708
0.72
0.736
0.732
0.748
0.744
0.716
0.712
0.716
0.692
0.676
0.668
0.648
0.632
0.64
0.624
0.636
0.696
0.684
0.704
0.724
0.708
0.704
0.7
0.696
0.684
0.688
0.684
0.664
0.66
0.644
0.636
0.624
0.632
0.64
0.644
0.66
0.68
0.668
0.648
0.648
0.632
0.624
0.628
0.624
0.62
0.608
0.616
0.62
0.62
0.612
0.624
0.672
0.652
0.656
0.66
0.644
0.628
0.644
0.676
0.66
0.672
0.664
0.656
0.636
0.612
0.62
0.64
0.588
0.588
0.604
0.588
0.616
0.58
0.592
0.58
0.596
0.572
0.644
0.688
0.668
0.656
0.64
0.636
0.632
0.644
0.688
0.728
0.756
0.768
0.788
0.78
0.792
0.784
0.764
0.76
0.76
0.76
0.768
0.764
0.748
0.712
0.72
0.716
0.704
0.7
0.684
0.652
0.664
0.66
0.652
0.696
0.644
0.676
0.704
0.756
0.708
0.728
0.724
0.748
0.724
0.752
0.752
0.752
0.772
0.752
0.78
0.76
0.78
0.764
0.808
0.792
0.82
0.784
0.808
0.804
0.788
0.796
0.804
0.776
0.776
0.748
0.788
0.76
0.8
0.76
0.78
0.772
0.792
0.78
0.78
0.764
0.748
0.768
0.76
0.78
0.772
0.776
0.756
0.736
0.74
0.72
0.744
0.748
0.768
0.768
0.76
0.732
0.728
0.74
0.768
0.768
0.752
0.8
0.78
0.744
0.72
0.796
0.796
0.8
0.816
0.808
0.828
0.812
0.816
0.788
0.808
0.804
0.804
0.796
0.784
0.756
0.728
0.72
0.68
0.676
0.696
0.768
0.784
0.788
0.812
0.8
0.792
0.768
0.744
0.76
0.752
0.768
0.804
0.796
0.832
0.792
0.808
0.752
0.76
0.752
0.772
0.812
0.804
0.84
0.82
0.8
0.792
0.764
0.808
0.788
0.816
0.816
0.816
0.816
0.8
0.8
0.768
0.804
0.756
0.792
0.792
0.772
0.816
0.764
0.72
0.72
0.768
0.788
0.768
0.796
0.756
0.748
0.764
0.76
0.784
0.768
0.768
0.804
0.792
0.812
0.808
0.784
0.816
0.772
0.784
0.784
0.776
0.82
0.784
0.816
0.844
0.832
0.844
0.796
0.78
0.792
0.776
0.828
0.816
0.832
0.844
0.804
0.82
0.808
0.784
0.792
0.764
0.796
0.784
0.788
0.808
0.776
0.804
0.772
0.776
0.796
0.78
0.804
0.78
0.788
0.74
0.728
0.728
0.708
0.72
0.72
0.72
0.744
0.728
0.74
0.724
0.684
0.676
0.708
0.724
0.716
0.728
0.756
0.74
0.78
0.76
0.768
0.76
0.772
0.792
0.82
0.848
0.836
0.852
0.796
0.792
0.776
0.76
0.772
0.732
0.768
0.776
0.756
0.772
0.772
0.752
0.768
0.764
0.764
0.764
0.76
0.784
0.768
0.772
0.776
0.744
0.736
0.704
0.704
0.692
0.672
0.692
0.696
0.68
0.688
0.696
0.7
0.724
0.72
0.72
0.756
0.728
0.704
0.712
0.684
0.688
0.66
0.672
0.652
0.676
0.7
0.74
0.74
0.776
0.792
0.792
0.804
0.768
0.788
0.768
0.796
0.788
0.804
0.852
0.852
0.864
0.848
0.836
0.804
0.812
0.792
0.82
0.836
0.824
0.824
0.756
0.752
0.748
0.792
0.772
0.8
0.78
0.752
0.772
0.748
0.776
0.756
0.768
0.78
0.74
0.772
0.736
0.752
0.744
0.744
0.744
0.736
0.752
0.748
0.736
0.76
0.736
0.752
0.732
0.724
0.724
0.7
0.704
0.7
0.676
0.668
0.68
0.696
0.724
0.732
0.748
0.728
0.74
0.724
0.72
0.76
0.764
0.776
0.792
0.776
0.796
0.752
0.756
0.748
0.724
0.732
0.74
0.748
0.776
0.792
0.772
0.792
0.78
0.756
0.772
0.748
0.748
0.76
0.764
0.78
0.796
0.792
0.808
0.828
0.792
0.816
0.776
0.796
0.804
0.812
0.864
0.852
0.84
0.82
0.82
0.728
0.752
0.692
0.68
0.668
0.632
0.624
0.62
0.608
0.6
0.6
0.6
0.6
0.596
0.6
0.612
0.62
0.636
0.672
0.696
0.688
0.712
0.756
0.72
0.688
0.712
0.696
0.676
0.668
0.652
0.648
0.644
0.64
0.632
0.66
0.668
0.704
0.72
0.728
0.684
0.7
0.684
0.688
0.692
0.688
0.68
0.676
0.668
0.68
0.748
0.736
0.764
0.74
0.708
0.68
0.664
0.648
0.624
0.628
0.628
0.664
0.652
0.688
0.724
0.74
0.728
0.716
0.704
0.656
0.648
0.628
0.632
0.624
0.628
0.628
0.656
0.7
0.74
0.728
0.74
0.764
0.76
0.724
0.748
0.712
0.732
0.712
0.7
0.68
0.664
0.668
0.668
0.684
0.724
0.736
0.744
0.748
0.736
0.728
0.704
0.684
0.668
0.648
0.64
0.62
0.612
0.616
0.628
0.64
0.636
0.644
0.716
0.688
0.724
0.7
0.688
0.668
0.648
0.644
0.624
0.624
0.64
0.644
0.636
0.66
0.696
0.688
0.688
0.692
0.716
0.692
0.688
0.676
0.652
0.64
0.632
0.62
0.62
0.616
0.628
0.656
0.668
0.716
0.724
0.704
0.696
0.68
0.66
0.648
0.628
0.62
0.608
0.62
0.648
0.688
0.716
0.712
0.692
0.708
0.724
0.684
0.688
0.684
0.668
0.66
0.668
0.704
0.716
0.736
0.732
0.712
0.708
0.688
0.664
0.656
0.66
0.66
0.648
0.64
0.632
0.664
0.668
0.668
0.668
0.648
0.632
0.62
0.616
0.612
0.624
0.652
0.684
0.672
0.68
0.696
0.696
0.668
0.656
0.644
0.656
0.64
0.656
0.676
0.712
0.676
0.688
0.696
0.68
0.672
0.668
0.668
0.64
0.62
0.628
0.628
0.632
0.616
0.604
0.624
0.66
0.688
0.692
0.704
0.704
0.696
0.688
0.68
0.68
0.668
0.68
0.704
0.732
0.7
0.716
0.72
0.708
0.696
0.68
0.672
0.648
0.652
0.648
0.676
0.664
0.684
0.692
0.704
0.704
0.708
0.696
0.672
0.66
0.656
0.648
0.64
0.648
0.648
0.644
0.644
0.632
0.624
0.632
0.636
0.664
0.672
0.664
0.648
0.672
0.668
0.66
0.668
0.66
0.656
0.652
0.668
0.696
0.7
0.708
0.676
0.672
0.652
0.664
0.656
0.668
0.62
0.624
0.584
0.584
0.58
0.564
0.576
0.58
0.596
0.616
0.636
0.656
0.688
0.716
0.736
0.748
0.772
0.8
0.772
0.732
0.736
0.728
0.716
0.696
0.704
0.7
0.712
0.744
0.768
0.752
0.776
0.748
0.756
0.764
0.752
0.764
0.74
0.76
0.74
0.764
0.752
0.744
0.748
0.736
0.768
0.736
0.764
0.74
0.788
0.768
0.764
0.776
0.76
0.764
0.728
0.76
0.732
0.74
0.74
0.728
0.72
0.736
0.76
0.804
0.8
0.784
0.82
0.764
0.772
0.736
0.772
0.776
0.788
0.816
0.812
0.824
0.796
0.828
0.792
0.824
0.8
0.808
0.772
0.808
0.788
0.82
0.808
0.82
0.808
0.788
0.792
0.768
0.792
0.748
0.756
0.748
0.764
0.8
0.78
0.808
0.78
0.808
0.792
0.76
0.744
0.784
0.94
0.832
0.796
0.748
0.708
0.7
0.72
0.732
0.708
0.712
0.724
0.74
0.768
0.784
0.8
0.784
0.784
0.772
0.776
0.78
0.776
0.772
0.768
0.772
0.78
0.792
0.796
0.772
0.796
0.76
0.736
0.696
0.692
0.744
0.76
0.78
0.804
0.792
0.816
0.784
0.792
0.772
0.82
0.796
0.824
0.816
0.84
0.808
0.82
0.824
0.824
0.84
0.852
0.864
0.84
0.864
0.852
0.852
0.832
0.84
0.828
0.844
0.824
0.848
0.832
0.832
0.808
0.832
0.84
0.844
0.836
0.816
0.82
0.788
0.816
0.804
0.836
0.848
0.812
0.82
0.776
0.804
0.792
0.812
0.824
0.812
0.836
0.812
0.836
0.8
0.816
0.808
0.832
0.844
0.836
0.832
0.812
0.82
0.804
0.82
0.82
0.816
0.824
0.828
0.832
0.816
0.812
0.828
0.804
0.836
0.812
0.84
0.82
0.844
0.836
0.824
0.84
0.816
0.844
0.84
0.864
0.816
0.832
0.812
0.848
0.828
0.82
0.824
0.812
0.808
0.796
0.812
0.816
0.812
0.856
0.832
0.848
0.848
0.836
0.836
0.828
0.848
0.824
0.828
0.812
0.844
0.868
0.88
0.892
0.852
0.864
0.832
0.844
0.852
0.856
0.864
0.856
0.868
0.852
0.86
0.832
0.84
0.824
0.824
0.824
0.82
0.812
0.82
0.832
0.828
0.832
0.808
0.824
0.824
0.832
0.84
0.808
0.824
0.788
0.804
0.796
0.824
0.82
0.816
0.82
0.796
0.82
0.78
0.812
0.804
0.804
0.8
0.796
0.82
0.792
0.796
0.756
0.74
0.744
0.74
0.736
0.772
0.776
0.8
0.792
0.8
0.796
0.772
0.78
0.748
0.76
0.764
0.752
0.784
0.776
0.796
0.796
0.784
0.792
0.776
0.788
0.776
0.772
0.792
0.784
0.804
0.832
0.812
0.832
0.82
0.796
0.804
0.788
0.82
0.812
0.832
0.832
0.832
0.848
0.828
0.84
0.796
0.808
0.804
0.808
0.824
0.832
0.86
0.868
0.86
0.844
0.804
0.784
0.796
0.768
0.8
0.832
0.876
0.876
0.92
0.876
0.868
0.832
0.832
0.8
0.82
0.796
0.8
0.792
0.808
0.812
0.808
0.808
0.772
0.792
0.772
0.8
0.792
0.8
0.8
0.796
0.816
0.804
0.82
0.8
0.804
0.78
0.796
0.764
0.792
0.76
0.832
0.828
0.82
0.844
0.832
0.816
0.848
0.856
0.824
0.852
0.868
0.852
0.868
0.828
0.844
0.836
0.86
0.872
0.852
0.86
0.82
0.828
0.836
0.796
0.832
0.856
0.832
0.868
0.864
0.84
0.868
0.84
0.836
0.864
0.852
0.856
0.88
0.872
0.848
0.864
0.86
0.832
0.848
0.864
0.844
0.864
0.836
0.812
0.808
0.776
0.768
0.788
0.8
0.8
0.796
0.804
0.796
0.788
0.768
0.756
0.776
0.788
0.788
0.76
0.764
0.764
0.764
0.752
0.76
0.772
0.756
0.764
0.768
0.764
0.732
0.732
0.732
0.708
0.724
0.72
0.7
0.708
0.712
0.708
0.708
0.692
0.692
0.708
0.708
0.688
0.688
0.696
0.692
0.688
0.692
0.7
0.684
0.688
0.692
0.696
0.676
0.684
0.684
0.676
0.696
0.708
0.704
0.704
0.692
0.676
0.664
0.66
0.66
0.676
0.68
0.66
0.7
0.756
0.764
0.784
0.776
0.764
0.732
0.712
0.7
0.684
0.664
0.66
0.64
0.644
0.684
0.696
0.74
0.772
0.784
0.784
0.792
0.764
0.716
0.704
0.684
0.668
0.66
0.676
0.7
0.728
0.74
0.78
0.784
0.748
0.756
0.744
0.724
0.7
0.704
0.692
0.672
0.672
0.676
0.708
0.716
0.704
0.688
0.724
0.728
0.752
0.748
0.732
0.708
0.7
0.696
0.692
0.688
0.708
0.74
0.74
0.744
0.756
0.732
0.716
0.716
0.688
0.664
0.656
0.636
0.612
0.616
0.616
0.62
0.624
0.628
0.66
0.688
0.696
0.724
0.748
0.724
0.728
0.696
0.672
0.66
0.644
0.648
0.668
0.688
0.704
0.732
0.768
0.8
0.744
0.768
0.768
0.752
0.716
0.724
0.716
0.7
0.708
0.708
0.744
0.708
0.732
0.724
0.716
0.712
0.716
0.712
0.696
0.7
0.688
0.692
0.7
0.708
0.704
0.692
0.7
0.704
0.7
0.696
0.704
0.7
0.68
0.692
0.696
0.688
0.7
0.708
0.708
0.692
0.7
0.708
0.692
0.68
0.672
0.672
0.656
0.668
0.672
0.672
0.664
0.68
0.676
0.64
0.632
0.648
0.66
0.648
0.656
0.66
0.672
0.652
0.668
0.676
0.692
0.672
0.68
0.692
0.68
0.684
0.692
0.696
0.672
0.672
0.68
0.68
0.668
0.68
0.692
0.684
0.672
0.676
0.664
0.652
0.656
0.664
0.684
0.668
0.692
0.696
0.688
0.676
0.656
0.644
0.62
0.612
0.604
0.6
0.596
0.612
0.632
0.656
0.66
0.672
0.692
0.676
0.66
0.66
0.652
0.64
0.652
0.664
0.696
0.704
0.772
0.776
0.748
0.764
0.748
0.712
0.716
0.7
0.672
0.668
0.676
0.684
0.676
0.704
0.728
0.74
0.776
0.764
0.72
0.724
0.7
0.684
0.672
0.672
0.664
0.64
0.656
0.668
0.688
0.68
0.676
0.696
0.724
0.716
0.744
0.728
0.712
0.724
0.716
0.692
0.708
0.704
0.7
0.724
0.74
0.724
0.732
0.728
0.696
0.704
0.696
0.672
0.664
0.656
0.672
0.68
0.712
0.728
0.716
0.744
0.748
0.728
0.736
0.724
0.72
0.732
0.72
0.756
0.768
0.772
0.804
0.776
0.804
0.8
0.744
0.8
0.844
0.8
0.796
0.776
0.768
0.764
0.756
0.76
0.74
0.764
0.772
0.78
0.776
0.772
0.732
0.72
0.724
0.748
0.772
0.76
0.752
0.724
0.732
0.724
0.744
0.752
0.748
0.772
0.768
0.8
0.776
0.772
0.752
0.732
0.716
0.728
0.7
0.692
0.688
0.7
0.704
0.728
0.7
0.732
0.736
0.736
0.776
0.752
0.784
0.76
0.768
0.744
0.74
0.728
0.72
0.736
0.736
0.74
0.76
0.724
0.708
0.704
0.708
0.74
0.764
0.756
0.792
0.748
0.788
0.764
0.776
0.744
0.748
0.756
0.74
0.752
0.736
0.74
0.74
0.724
0.756
0.744
0.744
0.76
0.74
0.772
0.764
0.768
0.764
0.76
0.78
0.752
0.8
0.748
0.736
0.7
0.688
0.732
0.788
0.752
0.72
0.708
0.704
0.704
0.704
0.724
0.736
0.736
0.776
0.804
0.784
0.808
0.824
0.792
0.796
0.808
0.804
0.796
0.776
0.768
0.736
0.732
0.704
0.752
0.816
0.848
0.844
0.812
0.812
0.784
0.808
0.804
0.832
0.812
0.832
0.82
0.804
0.804
0.792
0.812
0.784
0.824
0.824
0.868
0.856
0.84
0.836
0.828
0.82
0.816
0.84
0.8
0.824
0.812
0.856
0.856
0.856
0.832
0.788
0.8
0.82
0.824
0.824
0.844
0.828
0.864
0.852
0.848
0.84
0.84
0.816
0.808
0.808
0.8
0.764
0.752
0.768
0.892
0.888
0.856
0.864
0.824
0.848
0.8
0.824
0.8
0.812
0.832
0.804
0.832
0.796
0.812
0.788
0.8
0.772
0.8
0.8
0.808
0.852
0.82
0.844
0.796
0.788
0.764
0.772
0.768
0.748
0.748
0.716
0.74
0.752
0.796
0.796
0.792
0.82
0.788
0.788
0.804
0.768
0.788
0.788
0.788
0.824
0.828
0.852
0.82
0.84
0.84
0.792
0.804
0.804
0.828
0.82
0.82
0.84
0.808
0.836
0.816
0.832
0.816
0.812
0.812
0.816
0.828
0.824
0.856
0.82
0.844
0.804
0.824
0.764
0.792
0.808
0.844
0.816
0.816
0.792
0.768
0.744
0.76
0.776
0.832
0.804
0.832
0.816
0.82
0.804
0.812
0.816
0.812
0.84
0.832
0.856
0.832
0.844
0.82
0.836
0.82
0.86
0.844
0.84
0.816
0.816
0.8
0.78
0.784
0.744
0.768
0.776
0.764
0.784
0.764
0.764
0.768
0.736
0.736
0.744
0.732
0.756
0.784
0.764
0.784
0.764
0.76
0.756
0.724
0.736
0.736
0.736
0.748
0.728
0.7
0.708
0.744
0.764
0.76
0.784
0.768
0.792
0.796
0.796
0.812
0.784
0.796
0.78
0.768
0.784
0.76
0.772
0.788
0.768
0.804
0.768
0.784
0.772
0.756
0.78
0.776
0.768
0.784
0.772
0.796
0.792
0.8
0.812
0.784
0.8
0.772
0.752
0.76
0.768
0.776
0.796
0.792
0.824
0.816
0.824
0.808
0.792
0.792
0.772
0.784
0.792
0.784
0.816
0.8
0.82
0.816
0.808
0.812
0.784
0.8
0.788
0.808
0.812
0.8
0.808
0.788
0.804
0.784
0.792
0.78
0.772
0.784
0.776
0.8
0.788
0.788
0.808
0.78
0.796
0.792
0.82
0.8
0.848
0.832
0.848
0.82
0.82
0.808
0.784
0.788
0.728
0.724
0.808
0.82
0.852
0.836
0.824
0.84
0.82
0.844
0.812
0.812
0.812
0.852
0.864
0.86
0.872
0.852
0.844
0.832
0.828
0.804
0.82
0.792
0.824
0.792
0.808
0.8
0.792
0.812
0.796
0.82
0.82
0.804
0.82
0.808
0.832
0.792
0.824
0.812
0.836
0.844
0.844
0.844
0.828
0.848
0.836
0.856
0.836
0.82
0.84
0.828
0.848
0.848
0.86
0.876
0.836
0.8
0.772
0.728
0.728
0.728
0.7
0.684
0.692
0.696
0.692
0.688
0.7
0.704
0.712
0.712
0.684
0.688
0.696
0.704
0.7
0.708
0.72
0.744
0.764
0.764
0.724
0.716
0.736
0.744
0.736
0.756
0.78
0.748
0.756
0.748
0.736
0.7
0.712
0.768
0.74
0.748
0.74
0.72
0.74
0.728
0.72
0.728
0.696
0.7
0.7
0.708
0.7
0.696
0.688
0.684
0.684
0.688
0.68
0.676
0.676
0.688
0.68
0.672
0.656
0.648
0.636
0.636
0.644
0.668
0.668
0.668
0.644
0.64
0.628
0.628
0.616
0.604
0.608
0.616
0.652
0.704
0.72
0.776
0.776
0.792
0.788
0.792
0.744
0.728
0.708
0.688
0.676
0.668
0.66
0.684
0.704
0.736
0.74
0.768
0.76
0.732
0.744
0.732
0.704
0.708
0.708
0.68
0.692
0.688
0.684
0.7
0.704
0.704
0.712
0.712
0.696
0.696
0.692
0.684
0.676
0.656
0.656
0.668
0.664
0.696
0.688
0.68
0.688
0.688
0.688
0.672
0.668
0.648
0.632
0.616
0.596
0.596
0.6
0.652
0.732
0.796
0.876
0.872
0.856
0.848
0.796
0.78
0.744
0.696
0.676
0.644
0.628
0.628
0.628
0.64
0.648
0.664
0.684
0.744
0.748
0.736
0.752
0.732
0.692
0.684
0.668
0.684
0.688
0.668
0.688
0.684
0.688
0.664
0.644
0.644
0.648
0.652
0.668
0.672
0.664
0.668
0.648
0.636
0.62
0.616
0.612
0.632
0.664
0.708
0.708
0.732
0.74
0.724
0.736
0.728
0.7
0.7
0.692
0.672
0.676
0.672
0.644
0.644
0.648
0.664
0.676
0.648
0.668
0.664
0.644
0.648
0.64
0.616
0.612
0.612
0.624
0.64
0.668
0.72
0.708
0.712
0.708
0.7
0.68
0.664
0.648
0.624
0.616
0.612
0.636
0.66
0.688
0.696
0.704
0.72
0.692
0.692
0.68
0.66
0.66
0.668
0.664
0.664
0.676
0.696
0.696
0.696
0.704
0.676
0.66
0.664
0.668
0.648
0.636
0.636
0.648
0.664
0.664
0.676
0.688
0.696
0.684
0.704
0.704
0.704
0.712
0.712
0.708
0.704
0.736
0.732
0.72
0.74
0.732
0.736
0.7
0.7
0.696
0.696
0.672
0.668
0.648
0.656
0.676
0.676
0.672
0.696
0.692
0.684
0.684
0.696
0.696
0.672
0.688
0.672
0.676
0.7
0.712
0.732
0.708
0.724
0.708
0.696
0.684
0.676
0.684
0.664
0.672
0.672
0.7
0.688
0.76
0.688
0.664
0.664
0.692
0.712
0.792
0.768
0.764
0.788
0.732
0.696
0.82
0.788
0.736
0.696
0.696
0.712
0.692
0.704
0.704
0.708
0.728
0.768
0.776
0.78
0.764
0.756
0.728
0.716
0.716
0.712
0.724
0.752
0.764
0.76
0.764
0.756
0.78
0.84
0.804
0.844
0.816
0.82
0.8
0.768
0.78
0.804
0.8
0.852
0.792
0.852
0.852
0.884
0.848
0.848
0.832
0.828
0.84
0.812
0.824
0.848
0.852
0.856
0.84
0.868
0.832
0.844
0.816
0.836
0.8
0.832
0.792
0.8
0.772
0.732
0.74
0.756
0.732
0.712
0.74
0.76
0.784
0.732
0.776
0.8
0.796
0.816
0.792
0.808
0.792
0.816
0.8
0.82
0.828
0.816
0.836
0.8
0.808
0.784
0.78
0.772
0.756
0.76
0.752
0.732
0.724
0.692
0.728
0.764
0.812
0.804
0.788
0.808
0.788
0.824
0.796
0.828
0.82
0.808
0.796
0.772
0.796
0.76
0.78
0.78
0.776
0.784
0.776
0.796
0.76
0.78
0.772
0.772
0.78
0.76
0.768
0.732
0.716
0.72
0.876
0.792
0.784
0.768
0.764
0.772
0.78
0.788
0.776
0.776
0.78
0.788
0.82
0.828
0.824
0.812
0.804
0.772
0.776
0.76
0.772
0.772
0.768
0.768
0.768
0.74
0.752
0.736
0.736
0.76
0.748
0.748
0.752
0.752
0.744
0.72
0.76
0.768
0.8
0.812
0.768
0.792
0.808
0.8
0.832
0.804
0.832
0.82
0.848
0.832
0.812
0.82
0.804
0.828
0.812
0.864
0.868
0.88
0.864
0.86
0.86
0.856
0.832
0.828
0.82
0.812
0.848
0.816
0.848
0.82
0.84
0.844
0.848
0.856
0.816
0.844
0.812
0.812
0.8
0.776
0.832
0.84
0.844
0.844
0.828
0.828
0.804
0.824
0.816
0.824
0.812
0.808
0.82
0.792
0.8
0.768
0.76
0.756
0.728
0.748
0.768
0.768
0.784
0.768
0.792
0.796
0.772
0.796
0.796
0.772
0.796
0.796
0.8
0.832
0.82
0.848
0.856
0.86
0.848
0.852
0.828
0.84
0.804
0.816
0.808
0.768
0.772
0.732
0.76
0.784
0.816
0.8
0.84
0.8
0.828
0.796
0.844
0.804
0.84
0.784
0.812
0.788
0.792
0.8
0.808
0.824
0.816
0.828
0.808
0.872
0.836
0.832
0.832
0.836
0.848
0.828
0.836
0.804
0.812
0.816
0.788
0.816
0.796
0.816
0.812
0.784
0.78
0.784
0.76
0.78
0.764
0.764
0.772
0.752
0.772
0.74
0.756
0.744
0.728
0.708
0.676
0.696
0.704
0.7
0.712
0.692
0.68
0.756
0.7
0.708
0.68
0.656
0.644
0.636
0.64
0.612
0.616
0.608
0.604
0.604
0.624
0.596
0.62
0.612
0.612
0.64
0.664
0.688
0.696
0.712
0.72
0.732
0.744
0.74
0.736
0.712
0.708
0.684
0.692
0.684
0.676
0.784
0.84
0.816
0.808
0.812
0.784
0.748
0.732
0.744
0.744
0.744
0.768
0.812
0.816
0.82
0.812
0.796
0.784
0.78
0.768
0.788
0.8
0.824
0.788
0.784
0.772
0.76
