0.676
0.852
0.868
0.9
0.896
0.916
0.944
0.916
0.9
0.912
0.94
0.964
0.96
0.888
0.876
0.864
0.884
0.88
0.876
0.868
0.812
0.892
0.936
0.988
0.988
0.972
0.948
0.852
0.792
0.824
0.864
0.888
0.932
0.972
0.976
0.956
0.928
0.916
0.88
0.88
0.904
0.912
0.912
0.908
0.944
0.964
0.96
0.932
0.94
0.952
0.956
0.908
0.892
0.892
0.856
0.88
0.86
0.876
0.892
0.904
0.884
0.888
0.904
0.936
0.924
0.944
0.884
0.86
0.776
0.764
0.776
0.824
0.924
0.96
0.984
0.984
0.964
0.936
0.944
0.932
0.92
0.912
0.944
0.984
0.984
0.976
0.956
0.96
0.96
0.948
0.928
0.936
0.952
0.956
0.944
0.948
0.964
0.956
0.956
0.964
0.964
0.94
0.948
0.992
1.036
1.02
1.032
1.02
0.976
0.96
0.936
0.912
0.9
0.904
0.904
0.9
0.92
0.956
0.944
0.96
0.976
0.952
0.948
0.96
0.964
0.928
0.92
0.92
0.9
0.892
0.912
0.944
0.94
0.924
0.944
0.98
0.984
0.944
0.94
0.94
0.924
0.908
0.912
0.956
0.992
0.984
0.968
0.976
0.976
0.952
0.932
0.92
0.928
0.924
0.912
0.928
0.98
0.976
0.948
0.94
0.956
0.94
0.936
0.972
0.984
0.96
0.952
0.944
0.936
0.896
0.892
0.928
0.96
0.948
0.952
0.976
0.976
0.944
0.928
0.916
0.924
0.924
0.912
0.924
0.94
0.964
0.96
0.952
0.968
0.98
0.948
0.928
0.944
0.928
0.908
0.916
0.932
0.932
0.944
0.98
0.992
0.972
0.968
0.976
0.94
0.836
0.784
0.788
0.788
0.776
0.772
0.9
0.984
0.96
0.956
0.932
0.944
0.924
0.888
0.84
0.864
0.892
0.908
0.932
0.98
1.032
1.016
1.032
1.008
0.992
1.004
0.996
0.964
0.928
0.936
0.948
0.964
0.936
0.944
0.96
0.968
0.94
0.936
0.932
0.936
0.936
0.968
0.984
0.952
0.96
0.968
0.952
0.924
0.94
0.94
0.928
0.932
0.964
0.992
0.956
0.96
0.964
0.94
0.924
0.936
0.952
0.928
0.94
0.952
0.948
0.912
0.916
0.912
0.932
0.932
0.912
0.928
0.96
0.988
0.968
0.968
0.956
0.928
0.908
0.9
0.912
0.912
0.9
0.928
0.972
0.98
0.956
0.96
0.96
0.916
0.892
0.872
0.848
0.84
0.86
0.9
0.892
0.908
0.944
0.932
0.908
0.908
0.928
0.964
0.956
0.948
0.96
0.944
0.928
0.936
0.968
0.988
0.96
0.96
0.96
0.928
0.912
0.916
0.928
0.94
0.972
1.012
1.02
0.992
1.012
1.008
0.98
0.98
0.972
0.956
0.92
0.92
0.908
0.892
0.896
0.944
0.96
0.96
0.976
0.988
0.96
0.928
0.94
0.924
0.892
0.856
0.84
0.856
0.9
0.964
1.012
1.016
1.052
1.064
1.056
0.964
0.956
0.952
0.984
0.976
0.984
0.976
0.972
0.976
0.956
0.916
0.932
0.96
0.976
0.948
0.948
0.912
0.912
0.896
0.892
0.928
0.932
0.964
0.968
0.98
0.868
0.812
0.82
0.832
0.876
0.956
0.992
0.988
0.936
0.916
0.932
0.936
0.912
0.9
0.916
0.98
1.016
1.004
0.98
0.984
0.968
0.928
0.932
0.952
1.012
0.996
1.016
1.02
0.984
0.968
0.984
0.976
0.956
0.972
1
0.98
1
1
0.988
0.964
0.964
0.996
1
0.984
0.996
0.992
0.964
0.924
0.928
0.964
0.984
0.992
1.032
1.04
0.996
0.996
1
0.964
0.928
0.932
0.944
0.94
0.908
0.904
0.844
0.792
0.832
0.888
0.956
0.976
0.992
0.952
0.916
0.904
0.896
0.932
0.916
0.932
0.968
1.012
1.02
0.996
0.972
0.964
0.96
0.96
0.932
0.888
0.848
0.848
0.896
0.984
0.976
0.964
0.96
0.964
0.976
0.988
0.988
0.968
0.956
0.98
0.992
0.98
0.956
0.936
0.936
0.94
0.944
0.928
0.916
0.928
0.92
0.908
0.904
0.956
1.016
1.016
1.004
1.016
0.968
0.928
0.92
0.916
0.92
0.916
0.896
0.864
0.86
0.856
0.856
0.856
0.824
0.788
0.764
0.756
0.756
0.756
0.772
0.792
0.8
0.816
0.824
0.816
0.824
0.836
0.828
0.796
0.804
0.812
0.824
0.812
0.808
0.812
0.816
0.796
0.804
0.816
0.856
0.852
0.844
0.836
0.808
0.792
0.788
0.796
0.792
0.792
0.796
0.8
0.812
0.824
0.828
0.832
0.816
0.784
0.792
0.788
0.768
0.752
0.736
0.724
0.708
0.7
0.7
0.716
0.728
0.748
0.748
0.744
0.732
0.72
0.716
0.728
0.736
0.74
0.748
0.74
0.736
0.752
0.748
0.744
0.732
0.712
0.7
0.696
0.696
0.708
0.724
0.732
0.732
0.716
0.712
0.704
0.704
0.7
0.696
0.692
0.688
0.68
0.688
0.684
0.7
0.72
0.736
0.756
0.768
0.776
0.76
0.76
0.748
0.74
0.752
0.764
0.764
0.784
0.788
0.792
0.792
0.788
0.768
0.76
0.736
0.72
0.7
0.696
0.7
0.704
0.72
0.724
0.716
0.708
0.692
0.68
0.676
0.676
0.688
0.696
0.708
0.7
0.684
0.664
0.656
0.648
0.652
0.656
0.68
0.7
0.72
0.732
0.736
0.736
0.728
0.708
0.68
0.672
0.66
0.652
0.644
0.636
0.64
0.636
0.636
0.66
0.684
0.732
0.772
0.776
0.784
0.752
0.728
0.72
0.712
0.712
0.712
0.692
0.688
0.68
0.68
0.68
0.692
0.72
0.732
0.736
0.752
0.756
0.756
0.752
0.744
0.736
0.712
0.688
0.676
0.672
0.68
0.672
0.676
0.672
0.68
0.684
0.7
0.728
0.732
0.724
0.716
0.7
0.684
0.672
0.664
0.66
0.664
0.672
0.668
0.68
0.68
0.704
0.712
0.704
0.704
0.7
0.688
0.684
0.684
0.692
0.7
0.696
0.7
0.704
0.704
0.712
0.716
0.72
0.732
0.74
0.768
0.792
0.788
0.804
0.816
0.824
0.808
0.784
0.764
0.736
0.72
0.716
0.708
0.708
0.712
0.72
0.724
0.728
0.748
0.74
0.728
0.728
0.764
0.864
0.956
0.992
0.952
0.94
0.92
0.944
0.932
0.916
0.904
0.892
0.852
0.84
0.824
0.82
0.86
0.916
0.916
0.916
0.876
0.88
0.88
0.884
0.844
0.844
0.864
0.88
0.88
0.88
0.924
0.908
0.916
0.964
0.936
0.892
0.832
0.78
0.844
0.888
0.908
0.944
1
0.964
0.964
0.996
0.98
0.936
0.936
0.964
0.976
0.944
0.944
0.992
0.976
0.952
0.976
0.992
0.944
0.932
0.948
0.964
0.936
0.948
0.968
0.956
0.924
0.936
0.952
0.928
0.928
0.948
0.948
0.928
0.928
0.92
0.9
0.908
0.96
0.984
0.968
0.96
0.98
0.98
0.972
0.932
0.928
0.948
0.976
0.96
0.956
0.972
0.96
0.948
0.948
0.992
0.992
0.944
0.928
0.948
0.988
0.992
1.008
1.036
1.056
1.032
0.984
0.98
0.972
0.976
0.948
0.956
0.984
1.004
0.996
0.992
0.988
1.008
0.988
1
1.012
0.972
0.96
0.976
0.988
0.952
0.952
0.984
1.004
0.996
0.976
0.98
1.004
0.996
0.96
0.932
0.948
0.96
0.944
0.888
0.852
0.892
0.916
0.964
0.98
1.036
1.092
1.044
1.004
0.992
0.996
0.996
0.956
0.948
0.972
0.988
0.98
0.956
0.98
0.992
0.972
0.948
0.968
0.996
0.996
0.964
0.968
0.976
0.964
0.944
0.964
0.98
0.98
0.948
0.936
0.948
0.968
0.976
0.948
0.948
0.984
1.004
0.976
0.96
1.016
1.008
1.012
0.96
0.952
0.972
0.972
0.948
0.952
0.988
0.996
0.972
0.952
0.872
0.816
0.868
0.884
0.896
0.924
0.972
0.984
0.96
0.92
0.928
0.94
0.944
0.936
0.916
0.916
0.972
1
0.984
0.96
0.972
1.004
0.996
0.948
0.956
0.98
1
0.992
1.008
1.048
1.04
0.996
0.964
0.968
1
1.048
1.056
1.032
1.056
1.072
1.084
1.024
0.968
0.964
1.004
1.04
1.036
1.064
1.108
1.096
1.028
1.004
1.012
1.016
0.992
1.008
1.032
1.012
1.012
1.068
1.072
1.012
0.972
0.972
0.984
0.988
1.008
1.06
1.076
1.04
1.052
1.04
1.004
0.976
0.98
0.956
0.932
0.936
0.992
1.036
1.04
1.06
1.072
0.992
0.948
0.944
0.948
0.944
0.972
1.044
1.052
1.02
1.044
1.032
1
0.94
0.944
0.956
0.94
0.908
0.928
0.98
0.992
0.98
1
0.992
0.96
0.936
0.96
0.984
0.948
0.928
0.936
0.932
0.92
0.936
0.948
0.924
0.924
0.94
0.952
0.94
0.924
0.94
0.952
0.972
0.956
0.952
1
1.044
1.044
1.016
1.016
1.016
1.004
0.984
0.984
1
0.992
0.964
0.988
0.996
0.964
0.988
1.032
1
1.008
1.012
0.98
0.964
0.976
0.972
0.944
0.952
0.98
0.98
0.968
0.96
0.984
0.988
0.972
0.94
0.932
0.928
0.948
0.96
0.956
0.968
0.988
0.972
0.952
0.928
0.932
0.944
0.952
0.948
0.936
0.936
0.944
0.944
0.94
0.916
0.896
0.892
0.9
0.9
0.888
0.884
0.872
0.868
0.872
0.864
0.888
0.916
0.9
0.856
0.832
0.832
0.84
0.856
0.864
0.864
0.86
0.836
0.824
0.808
0.792
0.776
0.776
0.764
0.76
0.76
0.752
0.736
0.736
0.736
0.736
0.744
0.732
0.736
0.736
0.72
0.716
0.716
0.716
0.716
0.708
0.7
0.692
0.68
0.676
0.692
0.728
0.732
0.728
0.716
0.704
0.684
0.672
0.672
0.692
0.704
0.696
0.696
0.688
0.688
0.688
0.688
0.704
0.72
0.712
0.728
0.732
0.72
0.704
0.7
0.7
0.692
0.676
0.676
0.676
0.692
0.696
0.712
0.72
0.72
0.712
0.708
0.692
0.68
0.672
0.672
0.664
0.656
0.652
0.648
0.64
0.636
0.648
0.664
0.688
0.704
0.708
0.7
0.684
0.668
0.652
0.644
0.64
0.644
0.648
0.648
0.66
0.672
0.684
0.684
0.688
0.692
0.688
0.672
0.668
0.66
0.652
0.648
0.668
0.676
0.66
0.644
0.64
0.632
0.624
0.624
0.62
0.616
0.616
0.616
0.608
0.604
0.596
0.596
0.592
0.588
0.588
0.596
0.608
0.628
0.648
0.652
0.664
0.668
0.664
0.656
0.648
0.64
0.628
0.624
0.62
0.628
0.632
0.64
0.648
0.664
0.696
0.692
0.7
0.696
0.696
0.7
0.688
0.688
0.684
0.672
0.668
0.66
0.664
0.664
0.676
0.692
0.7
0.704
0.7
0.696
0.684
0.676
0.672
0.668
0.668
0.668
0.66
0.656
0.66
0.676
0.688
0.696
0.688
0.688
0.68
0.664
0.66
0.652
0.648
0.636
0.64
0.656
0.672
0.68
0.696
0.696
0.708
0.704
0.7
0.688
0.672
0.664
0.664
0.656
0.652
0.644
0.648
0.652
0.66
0.676
0.7
0.696
0.7
0.708
0.7
0.692
0.68
0.672
0.66
0.648
0.636
0.628
0.64
0.648
0.676
0.716
0.744
0.756
0.768
0.76
0.752
0.736
0.716
0.7
0.672
0.656
0.64
0.636
0.644
0.668
0.692
0.716
0.736
0.768
0.768
0.784
0.78
0.764
0.744
0.728
0.716
0.716
0.716
0.696
0.696
0.684
0.676
0.668
0.672
0.688
0.724
0.744
0.768
0.784
0.804
0.796
0.776
0.744
0.724
0.696
0.688
0.684
0.668
0.668
0.664
0.672
0.68
0.692
0.712
0.732
0.74
0.736
0.728
0.708
0.692
0.68
0.672
0.66
0.66
0.656
0.692
0.716
0.728
0.756
0.78
0.808
0.828
0.844
0.84
0.828
0.8
0.772
0.748
0.724
0.724
0.744
0.744
0.748
0.76
0.784
0.804
0.808
0.808
0.792
0.788
0.784
0.784
0.78
0.772
0.768
0.776
0.808
0.84
0.848
0.836
0.832
0.828
0.82
0.808
0.788
0.752
0.732
0.732
0.748
0.808
0.884
0.924
0.932
0.968
0.992
0.988
0.956
0.932
0.896
0.884
0.844
0.828
0.836
0.884
0.924
0.948
0.972
0.992
0.984
0.976
0.944
0.888
0.868
0.888
0.916
0.968
0.952
0.936
0.932
0.936
0.884
0.868
0.896
0.904
0.888
0.884
0.896
0.884
0.856
0.892
0.952
0.944
0.928
0.936
0.896
0.9
0.932
0.904
0.9
0.912
0.912
0.892
0.908
0.928
0.9
0.904
0.92
0.896
0.896
0.904
0.916
0.892
0.908
0.924
0.912
0.892
0.908
0.92
0.908
0.94
0.976
0.964
0.992
0.984
0.936
0.936
0.96
0.944
0.92
0.924
0.92
0.916
0.944
0.996
0.948
0.948
0.948
0.912
0.908
0.936
0.94
0.96
1.012
1.024
0.968
0.944
0.956
0.98
0.96
0.968
0.96
0.948
0.988
1.016
0.996
1.008
1
0.944
0.92
0.924
0.932
0.932
0.98
1.044
1.06
1.024
1.02
1.016
0.988
0.992
0.988
0.952
0.924
0.952
0.996
0.984
0.984
1.016
1.004
0.956
0.96
0.952
0.928
0.936
0.972
0.996
0.996
0.952
0.94
0.98
0.992
0.972
0.956
0.96
0.964
0.948
0.944
0.976
1.004
0.98
1.012
1.06
1.028
1.024
0.992
0.956
0.98
1.028
0.988
0.984
1.016
1
0.98
1.016
1.008
0.98
1.008
0.996
0.976
0.996
1.012
1.012
0.992
0.98
0.984
1
0.98
0.964
0.988
1.004
1.008
0.96
0.948
0.972
0.968
0.94
0.936
0.972
0.976
0.952
0.96
0.976
0.98
0.972
0.984
1
0.98
0.932
0.948
0.996
1.016
0.984
0.988
0.976
0.96
0.924
0.92
0.956
0.964
0.944
0.96
0.96
0.924
0.888
0.896
0.928
0.944
0.944
0.988
1.04
0.992
0.996
1.004
0.96
0.98
1.012
0.992
1.028
1.056
0.996
0.952
0.952
0.94
0.948
1.024
1.092
1.068
1.096
1.088
1.032
1.02
1.02
0.968
0.976
1.008
1.024
1.016
1.052
1.08
1.044
1.016
1.004
0.98
0.952
0.964
0.96
0.94
0.944
0.984
1.056
1.02
1.06
1.064
1.02
1.016
1.024
0.98
0.988
1
0.956
0.98
0.996
0.972
0.928
0.912
0.932
0.96
0.976
1.02
1.064
1.06
0.996
0.996
0.98
0.996
0.94
0.872
0.752
0.728
0.708
0.724
0.76
0.78
0.772
0.772
0.748
0.708
0.692
0.68
0.672
0.676
0.676
0.68
0.672
0.668
0.648
0.66
0.676
0.712
0.764
0.828
0.884
0.92
0.956
0.976
0.988
0.992
0.984
0.984
0.964
0.924
0.888
0.88
0.88
0.904
0.92
0.936
0.9
0.904
0.9
0.888
0.88
0.876
0.856
0.848
0.82
0.796
0.804
0.808
0.828
0.86
0.828
0.856
0.84
0.836
0.816
0.792
0.776
0.788
0.796
0.808
0.812
0.796
0.788
0.804
0.808
0.82
0.808
0.792
0.788
0.784
0.776
0.768
0.784
0.792
0.8
0.796
0.812
0.824
0.836
0.836
0.816
0.816
0.824
0.792
0.776
0.752
0.756
0.768
0.764
0.776
0.772
0.768
0.748
0.724
0.724
0.728
0.744
0.76
0.768
0.78
0.76
0.76
0.764
0.764
0.76
0.748
0.732
0.736
0.716
0.7
0.704
0.688
0.68
0.676
0.684
0.688
0.708
0.736
0.74
0.748
0.768
0.756
0.752
0.732
0.704
0.684
0.664
0.656
0.648
0.672
0.68
0.716
0.744
0.752
0.78
0.812
0.824
0.82
0.788
0.776
0.768
0.74
0.712
0.704
0.696
0.692
0.704
0.716
0.744
0.772
0.796
0.804
0.8
0.788
0.792
0.776
0.776
0.764
0.744
0.728
0.712
0.708
0.72
0.724
0.748
0.756
0.748
0.76
0.756
0.748
0.736
0.72
0.704
0.696
0.688
0.732
0.752
0.764
0.772
0.796
0.824
0.844
0.836
0.82
0.8
0.776
0.78
0.756
0.74
0.724
0.7
0.708
0.72
0.724
0.74
0.776
0.792
0.808
0.828
0.836
0.84
0.832
0.796
0.784
0.772
0.756
0.736
0.72
0.716
0.716
0.708
0.724
0.72
0.736
0.744
0.76
0.78
0.8
0.828
0.808
0.796
0.776
0.784
0.784
0.772
0.788
0.776
0.76
0.776
0.724
0.828
0.74
0.732
0.72
0.696
0.676
0.66
0.648
0.64
0.652
0.668
0.688
0.736
0.828
0.904
0.872
0.88
0.916
0.928
0.876
0.872
0.924
1
0.972
1.032
1
0.98
0.956
0.928
0.872
0.88
0.916
0.928
0.892
0.924
0.972
0.976
0.98
0.932
0.916
0.916
0.896
0.9
0.94
0.972
0.94
0.948
0.992
0.996
0.94
0.928
0.976
0.988
0.936
0.916
0.96
0.96
0.928
0.888
0.908
0.948
0.936
0.912
0.92
0.956
0.988
0.964
0.988
0.992
0.984
0.936
0.928
0.936
0.932
0.896
0.872
0.884
0.876
0.888
0.864
0.868
0.892
0.936
0.944
0.936
0.96
0.964
0.924
0.908
0.944
0.912
0.88
0.888
0.896
0.892
0.88
0.908
0.948
0.944
0.916
0.932
0.94
0.924
0.888
0.884
0.916
0.924
0.924
0.94
0.972
0.996
0.964
0.932
0.944
0.968
0.96
0.94
0.968
0.984
0.952
0.952
0.956
0.936
0.912
0.92
0.952
0.964
0.932
0.904
0.904
0.928
0.924
0.948
1.032
1.032
1.004
0.976
0.996
0.956
0.908
0.908
0.924
0.936
0.932
0.964
0.996
0.956
0.94
0.944
0.928
0.912
0.908
0.92
0.9
0.888
0.92
0.92
0.924
0.892
0.908
0.936
0.964
0.948
0.94
0.98
1
0.972
0.944
0.94
0.948
0.92
0.896
0.904
0.924
0.912
0.924
0.952
0.972
0.984
0.96
0.956
0.964
0.956
0.936
0.964
0.988
0.948
0.94
0.952
0.94
0.94
0.944
0.976
0.972
0.944
0.924
0.936
0.94
0.924
0.924
0.96
0.996
0.964
0.984
0.984
0.972
0.948
0.972
0.992
0.972
0.952
0.98
1
0.976
0.952
0.956
0.964
0.932
0.888
0.824
0.812
0.804
0.792
0.852
0.884
0.968
1.032
1
0.976
0.928
0.912
0.884
0.916
0.94
0.972
1.068
1.136
1.08
1.08
1.1
1.076
1.008
0.988
1
1.024
1.032
1.064
1.096
1.076
1.052
1.052
1.088
1.036
1.004
1.028
1.032
1.004
1.028
1.064
1.048
1
1.004
1
0.964
0.976
1.076
1.12
1.08
1.1
1.1
1.048
1.048
1.036
1
0.952
0.964
1
1.032
1.012
1.024
1.028
1.024
0.98
0.988
0.992
0.976
0.948
0.948
0.96
0.988
0.964
0.94
0.94
0.94
0.92
0.928
0.988
1.004
0.972
0.972
0.984
0.976
0.96
0.98
0.976
0.98
0.984
1.004
1.016
0.988
0.98
0.992
0.992
0.972
0.98
0.996
1.024
0.968
0.936
0.936
0.932
0.924
0.952
0.968
0.952
0.908
0.856
0.788
0.776
0.808
0.852
0.84
0.84
0.856
0.872
0.888
0.872
0.86
0.844
0.848
0.856
0.872
0.856
0.86
0.852
0.848
0.852
0.852
0.852
0.86
0.86
0.848
0.848
0.868
0.848
0.84
0.856
0.864
0.888
0.896
0.904
0.892
0.888
0.88
0.864
0.852
0.82
0.804
0.848
0.86
0.876
0.872
0.884
0.884
0.868
0.848
0.816
0.792
0.792
0.8
0.824
0.828
0.824
0.812
0.804
0.8
0.792
0.776
0.768
0.756
0.752
0.752
0.748
0.72
0.72
0.712
0.712
0.696
0.692
0.696
0.688
0.692
0.692
0.708
0.708
0.716
0.708
0.704
0.696
0.68
0.676
0.688
0.748
0.796
0.784
0.764
0.732
0.712
0.688
0.676
0.676
0.684
0.696
0.716
0.744
0.748
0.756
0.752
0.74
0.724
0.716
0.7
0.684
0.668
0.656
0.648
0.652
0.66
0.7
0.736
0.772
0.784
0.788
0.788
0.772
0.748
0.708
0.68
0.66
0.644
0.636
0.648
0.668
0.696
0.712
0.704
0.724
0.728
0.728
0.716
0.724
0.712
0.704
0.688
0.676
0.664
0.656
0.664
0.68
0.704
0.716
0.72
0.72
0.712
0.708
0.716
0.724
0.724
0.716
0.72
0.708
0.692
0.692
0.684
0.692
0.7
0.716
0.744
0.772
0.756
0.744
0.72
0.712
0.704
0.696
0.692
0.672
0.668
0.66
0.68
0.716
0.74
0.748
0.732
0.712
0.696
0.672
0.66
0.652
0.648
0.652
0.644
0.648
0.656
0.668
0.684
0.7
0.716
0.716
0.72
0.704
0.7
0.68
0.664
0.656
0.652
0.652
0.648
0.648
0.644
0.632
0.628
0.62
0.632
0.64
0.672
0.696
0.724
0.744
0.74
0.732
0.712
0.692
0.668
0.644
0.64
0.636
0.648
0.672
0.692
0.736
0.744
0.76
0.752
0.748
0.74
0.744
0.748
0.732
0.712
0.692
0.668
0.648
0.64
0.636
0.644
0.648
0.664
0.672
0.672
0.672
0.672
0.672
0.676
0.672
0.66
0.656
0.644
0.64
0.636
0.628
0.628
0.624
0.616
0.612
0.62
0.632
0.66
0.688
0.716
0.72
0.724
0.728
0.72
0.712
0.688
0.68
0.66
0.656
0.656
0.676
0.716
0.764
0.756
0.752
0.736
0.716
0.696
0.676
0.668
0.664
0.672
0.684
0.696
0.716
0.74
0.748
0.756
0.744
0.728
0.708
0.7
0.688
0.684
0.68
0.684
0.68
0.684
0.676
0.676
0.676
0.68
0.708
0.716
0.744
0.744
0.728
0.716
0.708
0.704
0.696
0.692
0.688
0.684
0.688
0.696
0.692
0.684
0.696
0.684
0.684
0.688
0.692
0.7
0.7
0.716
0.728
0.724
0.716
0.696
0.688
0.672
0.664
0.664
0.664
0.656
0.668
0.688
0.704
0.736
0.752
0.752
0.752
0.756
0.748
0.732
0.712
0.712
0.7
0.704
0.716
0.716
0.724
0.736
0.772
0.804
0.832
0.852
0.86
0.836
0.812
0.808
0.8
0.796
0.804
0.812
0.816
0.82
0.824
0.812
0.796
0.8
0.784
0.764
0.776
0.82
0.832
0.852
0.848
0.84
0.848
0.816
0.8
0.816
0.844
0.876
0.9
0.892
0.9
0.908
0.888
0.868
0.876
0.904
0.896
0.872
0.88
0.884
0.86
0.884
0.936
0.916
0.908
0.928
0.924
0.9
0.908
0.908
0.884
0.88
0.896
0.892
0.884
0.916
0.908
0.9
0.932
0.944
0.904
0.924
0.928
0.892
0.9
0.924
0.916
0.904
0.932
0.94
0.924
0.952
0.988
0.968
0.964
0.98
0.952
0.952
0.964
0.952
0.94
0.94
0.936
0.924
0.936
0.936
0.9
0.852
0.852
0.88
0.908
0.932
0.992
1.024
0.968
0.964
0.98
0.96
0.972
1.012
0.984
0.968
0.98
0.988
0.956
0.964
0.96
0.932
0.952
0.972
0.992
0.98
1.004
1.032
0.984
0.968
0.972
0.944
0.924
0.944
0.972
0.944
0.956
0.96
0.944
0.92
0.932
0.96
0.968
0.972
1.012
0.996
0.992
1.008
0.984
0.944
0.924
0.916
0.94
0.94
0.972
1.04
1.052
1.012
1.024
1.044
1.012
1.004
1.02
0.98
0.98
1.004
1.008
1.04
1.08
1.052
1.008
0.996
1.024
0.996
1.04
1.072
1.052
1.044
1.02
1.012
1
1.004
1.016
0.988
1.012
1.016
0.988
1
1.02
1
1.024
1.048
1.028
1.036
1.028
1
0.996
0.976
0.936
0.932
0.964
1.012
1.012
1.072
1.1
1.084
1.092
1.104
1.056
1.032
1.02
0.988
0.956
0.968
1.048
1.044
1.024
1.056
1.052
1.048
1.016
1.032
1.024
1.016
1.036
1.028
1.008
0.976
1.016
1.084
1.048
1.068
1.068
1.032
1.032
1.044
1.028
1.028
1.048
1.032
0.992
1
1.016
1
1.028
1.06
1.044
1.08
1.048
1.008
1.004
1
0.972
0.992
0.996
0.956
0.948
0.976
1.008
0.996
1.008
1
0.976
0.988
0.992
0.98
0.964
0.948
0.916
0.892
0.936
0.984
1
0.992
1
1.004
1.012
1.032
1.044
1.04
1.04
1.032
1.008
0.988
1.004
1.032
1.008
1.02
1.036
1
1.024
1.056
1.036
1.056
1.04
0.988
1.004
1.024
1.04
1.024
1.052
1.084
1.064
1.036
1.052
1.024
1.028
1.04
1
1.016
1.052
1.02
1.056
1.092
1.06
1.088
1.096
1.056
1.052
1.06
1
1
1.004
0.976
0.976
1.012
1.016
1.024
1.032
1.012
1.02
1.024
0.98
0.976
1.008
0.996
0.988
1.028
1.028
0.988
0.98
0.984
0.976
0.936
0.956
1.012
1.004
1.028
1.056
1.024
1.028
1.016
0.972
0.96
0.976
0.98
0.972
1.024
1.028
1.024
1.08
1.06
0.98
0.908
0.836
0.804
0.784
0.776
0.776
0.772
0.768
0.744
0.724
0.7
0.692
0.684
0.68
0.68
0.676
0.668
0.664
0.664
0.66
0.652
0.656
0.676
0.708
0.78
0.828
0.868
0.876
0.908
0.912
0.908
0.856
0.836
0.8
0.772
0.768
0.788
0.816
0.816
0.812
0.768
0.752
0.748
0.704
0.68
0.676
0.672
0.68
0.708
0.744
0.804
0.808
0.788
0.788
0.748
0.732
0.72
0.708
0.692
0.676
0.672
0.66
0.668
0.68
0.716
0.792
0.824
0.816
0.792
0.76
0.728
0.704
0.728
0.748
0.76
0.78
0.768
0.756
0.76
0.76
0.748
0.736
0.756
0.756
0.768
0.764
0.76
0.744
0.748
0.76
0.764
0.768
0.776
0.756
0.736
0.72
0.72
0.712
0.728
0.724
0.748
0.744
0.744
0.728
0.708
0.704
0.716
0.724
0.732
0.736
0.74
0.732
0.72
0.716
0.724
0.72
0.708
0.688
0.68
0.664
0.664
0.672
0.68
0.72
0.776
0.788
0.784
0.796
0.792
0.792
0.768
0.736
0.716
0.708
0.7
0.688
0.68
0.672
0.676
0.684
0.7
0.744
0.78
0.812
0.808
0.828
0.82
0.832
0.804
0.748
0.728
0.712
0.708
0.712
0.704
0.712
0.716
0.732
0.76
0.796
0.8
0.808
0.812
0.784
0.78
0.752
0.728
0.708
0.696
0.692
0.704
0.728
0.76
0.816
0.82
0.832
0.824
0.816
0.772
0.728
0.712
0.7
0.704
0.7
0.736
0.728
0.724
0.744
0.756
0.772
0.768
0.768
0.76
0.76
0.764
0.748
0.736
0.732
0.72
0.716
0.704
0.712
0.716
0.724
0.736
0.74
0.732
0.744
0.752
0.764
0.752
0.744
0.748
0.752
0.732
0.72
0.692
0.692
0.688
0.7
0.708
0.716
0.708
0.72
0.728
0.736
0.732
0.72
0.708
0.704
0.712
0.708
0.716
0.712
0.728
0.736
0.752
0.744
0.74
0.724
0.712
0.744
0.764
0.76
0.776
0.76
0.752
0.744
0.772
0.768
0.768
0.788
0.796
0.744
0.728
0.756
0.732
0.676
0.688
0.656
0.644
0.64
0.636
0.64
0.648
0.672
0.74
0.764
0.804
0.848
0.88
0.908
0.868
0.892
0.944
0.952
0.948
0.944
0.992
0.92
0.928
0.952
0.904
0.92
0.948
0.956
0.892
0.912
0.944
0.908
0.936
0.972
0.964
0.96
0.972
0.992
0.956
0.928
0.932
0.94
0.912
0.94
0.968
0.968
0.976
0.992
0.984
0.952
0.984
1.008
0.972
0.984
1.012
0.976
0.98
0.98
0.956
0.94
0.964
0.992
0.948
0.952
0.956
0.964
0.932
0.928
0.96
0.968
0.948
0.968
0.98
0.944
0.948
0.968
0.94
0.912
0.932
0.964
0.964
0.98
1
1.008
1.012
1.048
1.024
1.032
1.052
1.052
1.032
1.056
1.024
0.984
0.988
1.012
0.984
0.98
1.024
1.004
1.072
1.116
1.064
1.032
1.008
0.956
0.872
0.8
0.852
0.92
0.944
0.992
1.02
1.004
0.988
0.996
0.972
0.948
0.956
0.98
0.936
0.952
0.964
0.972
0.964
0.976
1.008
0.964
0.964
0.996
1.004
0.984
1.008
1.028
0.988
0.964
0.996
1.012
0.98
1.02
1.008
0.98
1.016
1.044
1.012
1.008
1.016
0.988
0.972
1.008
1.028
0.988
0.972
0.988
0.964
0.96
1
1.02
0.992
0.996
1
0.968
0.976
0.996
0.988
0.996
1.016
0.992
0.98
1.012
1.024
0.988
1.008
1.028
0.996
1.016
1.036
1
0.996
1.004
1
0.976
0.984
1.004
0.984
1.008
1.044
1.016
1.04
1.04
1.008
1.028
1.064
1.024
1.012
1.008
0.984
1.004
1.02
0.984
0.98
1.012
0.988
0.98
1.016
1.012
0.988
1
1.004
1.012
0.984
1.008
1.048
1.02
1.028
1.068
1.04
1.008
1.008
1.024
0.992
0.952
0.948
0.956
1.008
1.012
1.084
1.1
1.08
1.084
1.04
1
0.996
1
0.98
1.056
1.096
1.06
1.072
1.06
0.996
0.98
1.008
0.996
0.976
1.06
1.048
1.06
1.084
1.06
1.028
1.044
1.036
1.012
1.048
1.088
1.06
1.044
1.06
1.076
1.044
1.04
1.008
0.948
0.924
0.952
1.016
1.016
0.92
0.86
0.928
0.94
0.948
1.012
1.028
0.98
0.976
0.952
0.884
0.872
0.88
0.908
0.884
0.908
0.948
0.964
0.936
0.952
0.956
0.944
0.944
0.964
0.948
0.904
0.916
0.944
0.932
0.932
0.956
0.968
0.932
0.956
0.96
0.948
0.948
0.968
0.952
0.924
0.9
0.892
0.9
0.912
0.924
0.892
0.872
0.868
0.86
0.844
0.812
0.784
0.788
0.812
0.816
0.816
0.816
0.796
0.796
0.788
0.784
0.792
0.796
0.788
0.768
0.776
0.792
0.808
0.8
0.796
0.776
0.756
0.748
0.756
0.816
0.844
0.836
0.832
0.836
0.816
0.8
0.784
0.764
0.772
0.764
0.756
0.772
0.824
0.836
0.88
0.896
0.904
0.9
0.864
0.82
0.776
0.756
0.732
0.732
0.724
0.728
0.756
0.78
0.792
0.816
0.8
0.772
0.744
0.728
0.72
0.716
0.704
0.696
0.704
0.708
0.724
0.732
0.736
0.74
0.736
0.74
0.74
0.744
0.732
0.728
0.712
0.708
0.704
0.692
0.68
0.664
0.644
0.632
0.628
0.632
0.624
0.628
0.648
0.684
0.712
0.732
0.776
0.788
0.784
0.768
0.74
0.708
0.676
0.664
0.644
0.64
0.644
0.644
0.648
0.648
0.656
0.672
0.688
0.724
0.772
0.78
0.8
0.804
0.8
0.78
0.756
0.724
0.708
0.696
0.688
0.704
0.732
0.76
0.772
0.784
0.776
0.772
0.764
0.748
0.728
0.716
0.712
0.708
0.712
0.736
0.768
0.76
0.78
0.772
0.764
0.78
0.784
0.788
0.804
0.772
0.76
0.756
0.744
0.732
0.744
0.76
0.772
0.764
0.76
0.756
0.756
0.74
0.748
0.76
0.756
0.76
0.756
0.76
0.744
0.728
0.716
0.704
0.688
0.676
0.676
0.68
0.692
0.692
0.7
0.712
0.7
0.708
0.708
0.704
0.7
0.704
0.692
0.676
0.672
0.672
0.664
0.66
0.664
0.676
0.668
0.672
0.688
0.7
0.72
0.736
0.736
0.732
0.72
0.704
0.68
0.668
0.664
0.656
0.664
0.66
0.684
0.696
0.708
0.712
0.7
0.692
0.672
0.684
0.7
0.732
0.76
0.752
0.76
0.744
0.724
0.712
0.704
0.692
0.688
0.676
0.664
0.656
0.652
0.66
0.672
0.68
0.704
0.724
0.736
0.764
0.748
0.736
0.724
0.708
0.7
0.688
0.68
0.668
0.676
0.68
0.7
0.72
0.744
0.764
0.76
0.752
0.74
0.692
0.776
0.788
0.78
0.8
0.824
0.836
0.936
1
1
0.956
0.9
0.804
0.808
0.864
0.96
0.952
0.94
0.94
0.936
0.936
0.896
0.88
0.9
0.964
0.988
0.928
0.94
0.96
0.996
0.944
0.94
0.944
0.94
0.904
0.908
0.988
1.024
0.984
1
0.996
0.952
0.952
0.964
0.96
0.968
0.996
0.968
0.944
0.976
1.008
0.952
0.988
1.032
0.98
0.992
1.024
0.976
0.992
1.032
0.988
0.984
0.992
0.976
0.96
0.988
0.992
0.972
0.996
0.988
0.94
0.948
0.96
0.928
0.904
0.92
0.94
0.912
0.944
0.976
0.976
0.968
0.996
0.996
0.96
0.964
0.976
0.94
0.932
0.956
0.956
0.932
0.956
0.972
0.964
0.96
0.972
0.988
1.032
1.06
1.008
1.012
1.024
1.012
1.036
1.04
1.032
1.04
1.02
0.988
0.98
0.968
0.928
0.964
0.996
0.952
0.944
0.984
0.968
0.944
0.948
0.908
0.852
0.844
0.852
0.884
0.916
0.948
1.012
1.02
1.016
1.044
0.992
0.952
0.956
0.964
0.936
0.952
0.968
0.96
0.968
0.968
0.944
0.932
0.956
0.956
0.92
0.948
0.972
0.984
0.992
1.028
1.04
0.984
0.964
0.944
0.904
0.908
0.948
0.992
0.984
1.024
1.048
1
0.988
0.988
0.944
0.948
0.98
0.964
0.964
0.992
0.992
0.924
0.9
0.86
0.8
0.8
0.828
0.872
0.9
0.92
1.072
1.06
1.024
0.984
0.964
0.944
0.948
0.928
0.948
0.988
1.008
1.02
1.044
1.028
0.996
0.996
0.988
0.988
0.964
0.944
0.96
0.972
0.956
0.952
0.952
0.956
0.948
0.94
0.968
0.96
0.952
0.968
1
0.988
0.976
0.992
1.02
1
1.016
1.032
1.008
1.02
1.024
0.98
0.992
1.008
0.964
0.984
1.016
1
1.028
1.04
1.016
1.004
1
0.992
1.008
1.044
1.044
1.064
1.084
1.02
1.008
0.96
0.924
0.92
0.96
1.056
1.1
1.084
1.124
1.096
1.064
1.068
1.072
1.032
1.024
1.02
0.984
0.976
0.992
1.028
1.036
1.036
1.008
1.032
1.048
1.012
1.052
1.052
1.028
1.028
1
0.98
0.996
1.028
