0.14
0.728
0.74
0.784
0.788
0.792
0.808
0.78
0.768
0.8
0.796
0.768
0.796
0.78
0.764
0.788
0.78
0.596
1
0.8
0.816
0.82
0.78
0.808
0.812
0.776
0.808
0.824
0.808
0.828
0.808
0.824
0.84
0.808
0.816
0.8
0.788
0.812
0.804
0.84
0.872
0.828
0.844
0.804
0.8
0.824
0.784
0.8
0.82
0.784
0.804
0.824
0.796
0.836
0.832
0.812
0.84
0.804
0.788
0.816
0.776
0.804
0.804
0.784
0.836
0.792
0.792
0.812
0.776
0.808
0.82
0.8
0.848
0.844
0.8
0.832
0.816
0.788
0.84
0.864
0.808
0.832
0.836
0.788
0.82
0.836
0.808
0.832
0.816
0.812
0.856
0.812
0.808
0.84
0.796
0.8
0.82
0.792
0.808
0.832
0.788
0.82
0.808
0.788
0.816
0.836
0.788
0.816
0.836
0.82
0.856
0.9
0.832
0.852
0.856
0.816
0.868
0.9
0.82
0.816
0.792
0.784
0.824
0.808
0.824
0.856
0.828
0.844
0.84
0.816
0.808
0.768
0.768
0.784
0.772
0.812
0.8
0.78
0.764
0.76
0.74
0.704
0.616
0.816
0.764
0.768
0.768
0.8
0.784
0.808
0.8
0.812
0.82
0.788
0.736
0.744
0.74
0.772
0.792
0.772
0.796
0.804
0.812
0.848
0.82
0.804
0.816
0.776
0.744
0.776
0.84
0.852
0.824
0.856
0.828
0.84
0.884
0.808
0.792
0.812
0.78
0.792
0.816
0.784
0.804
0.844
0.82
0.792
0.82
0.844
0.804
0.836
0.836
0.784
0.784
0.82
0.828
0.788
0.832
0.8
0.784
0.82
0.816
0.784
0.82
0.848
0.796
0.796
0.816
0.796
0.788
0.76
0.724
0.72
0.736
0.792
0.848
0.788
0.8
0.832
0.792
0.788
0.812
0.784
0.776
0.808
0.832
0.788
0.828
0.84
0.792
0.832
0.832
0.792
0.82
0.824
0.792
0.824
0.84
0.792
0.824
0.836
0.804
0.832
0.832
0.776
0.804
0.82
0.78
0.808
0.84
0.796
0.824
0.828
0.796
0.808
0.776
0.756
0.78
0.76
0.78
0.82
0.796
0.8
0.776
0.764
0.756
0.768
0.772
0.76
0.74
0.72
0.712
0.72
0.732
0.756
0.764
0.76
0.788
0.792
0.8
0.792
0.776
0.784
0.752
0.728
0.712
0.7
0.7
0.688
0.68
0.668
0.648
0.652
0.652
0.664
0.7
0.7
0.7
0.696
0.732
0.736
0.74
0.76
0.752
0.748
0.764
0.784
0.756
0.772
0.784
0.768
0.776
0.752
0.784
0.8
0.828
0.78
0.804
0.852
0.792
0.792
0.78
0.748
0.768
0.78
0.752
0.768
0.788
0.772
0.812
0.796
0.768
0.804
0.792
0.764
0.792
0.796
0.776
0.824
0.8
0.776
0.812
0.812
0.78
0.828
0.82
0.784
0.828
0.82
0.772
0.796
0.832
0.788
0.78
0.808
0.772
0.756
0.744
0.732
0.772
0.772
0.844
0.872
0.824
0.864
0.872
0.812
0.84
0.836
0.788
0.816
0.848
0.804
0.832
0.856
0.812
0.82
0.832
0.784
0.812
0.84
0.788
0.836
0.852
0.788
0.808
0.84
0.784
0.82
0.84
0.784
0.796
0.804
0.764
0.796
0.816
0.784
0.812
0.824
0.78
0.796
0.828
0.764
0.776
0.804
0.808
0.804
0.864
0.84
0.848
0.856
0.812
0.816
0.824
0.788
0.784
0.808
0.78
0.776
0.808
0.804
0.784
0.82
0.804
0.784
0.804
0.78
0.776
0.82
0.828
0.784
0.82
0.816
0.784
0.804
0.8
0.768
0.788
0.812
0.772
0.796
0.804
0.784
0.804
0.816
0.776
0.808
0.808
0.772
0.788
0.82
0.78
0.808
0.808
0.788
0.8
0.824
0.792
0.812
0.832
0.804
0.836
0.796
0.776
0.788
0.804
0.784
0.848
0.872
0.824
0.852
0.808
0.808
0.824
0.788
0.792
0.836
0.804
0.776
0.796
0.788
0.8
0.852
0.812
0.84
0.848
0.78
0.808
0.804
0.772
0.816
0.82
0.784
0.816
0.84
0.804
0.788
0.78
0.744
0.752
0.744
0.732
0.76
0.76
0.768
0.776
0.764
0.78
0.808
0.82
0.772
0.808
0.82
0.78
0.784
0.8
0.784
0.724
0.696
0.688
0.72
0.836
0.86
0.832
0.828
0.816
0.82
0.784
0.756
0.74
0.72
0.732
0.736
0.744
0.752
0.748
0.768
0.796
0.784
0.788
0.756
0.728
0.712
0.724
0.74
0.756
0.756
0.756
0.736
0.732
0.736
0.724
0.72
0.724
0.728
0.712
0.716
0.72
0.736
0.708
0.736
0.76
0.74
0.712
0.712
0.72
0.708
0.696
0.708
0.704
0.716
0.684
0.704
0.712
0.728
0.704
0.716
0.728
0.74
0.72
0.732
0.736
0.724
0.708
0.728
0.74
0.756
0.756
0.72
0.724
0.72
0.712
0.708
0.72
0.748
0.768
0.724
0.696
0.692
0.704
0.452
0.864
0.74
0.724
0.7
0.704
0.716
0.724
0.696
0.72
0.724
0.724
0.708
0.712
0.708
0.704
0.676
0.668
0.66
0.664
0.664
0.644
0.644
0.644
0.632
0.628
0.624
0.64
0.68
0.544
0.82
0.688
0.736
0.748
0.704
0.688
0.688
0.7
0.692
0.664
0.644
0.636
0.64
0.692
0.792
0.812
0.776
0.76
0.712
0.704
0.696
0.688
0.676
0.664
0.668
0.672
0.684
0.676
0.704
0.72
0.728
0.728
0.736
0.732
0.704
0.708
0.704
0.696
0.672
0.672
0.68
0.684
0.684
0.692
0.696
0.708
0.708
0.696
0.708
0.708
0.696
0.692
0.688
0.696
0.684
0.688
0.684
0.66
0.668
0.668
0.668
0.664
0.676
0.704
0.728
0.708
0.68
0.672
0.676
0.66
0.648
0.652
0.664
0.68
0.68
0.492
0.872
0.712
0.72
0.732
0.752
0.74
0.748
0.772
0.788
0.756
0.772
0.784
0.772
0.732
0.74
0.736
0.716
0.712
0.732
0.756
0.74
0.756
0.764
0.736
0.732
0.74
0.728
0.7
0.7
0.696
0.692
0.68
0.68
0.688
0.7
0.692
0.7
0.72
0.752
0.72
0.712
0.716
0.732
0.708
0.704
0.708
0.716
0.7
0.696
0.696
0.648
0.668
0.644
0.632
0.628
0.64
0.656
0.656
0.64
0.636
0.636
0.636
0.644
0.64
0.628
0.624
0.624
0.624
0.62
0.64
0.68
0.688
0.672
0.676
0.704
0.692
0.664
0.648
0.64
0.624
0.62
0.636
0.66
0.692
0.668
0.684
0.72
0.748
0.716
0.708
0.712
0.712
0.736
0.708
0.72
0.716
0.704
0.7
0.688
0.66
0.652
0.644
0.64
0.66
0.688
0.724
0.748
0.756
0.76
0.776
0.776
0.744
0.724
0.724
0.716
0.672
0.668
0.66
0.68
0.7
0.676
0.716
0.752
0.768
0.748
0.812
0.876
0.824
0.84
0.812
0.824
0.776
0.724
0.7
0.7
0.712
0.724
0.716
0.748
0.82
0.808
0.748
0.704
0.704
0.708
0.736
0.784
0.76
0.808
0.856
0.808
0.856
0.932
0.844
0.94
0.964
0.856
0.9
0.84
0.896
0.872
0.916
0.864
0.92
0.892
0.916
0.904
0.856
0.772
0.748
0.776
0.84
0.8
0.876
0.948
0.84
0.912
0.96
0.892
0.916
0.832
0.86
0.868
0.808
0.856
0.9
0.916
0.832
0.764
0.76
0.716
0.704
0.688
0.716
0.764
0.76
0.736
0.724
0.748
0.788
0.78
0.804
0.832
0.82
0.784
0.732
0.716
0.74
0.776
0.78
0.792
0.836
0.808
0.74
0.716
0.688
0.68
0.712
0.752
0.736
0.76
0.776
0.74
0.796
0.836
0.768
0.78
0.8
0.756
0.72
0.72
0.744
0.792
0.82
0.768
0.828
0.852
0.788
0.824
0.86
0.8
0.836
0.884
0.82
0.832
0.856
0.812
0.816
0.852
0.816
0.804
0.864
0.828
0.828
0.844
0.796
0.796
0.84
0.812
0.848
0.852
0.792
0.804
0.8
0.764
0.736
0.772
0.788
0.844
0.844
0.804
0.752
0.716
0.704
0.704
0.72
0.792
0.904
0.816
0.8
0.896
0.956
0.852
0.852
0.864
0.808
0.824
0.904
0.86
0.836
0.884
0.856
0.836
0.888
0.876
0.864
0.92
0.848
0.872
0.94
0.856
0.88
0.888
0.812
0.864
0.9
0.844
0.924
0.94
0.872
0.932
0.892
0.888
0.884
0.816
0.876
0.956
0.876
0.856
0.912
0.888
0.848
0.912
0.936
0.892
0.948
0.888
0.864
0.94
0.892
0.852
0.952
0.972
0.888
0.968
0.988
0.88
0.9
0.96
0.88
0.908
0.968
0.888
0.92
0.936
0.864
0.896
0.936
0.864
0.864
0.78
0.772
0.732
0.772
0.82
0.892
0.952
0.936
0.928
0.924
0.932
0.876
0.896
0.828
0.776
0.76
0.828
0.86
0.848
0.824
0.768
0.76
0.752
0.808
0.94
0.868
0.832
0.792
0.748
0.724
0.708
0.704
0.72
0.732
0.732
0.732
0.772
0.796
0.776
0.772
0.776
0.836
0.848
0.86
0.824
0.816
0.844
0.832
0.808
0.784
0.748
0.748
0.748
0.752
0.82
0.856
0.792
0.836
0.884
0.824
0.812
0.868
0.808
0.792
0.824
0.832
0.804
0.752
0.724
0.752
0.828
0.8
0.828
0.868
0.824
0.868
0.872
0.808
0.852
0.848
0.804
0.84
0.808
0.816
0.852
0.816
0.852
0.852
0.804
0.844
0.816
0.8
0.836
0.804
0.812
0.832
0.812
0.76
0.732
0.712
0.748
0.828
0.852
0.84
0.916
0.844
0.844
0.872
0.808
0.828
0.864
0.824
0.86
0.84
0.792
0.82
0.84
0.824
0.892
0.88
0.876
0.924
0.896
0.852
0.884
0.852
0.86
0.908
0.868
0.84
0.876
0.864
0.872
0.92
0.86
0.9
0.98
0.908
0.972
0.936
0.908
0.96
0.912
0.932
0.952
0.876
0.928
0.928
0.88
0.94
0.904
0.856
0.912
0.904
0.868
0.924
0.892
0.904
0.992
0.928
0.976
0.96
0.868
0.872
0.856
0.864
0.836
0.764
0.744
0.736
0.796
0.912
0.904
0.864
0.952
0.892
0.872
0.936
0.868
0.84
0.88
0.828
0.824
0.86
0.828
0.844
0.92
0.88
0.904
0.96
0.884
0.872
0.884
0.86
0.844
0.88
0.832
0.852
0.88
0.836
0.86
0.888
0.828
0.888
0.848
0.84
0.904
0.844
0.876
0.896
0.84
0.884
0.908
0.852
0.88
0.872
0.832
0.896
0.876
0.84
0.892
0.86
0.836
0.888
0.864
0.864
0.92
0.868
0.832
0.848
0.832
0.812
0.868
0.836
0.856
0.872
0.788
0.772
0.776
0.788
0.86
0.856
0.836
0.896
0.924
0.856
0.908
0.916
0.856
0.872
0.884
0.828
0.864
0.876
0.84
0.904
0.872
0.824
0.86
0.86
0.824
0.876
0.872
0.84
0.884
0.892
0.836
0.868
0.86
0.808
0.84
0.864
0.816
0.864
0.876
0.816
0.848
0.876
0.824
0.844
0.856
0.812
0.864
0.868
0.812
0.872
0.848
0.804
0.844
0.808
0.784
0.816
0.812
0.772
0.82
0.856
0.804
0.844
0.848
0.8
0.856
0.828
0.796
0.82
0.804
0.784
0.812
0.804
0.772
0.8
0.784
0.788
0.828
0.8
0.812
0.844
0.796
0.788
0.804
0.776
0.764
0.78
0.78
0.772
0.82
0.844
0.788
0.816
0.792
0.768
0.796
0.804
0.812
0.86
0.832
0.84
0.864
0.816
0.832
0.772
0.728
0.716
0.7
0.712
0.708
0.728
0.756
0.76
0.724
0.732
0.692
0.68
0.676
0.68
0.708
0.724
0.708
0.72
0.728
0.752
0.792
0.796
0.804
0.816
0.768
0.724
0.716
0.768
0.852
0.884
0.896
0.872
0.868
0.864
0.852
0.82
0.832
0.828
0.84
0.84
0.784
0.796
0.836
0.808
0.84
0.856
0.82
0.832
0.848
0.848
0.816
0.836
0.84
0.812
0.816
0.808
0.792
0.784
0.768
0.732
0.736
0.736
0.728
0.712
0.748
0.728
0.756
0.776
0.732
0.74
0.76
0.768
0.752
0.744
0.756
0.784
0.772
0.744
0.712
0.7
0.704
0.708
0.704
0.716
0.756
0.8
0.792
0.792
0.804
0.78
0.492
0.9
0.788
0.736
0.7
0.7
0.508
0.904
0.756
0.744
0.768
0.8
0.772
0.804
0.816
0.788
0.548
0.92
0.8
0.768
0.756
0.78
0.776
0.76
0.78
0.808
0.756
0.764
0.752
0.74
0.58
0.848
0.748
0.74
0.744
0.764
0.768
0.744
0.764
0.776
0.756
0.74
0.744
0.764
0.728
0.744
0.748
0.732
0.492
0.864
0.732
0.716
0.712
0.704
0.692
0.712
0.728
0.696
0.696
0.704
0.728
0.728
0.708
0.724
0.732
0.708
0.704
0.708
0.712
0.692
0.704
0.724
0.728
0.716
0.732
0.748
0.732
0.756
0.764
0.756
0.76
0.764
0.768
0.74
0.744
0.74
0.716
0.732
0.728
0.736
0.724
0.736
0.748
0.732
0.724
0.72
0.716
0.688
0.688
0.676
0.688
0.68
0.672
0.66
0.656
0.648
0.664
0.692
0.692
0.692
0.712
0.728
0.724
0.716
0.728
0.736
0.716
0.692
0.672
0.672
0.452
0.86
0.752
0.748
0.764
0.756
0.752
0.728
0.732
0.732
0.752
0.744
0.736
0.748
0.764
0.768
0.736
0.744
0.736
0.724
0.704
0.696
0.704
0.724
0.74
0.724
0.748
0.752
0.732
0.728
0.74
0.736
0.72
0.736
0.744
0.736
0.76
0.764
0.748
0.728
0.728
0.72
0.704
0.704
0.704
0.68
0.688
0.696
0.692
0.688
0.708
0.7
0.688
0.688
0.684
0.672
0.672
0.672
0.652
0.648
0.636
0.62
0.444
0.72
0.644
0.64
0.656
0.688
0.716
0.692
0.728
0.768
0.772
0.732
0.732
0.74
0.728
0.708
0.704
0.724
0.712
0.7
0.72
0.732
0.72
0.704
0.724
0.732
0.724
0.72
0.74
0.74
0.712
0.716
0.736
0.728
0.704
0.72
0.712
0.692
0.688
0.708
0.724
0.704
0.708
0.704
0.672
0.672
0.664
0.672
0.704
0.744
0.712
0.724
0.744
0.792
0.812
0.784
0.848
0.904
0.956
0.992
0.996
0.884
0.888
0.872
0.952
0.956
1.056
1.048
1.052
0.96
0.94
0.888
0.968
0.992
0.972
0.932
0.908
0.888
0.96
0.976
0.896
0.888
0.98
0.916
0.956
0.972
0.892
0.852
0.876
1.04
1.008
0.932
1.024
0.98
1.02
1.004
1
1.032
0.98
1.024
0.984
1.02
0.98
1.004
1.024
1.008
1.028
0.98
1.04
1
1.012
1.02
1.008
1.056
0.996
1.048
1.02
1.02
1.064
0.996
1.044
0.96
0.884
0.96
0.916
0.944
1.028
0.94
0.984
1.032
0.912
0.94
0.98
0.892
0.964
1.02
0.924
0.98
0.992
0.876
0.928
0.904
0.848
0.916
0.908
0.868
0.952
0.924
0.924
1
0.904
0.96
0.96
0.904
0.944
0.888
0.896
0.96
0.864
0.876
0.872
0.88
0.94
0.868
0.98
0.9
0.968
0.908
0.928
0.924
0.864
0.784
0.768
0.832
0.98
0.916
1.008
0.928
0.988
0.94
0.892
0.924
0.868
0.932
0.896
0.872
0.924
0.872
0.884
0.82
0.86
0.876
0.852
0.804
0.752
0.74
0.744
0.788
0.852
0.812
0.9
0.908
0.82
0.872
0.896
0.8
0.836
0.88
0.82
0.872
0.924
0.848
0.92
0.876
0.844
0.892
0.84
0.896
0.928
0.848
0.896
0.864
0.82
0.864
0.832
0.828
0.908
0.856
0.864
0.912
0.844
0.884
0.9
0.844
0.908
0.9
0.844
0.888
0.88
0.856
0.916
0.88
0.892
0.948
0.872
0.916
0.948
0.86
0.92
0.94
0.864
0.92
0.96
0.884
0.956
0.92
0.892
0.944
0.876
0.864
0.904
0.864
0.88
0.916
0.848
0.892
0.908
0.852
0.912
0.896
0.824
0.864
0.856
0.856
0.82
0.808
0.772
0.764
0.748
0.72
0.704
0.688
0.692
0.692
0.736
0.788
0.76
0.74
0.724
0.764
0.764
0.748
0.804
0.868
0.804
0.76
0.74
0.772
0.812
0.856
0.804
0.768
0.768
0.804
0.916
0.924
0.876
0.924
0.876
0.804
0.832
0.836
0.824
0.772
0.736
0.748
0.812
0.852
0.812
0.876
0.924
0.832
0.928
0.876
0.844
0.88
0.84
0.816
0.82
0.788
0.736
0.736
0.784
0.808
0.792
0.824
0.784
0.796
0.804
0.764
0.74
0.696
0.7
0.74
0.776
0.76
0.796
0.876
0.828
0.844
0.9
0.836
0.824
0.904
0.872
0.828
0.872
0.892
0.828
0.864
0.848
0.816
0.86
0.836
0.816
0.824
0.848
0.816
0.764
0.736
0.776
0.82
0.852
0.856
0.776
0.768
0.772
0.768
0.812
0.86
0.8
0.872
0.98
0.888
0.94
0.912
0.896
0.936
0.848
0.904
0.944
0.872
0.884
0.844
0.856
0.892
0.816
0.772
0.78
0.808
0.86
0.916
0.916
0.832
0.868
0.912
0.816
0.848
0.836
0.828
0.908
0.884
0.928
0.952
0.876
0.928
0.888
0.888
0.92
0.852
0.908
0.868
0.884
0.904
0.856
0.896
0.844
0.832
0.868
0.828
0.868
0.888
0.832
0.88
0.848
0.832
0.888
0.82
0.856
0.86
0.82
0.86
0.864
0.828
0.872
0.844
0.808
0.848
0.84
0.82
0.808
0.772
0.76
0.792
0.816
0.868
0.828
0.848
0.872
0.832
0.876
0.908
0.82
0.852
0.88
0.832
0.884
0.896
0.852
0.912
0.86
0.868
0.928
0.876
0.892
0.884
0.816
0.84
0.884
0.84
0.892
0.968
0.896
0.932
0.956
0.908
0.936
0.892
0.86
0.908
0.856
0.88
0.856
0.828
0.776
0.804
0.82
0.86
0.876
0.844
0.78
0.76
0.812
0.856
0.812
0.876
0.892
0.832
0.884
0.952
0.864
0.86
0.884
0.828
0.888
0.856
0.868
0.896
0.828
0.808
0.868
0.888
0.82
0.86
0.932
0.872
0.828
0.872
0.888
0.816
0.852
0.884
0.864
0.808
0.808
0.852
0.868
0.88
0.868
0.904
0.896
0.92
0.96
0.892
0.928
0.96
0.924
0.944
0.94
0.9
0.908
0.912
0.86
0.892
0.912
0.856
0.872
0.884
0.824
0.832
0.84
0.828
0.8
0.828
0.836
0.812
0.84
0.852
0.776
0.724
0.732
0.776
0.864
0.884
0.876
0.856
0.828
0.792
0.796
0.776
0.736
0.728
0.748
0.732
0.72
0.696
0.708
0.756
0.776
0.78
0.796
0.792
0.764
0.772
0.784
0.756
0.764
0.78
0.776
0.756
0.768
0.776
0.752
0.76
0.772
0.776
0.748
0.76
0.784
0.78
0.804
0.84
0.844
0.808
0.788
0.78
0.812
0.828
0.828
0.784
0.776
0.776
0.756
0.732
0.728
0.728
0.704
0.7
0.704
0.496
0.808
0.696
0.672
0.668
0.656
0.524
0.824
0.736
0.732
0.756
0.776
0.772
0.728
0.736
0.744
0.724
0.704
0.688
0.684
0.684
0.676
0.664
0.656
0.64
0.636
0.648
0.708
0.812
0.848
0.788
0.812
0.836
0.812
0.736
0.716
0.716
0.708
0.704
0.724
0.728
0.696
0.684
0.54
0.824
0.728
0.72
0.74
0.748
0.764
0.748
0.556
0.912
0.784
0.764
0.74
0.748
0.752
0.768
0.768
0.784
0.784
0.756
0.772
0.772
0.764
0.744
0.74
0.744
0.732
0.724
0.74
0.768
0.764
0.74
0.772
0.796
0.772
0.772
0.78
0.788
0.752
0.744
0.756
0.772
0.756
0.756
0.764
0.768
0.732
0.728
0.748
0.752
0.728
0.748
0.756
0.736
0.716
0.728
0.74
0.732
0.712
0.728
0.74
0.744
0.712
0.724
0.74
0.744
0.712
0.724
0.736
0.712
0.696
0.704
0.708
0.696
0.7
0.704
0.704
0.68
0.692
0.704
0.716
0.7
0.724
0.744
0.748
0.728
0.528
0.896
0.772
0.768
0.78
0.776
0.756
0.772
0.792
0.76
0.752
0.756
0.736
0.728
0.728
0.736
0.708
0.716
0.72
0.712
0.692
0.696
0.728
0.752
0.716
0.736
0.724
0.696
0.712
0.724
0.696
0.7
0.712
0.724
0.724
0.7
0.712
0.732
0.736
0.704
0.688
0.684
0.672
0.696
0.74
0.508
0.868
0.752
0.796
0.796
0.748
0.756
0.768
0.74
0.736
0.732
0.744
0.724
0.696
0.7
0.712
0.732
0.744
0.712
0.704
0.7
0.704
0.688
0.688
0.684
0.692
0.676
0.688
0.712
0.696
0.708
0.724
0.752
0.756
0.764
0.748
0.736
0.756
0.756
0.74
0.744
0.724
0.7
0.7
0.688
0.732
0.784
0.8
0.804
0.856
0.844
0.824
0.864
0.82
0.78
0.784
0.776
0.764
0.732
0.7
0.7
0.732
0.788
0.78
0.808
0.848
0.812
0.852
0.868
0.836
0.9
0.864
0.896
0.956
0.86
0.904
0.948
0.856
0.884
0.956
0.876
0.936
0.916
0.876
0.94
0.884
0.952
0.944
0.948
0.976
0.88
0.956
0.944
0.94
1
0.912
0.944
0.916
0.924
0.964
0.88
0.936
0.912
0.964
1.012
0.932
1.016
0.944
1.02
0.956
0.96
0.976
0.88
0.816
0.832
0.908
0.984
0.912
1.012
0.924
1
0.976
0.904
0.976
0.92
0.936
0.984
0.872
0.924
0.952
0.92
1.008
0.944
0.964
0.984
0.896
0.964
0.96
0.952
1.008
0.928
0.992
0.976
0.936
0.964
0.868
0.92
0.94
0.904
1
0.924
0.996
0.968
0.888
0.944
0.924
0.912
0.964
0.884
0.892
0.972
0.908
0.948
0.96
0.912
1
0.928
0.976
0.96
0.9
0.968
0.94
0.98
1.016
0.952
1.024
0.992
0.916
0.968
0.944
0.924
1.048
0.976
1.016
1.044
0.96
1.048
1.036
0.968
1.048
1.016
0.956
1.06
1.028
0.924
0.996
0.988
0.924
1.028
1.028
1.012
1.068
0.94
0.988
1.004
0.912
1.024
1.012
0.968
0.992
0.876
0.884
0.852
0.864
0.9
0.872
0.928
0.92
0.82
0.824
0.828
0.896
0.896
0.876
0.796
0.768
0.768
0.784
0.796
0.784
0.82
0.792
0.816
0.812
0.772
0.792
0.768
0.764
0.812
0.824
0.808
0.86
0.82
0.836
0.884
0.828
0.868
0.932
0.86
0.9
0.908
0.848
0.884
0.84
0.824
0.868
0.84
0.872
0.92
0.856
0.912
0.848
0.82
0.82
0.848
0.896
0.912
0.88
0.84
0.78
0.736
0.72
0.76
0.868
0.848
0.88
0.932
0.848
0.948
0.984
0.86
0.916
0.992
0.876
0.924
1
0.888
0.992
1.04
0.904
0.996
0.912
0.9
1.004
0.908
0.952
0.972
0.884
0.976
0.948
0.912
0.972
0.9
0.94
0.952
0.856
0.92
0.888
0.928
0.956
0.888
0.968
0.904
0.952
0.992
0.916
0.996
0.956
0.896
0.952
0.896
0.888
0.9
0.856
0.872
0.968
0.896
0.944
0.992
0.896
0.964
0.936
0.936
0.98
0.904
0.94
0.98
0.884
0.896
0.884
0.868
0.96
0.892
0.936
0.964
0.892
0.98
1.008
0.928
0.944
0.964
0.88
0.936
0.984
0.912
1
1.036
0.976
0.996
0.976
0.892
0.964
0.984
0.912
0.98
1
0.904
0.972
0.932
0.876
0.952
0.932
0.92
0.948
0.884
0.884
0.888
0.812
0.84
0.832
0.948
0.952
0.908
0.988
0.932
0.908
0.976
0.924
0.884
0.912
0.876
0.868
0.92
0.876
0.912
0.94
0.872
0.852
0.936
0.876
0.928
1.028
0.924
0.94
0.9
0.856
0.852
0.832
0.828
0.832
0.784
0.784
0.804
0.776
0.804
0.816
0.8
0.752
0.736
0.736
0.776
0.776
0.768
0.836
0.84
0.844
0.896
0.836
0.836
0.88
0.844
0.852
0.856
0.824
0.888
0.868
0.832
0.896
0.86
0.86
0.908
0.844
0.876
0.936
0.872
0.888
0.932
0.852
0.88
0.912
0.84
0.868
0.864
0.82
0.868
0.864
0.828
0.884
0.908
0.852
0.928
0.904
0.86
0.924
0.876
0.904
0.804
0.776
0.78
0.748
0.708
0.676
0.684
0.712
0.78
0.812
0.788
0.772
0.744
0.74
0.768
0.768
0.8
0.816
0.824
0.788
0.804
0.828
0.82
0.82
0.832
0.848
0.808
0.828
0.852
0.868
0.84
0.872
0.912
0.896
0.836
0.844
0.84
0.8
0.8
0.816
0.836
0.804
0.82
0.828
0.796
0.768
0.756
0.752
0.724
0.72
0.768
0.828
0.8
0.808
0.832
0.852
0.792
0.792
0.792
0.792
0.76
0.76
0.76
0.776
0.74
0.472
0.86
0.732
0.72
0.704
0.684
0.564
0.74
0.612
0.744
0.764
0.824
0.828
0.808
0.8
0.748
0.732
0.74
0.756
0.76
0.732
0.744
0.76
0.764
0.74
0.752
0.784
0.804
0.796
0.8
0.824
0.828
0.756
0.732
0.732
0.756
0.772
0.768
0.776
0.784
0.808
0.768
0.776
0.776
0.768
0.744
0.744
0.764
0.772
0.756
0.76
0.748
0.752
0.72
0.736
0.76
0.784
0.768
0.748
0.78
0.788
0.768
0.764
0.768
0.764
0.744
0.76
0.772
0.752
0.724
0.74
0.76
0.76
0.748
0.764
0.768
0.724
0.736
0.752
0.748
0.732
0.756
0.764
0.736
0.748
0.764
0.772
0.74
0.748
0.772
0.784
0.74
0.756
0.772
0.768
0.744
0.752
0.756
0.728
0.704
0.692
0.692
0.7
0.7
0.704
0.712
0.7
0.7
0.704
0.696
0.696
0.68
0.688
0.688
0.672
0.684
0.688
0.688
0.66
0.66
0.672
0.7
0.696
0.68
0.688
0.68
0.68
0.688
0.692
0.672
0.656
0.652
0.656
0.684
0.716
0.716
0.688
0.704
0.724
0.728
0.708
0.728
0.74
0.728
0.72
0.5
0.876
0.72
0.732
0.724
0.712
0.728
0.764
0.784
0.768
0.788
0.8
0.756
0.752
0.756
0.732
0.728
0.724
0.728
0.708
0.72
0.724
0.728
0.712
0.732
0.752
0.752
0.732
0.74
0.74
0.712
0.684
0.672
0.716
0.784
0.796
0.784
0.736
0.744
0.756
0.748
0.72
0.716
0.724
0.728
0.72
0.708
0.72
0.732
0.728
0.712
0.724
0.736
0.748
0.716
0.728
0.736
0.748
0.724
0.74
0.752
0.76
0.748
0.724
0.724
0.716
0.696
0.668
0.672
0.684
0.708
0.724
0.7
0.72
0.736
0.72
0.7
0.708
0.716
0.696
0.684
0.676
0.644
0.644
0.644
0.664
0.72
0.98
0.9
0.832
0.872
0.904
0.872
0.964
0.936
0.972
1.024
0.948
1.14
1.004
1.096
0.976
1.068
1.052
0.98
1.06
0.924
0.996
0.9
1.024
0.92
0.84
0.864
0.888
0.964
0.972
0.872
0.88
1.004
0.924
0.84
0.948
1.068
0.952
1.036
0.944
0.956
0.94
0.868
0.856
0.868
0.944
0.948
1.048
1.036
0.908
1.044
1.024
1.116
1.084
1.072
1.104
1.048
1.108
1.092
1.04
1.064
0.956
0.908
1.044
1.088
1.1
1.008
1.08
0.952
1
0.992
0.96
1.08
0.968
0.976
1.072
0.944
1.056
1.032
0.976
1.044
0.94
1.008
1.012
0.952
1.032
0.964
0.992
1.032
0.92
1
0.988
0.928
0.988
0.94
0.896
0.956
0.888
0.916
1.004
0.924
0.976
0.972
0.9
0.972
0.92
0.88
0.932
0.864
0.836
0.964
1.028
0.972
1.04
1.004
0.928
0.968
1.008
0.98
1.02
0.968
0.932
0.932
0.9
0.864
0.928
0.944
0.892
0.988
0.984
0.896
0.968
0.944
0.872
0.96
0.956
0.856
0.92
0.948
0.852
0.888
0.928
0.856
0.936
0.988
0.92
1.004
0.996
0.968
1.036
1.012
1
1.036
1.02
1.028
1.056
0.948
0.96
0.96
0.888
0.92
1.048
0.976
1.088
1.072
0.984
1.04
1
0.952
1.068
1.032
0.956
1.028
0.988
0.996
1.132
1.04
1.02
1.088
1
0.92
0.992
0.96
0.944
1.1
0.984
1.016
1.052
0.968
1.044
1.016
1.036
1.068
0.992
0.96
1.036
0.952
1.044
1.072
0.972
1.084
1.06
0.948
0.968
0.972
0.912
0.864
0.868
0.836
0.884
0.872
0.884
0.888
0.856
0.824
0.816
0.816
0.816
0.836
0.844
0.848
0.888
0.844
0.904
0.968
0.964
0.88
0.808
0.792
0.792
0.84
0.844
0.9
1.012
0.956
1.032
1.032
0.912
0.968
0.964
0.888
0.944
0.968
0.9
1.032
1.028
0.968
1.076
0.996
0.996
1.084
0.972
1.056
1.112
1.024
1.072
1.048
0.924
0.972
1.056
0.944
0.948
1.084
1.04
0.932
1.012
0.96
0.94
1.044
0.928
0.976
1.024
0.9
0.948
0.992
0.924
1.036
1.036
0.932
0.98
0.936
0.888
0.792
0.764
0.784
0.912
0.956
0.936
1
0.92
0.936
1.048
0.948
1.004
1.04
0.92
0.956
0.968
0.888
0.936
1.016
0.904
0.984
1.004
0.908
0.932
1.012
0.936
1.032
1.008
0.984
1.06
0.952
0.98
0.98
0.892
0.972
1.024
0.928
0.96
0.912
0.884
0.984
0.988
0.904
0.996
0.988
0.992
1.064
0.944
0.928
0.88
0.916
0.912
0.86
0.956
0.928
0.86
0.876
0.84
0.852
0.932
0.948
0.872
0.868
0.86
0.808
0.78
0.816
0.832
0.952
0.896
0.868
0.876
0.844
0.876
0.86
0.792
0.776
0.78
0.78
0.708
0.72
0.684
0.696
0.716
0.744
0.72
0.736
0.732
0.488
0.828
0.744
0.704
0.544
0.74
0.656
0.668
0.7
0.724
0.728
0.724
0.732
0.732
0.716
0.724
0.752
0.776
0.792
0.784
0.78
0.764
0.752
0.728
0.712
0.708
0.712
0.708
0.716
0.736
0.732
0.732
0.756
0.768
0.756
0.752
0.756
0.732
0.748
0.748
0.728
0.732
0.756
0.76
0.76
0.732
0.748
0.76
0.756
0.736
0.756
0.76
0.732
0.744
0.752
0.756
0.748
0.764
0.776
0.752
0.756
0.768
0.776
0.752
0.732
0.752
0.756
0.752
0.732
0.744
0.764
0.78
0.764
0.772
0.78
0.772
0.76
0.768
0.74
0.732
0.752
0.768
0.76
0.764
0.776
0.768
0.756
0.76
0.748
0.724
0.724
0.732
0.708
0.712
0.492
0.852
0.724
0.704
0.72
0.728
0.744
0.732
0.76
0.76
0.72
0.7
0.5
0.812
0.724
0.716
0.7
0.736
0.772
0.776
0.764
0.768
0.772
0.784
0.78
0.756
0.748
0.76
0.76
0.744
0.764
0.788
0.776
0.76
0.784
0.768
0.748
0.756
0.756
0.736
0.74
0.752
0.756
0.732
0.472
0.872
0.724
0.68
0.668
0.664
0.716
0.916
0.896
0.86
0.836
0.776
0.776
0.756
0.736
0.744
0.74
0.732
0.708
0.72
0.724
0.728
0.712
0.736
0.74
0.732
0.744
0.764
0.76
0.736
0.748
0.756
0.732
0.732
0.732
0.724
0.704
0.732
0.744
0.724
0.716
0.736
0.74
0.732
0.736
0.744
0.744
0.716
0.724
0.724
0.716
0.708
0.728
0.744
0.728
0.716
0.724
0.72
0.712
0.696
0.684
0.664
0.656
0.648
0.656
0.684
0.712
0.7
0.72
0.756
0.756
0.724
0.5
0.848
0.732
0.7
0.704
0.708
0.704
0.68
0.696
0.72
0.736
0.716
0.752
0.784
0.78
0.76
0.768
0.756
0.716
0.716
0.72
0.716
0.708
0.724
0.748
0.732
0.74
0.768
0.772
0.744
0.764
0.788
0.76
0.776
0.82
0.852
0.836
0.756
0.72
0.712
0.716
0.716
0.692
0.664
0.652
0.636
0.632
0.632
0.668
0.704
0.7
0.768
0.792
0.748
0.74
0.704
0.668
0.628
0.656
0.572
0.668
0.76
0.76
0.712
0.72
0.712
0.692
0.7
0.708
0.712
0.72
0.764
0.764
0.796
0.796
0.832
0.8
0.832
0.872
0.86
1.152
0.976
0.972
1.004
0.88
1
0.928
0.912
1.008
0.908
1.02
0.928
0.944
0.98
0.888
0.952
0.94
0.868
0.916
0.876
0.936
0.94
0.88
0.952
0.904
0.864
0.932
0.852
0.916
0.928
0.908
0.972
0.88
0.956
0.944
0.928
0.984
0.884
0.956
0.94
0.948
1.044
0.932
1
0.964
0.932
0.988
0.892
0.944
0.96
0.876
0.952
0.972
0.892
0.98
0.948
0.924
1.004
0.9
0.992
0.948
0.952
1.032
0.924
1.012
0.936
0.936
0.996
0.936
0.984
0.92
1.004
0.976
0.936
0.996
0.916
1.008
0.984
0.972
1.008
0.868
0.88
0.904
0.804
0.772
0.816
1.072
0.948
1.02
1.016
0.924
1.016
0.964
0.928
0.98
0.928
0.928
1
0.924
0.964
1
0.904
1.02
1.02
0.94
1.04
0.992
1.016
1.084
0.968
1.092
1.04
1.016
1.092
0.952
1.028
1.012
0.944
1.032
0.944
0.996
1.016
0.976
1.088
0.976
1.056
1.008
1.004
1.08
0.976
1.096
1.024
1.084
1.076
1.032
1.108
0.976
1.032
0.992
0.968
1.12
1.02
1.116
1.048
1.08
1.08
0.98
1.056
0.988
0.976
1.032
0.952
1.044
1
1.048
1.092
0.98
1.06
0.952
0.952
0.992
0.908
0.988
1.02
0.96
1.072
0.944
1.024
0.964
0.892
0.972
0.92
0.952
1.04
0.928
0.932
0.92
0.924
0.92
0.864
0.8
0.796
0.868
0.98
0.96
1.064
1.044
1
1.06
0.984
1.012
1.064
0.952
1.044
1.016
0.928
1.028
0.96
0.992
1.028
0.952
1.064
1.004
1.024
1.064
0.924
0.992
1.044
0.972
1.048
0.984
1.004
1.056
0.948
1.04
1.032
1.016
1.052
0.944
1.048
1.008
1
1.084
0.992
1.072
1.06
0.936
0.984
1.008
0.936
1.06
1.032
0.984
1.068
0.968
1.016
1.092
0.952
0.96
0.992
0.936
1.044
0.996
1
1.024
0.968
1.052
0.984
1.008
1.028
0.94
1.004
0.964
0.928
0.988
0.936
0.988
1.012
0.944
1.028
0.964
0.972
1.016
0.932
1.008
1.012
0.936
1.016
0.992
0.944
0.98
0.916
0.908
1.016
0.932
0.984
1.004
0.936
1
0.928
0.924
0.968
0.908
0.96
0.988
0.912
0.9
0.864
0.856
0.808
0.796
0.824
0.836
0.772
0.768
0.84
0.904
0.864
0.976
0.996
0.92
1.048
0.988
0.96
0.976
0.88
0.872
0.888
0.868
0.8
0.776
0.78
0.836
0.912
0.936
0.884
0.824
0.86
0.896
0.816
0.76
0.76
0.776
0.8
0.764
0.744
0.808
0.748
0.732
0.728
0.724
0.74
0.728
0.704
0.684
0.536
0.764
0.704
0.716
0.716
0.7
0.712
0.704
0.688
0.688
0.672
0.684
0.688
0.712
0.708
0.684
0.724
0.76
0.804
0.876
0.916
0.904
0.936
0.932
0.9
0.856
0.832
0.8
0.76
0.76
0.768
0.784
0.8
0.78
0.752
0.728
0.712
0.728
0.716
0.736
0.8
0.828
0.812
0.832
0.856
0.852
0.816
0.828
0.828
0.804
0.76
0.776
0.804
0.796
0.8
0.832
0.828
0.792
0.8
0.8
0.772
0.8
0.824
0.82
0.796
0.8
0.8
0.784
0.768
0.78
0.768
0.732
0.74
0.744
0.74
0.72
0.708
0.72
0.792
0.856
0.84
0.816
0.84
0.832
0.78
0.8
0.812
0.792
0.768
0.828
0.852
0.832
0.756
0.728
0.752
0.832
0.864
0.856
0.812
0.82
0.812
0.772
0.768
0.768
0.744
0.728
0.728
0.736
0.744
0.744
0.708
0.712
0.728
0.716
0.736
0.748
0.74
0.72
0.728
0.74
0.728
0.716
0.748
0.748
0.724
0.732
0.74
0.72
0.716
0.728
0.732
0.72
0.724
0.748
0.752
0.724
0.468
0.86
0.724
0.724
0.748
0.76
0.756
0.764
0.804
0.804
0.776
0.796
0.8
0.744
0.736
0.732
0.708
0.696
0.696
0.708
0.704
0.708
0.74
0.748
0.728
0.748
0.776
0.804
0.824
0.804
0.76
0.728
0.72
0.704
0.7
0.688
0.672
0.656
0.652
0.668
0.712
0.744
0.748
0.784
0.824
0.812
0.788
0.816
0.808
0.756
0.768
0.768
0.756
0.744
0.756
0.748
0.732
0.736
0.764
0.76
0.736
0.752
0.764
0.74
0.744
0.752
0.724
0.72
0.48
0.892
0.752
0.74
0.724
0.724
0.704
0.72
0.72
0.724
0.708
0.468
0.832
0.712
0.696
0.708
0.736
0.724
0.732
0.5
0.948
0.772
0.796
0.78
0.756
0.748
0.764
0.748
0.728
0.736
0.728
0.704
0.704
0.716
0.716
0.7
0.704
0.728
0.736
0.736
0.752
0.776
0.768
0.74
0.744
0.744
0.72
0.696
0.68
0.676
0.676
0.468
0.732
0.636
0.628
0.644
0.676
0.704
0.736
0.84
0.86
0.804
0.844
0.828
0.788
0.804
0.816
0.78
0.74
0.752
0.756
0.744
0.732
0.76
0.772
0.74
0.752
0.772
0.784
0.76
0.764
0.768
0.748
0.748
0.74
0.676
0.632
0.648
0.68
0.576
0.684
0.732
0.772
0.78
0.84
0.824
0.836
0.8
0.796
0.828
0.828
0.792
0.78
0.816
0.924
1.168
1.004
1.108
1.044
1.028
1.096
0.968
1.084
0.964
1.004
1.012
0.98
0.856
0.824
0.912
1.06
0.936
1.068
0.952
1.04
0.956
0.86
0.948
0.924
0.844
0.904
0.96
0.852
0.932
0.984
0.88
0.964
1.036
0.9
0.976
0.964
0.908
0.952
0.88
0.964
0.948
0.876
0.98
0.892
0.968
0.96
0.924
0.916
0.92
1.024
0.956
1.068
1.024
0.976
1.088
1.012
0.996
1.036
0.932
1.012
1.02
0.964
1.052
0.996
1.064
1.092
0.984
1.064
1.008
0.972
1.072
0.96
1
1.048
0.948
1.02
0.996
0.98
1.14
1.024
1.024
1.072
0.952
1.032
1.064
0.948
1.052
1.1
0.952
1.052
1.056
0.916
1.024
1.068
0.944
1.024
1.008
0.94
1.036
0.996
0.944
1.032
0.948
0.936
1.02
0.868
0.82
0.896
0.864
0.864
1.032
0.944
0.912
1.012
0.932
0.932
1.024
0.944
0.996
1.004
0.904
1
0.976
0.908
1.024
0.996
0.924
0.992
0.92
0.924
0.988
0.912
0.952
1.024
0.904
0.868
0.988
0.968
0.928
1.016
0.98
0.92
0.992
0.944
0.92
1.028
0.96
0.92
1.056
0.992
0.928
1.032
0.94
0.952
1.052
0.944
1.012
1.044
0.936
1.072
1.096
0.976
1.048
1.056
0.964
1.104
1.04
0.972
1.12
0.992
0.904
1.024
1.008
0.948
1.072
0.992
1.02
1.124
0.972
0.972
1.084
1.076
0.98
0.912
1.052
1.064
0.96
1.056
1.084
1.032
0.908
0.956
1.068
0.972
0.896
0.996
1.028
0.968
1.008
0.932
0.908
1.004
0.932
0.996
1.048
0.944
1
0.932
0.884
0.98
0.936
0.912
0.972
0.896
0.888
0.984
0.936
0.948
0.996
0.872
0.892
0.972
0.924
1.012
1.02
0.956
1.036
0.904
0.856
0.928
0.924
0.96
1.072
0.972
1.068
1.016
0.984
1.056
0.94
1.004
0.976
0.92
1.032
1.016
0.94
1.036
0.976
0.988
1.028
0.948
1.052
0.976
1.008
0.996
0.916
0.976
0.976
0.892
0.972
0.92
0.904
0.976
0.924
0.988
0.968
0.868
0.924
0.996
0.936
1.008
1
0.924
1.016
0.996
0.872
0.944
0.936
0.852
0.964
1.072
0.972
1.068
1.032
1.02
1.08
0.984
1.076
1.024
0.952
1.008
0.928
0.928
0.98
0.888
0.984
1.032
0.94
1.012
1.06
0.94
0.992
0.98
0.956
1.02
1.016
0.908
0.928
0.984
0.892
0.936
1.004
0.94
1.044
1.036
0.972
1.016
1.044
0.928
1
0.996
0.904
0.912
0.912
0.844
0.784
0.78
0.864
1.056
0.912
0.944
0.992
0.892
0.964
0.964
0.848
0.884
0.904
0.808
0.808
0.864
0.872
1
0.996
0.928
1.016
0.988
0.928
0.984
0.94
0.92
0.968
0.932
0.944
0.976
0.912
0.98
1.016
0.916
0.984
1.02
0.948
1
0.944
0.88
0.972
0.98
0.932
1.084
1.032
0.956
0.996
0.92
0.912
0.952
0.92
0.948
0.964
0.932
1.02
1.032
1
1.004
0.912
1.016
0.96
0.9
0.944
0.912
0.944
0.984
0.9
0.956
0.988
