0.284
0.924
0.9
0.82
0.484
1.304
0.88
0.892
0.8
0.764
0.844
0.916
0.908
0.92
0.82
0.872
0.964
0.868
0.86
0.924
0.916
0.884
0.816
0.784
0.848
0.456
1.252
0.804
0.752
0.744
0.796
0.808
0.828
0.768
0.724
0.764
0.892
0.428
1.312
0.876
0.836
0.892
0.952
0.936
0.864
0.952
0.896
0.952
0.956
0.924
0.9
0.936
1.004
0.872
0.916
0.972
0.952
0.868
0.956
0.964
0.956
0.88
0.872
0.96
0.956
0.912
0.844
0.972
0.952
0.932
0.88
0.824
0.872
0.94
0.892
0.864
0.792
0.768
0.908
0.916
0.896
0.912
0.832
0.856
1.008
0.996
0.892
0.856
0.956
0.936
0.884
0.812
0.808
0.964
0.984
0.948
0.844
0.808
0.916
0.428
1.328
0.516
1.364
0.972
0.976
0.868
0.9
1.04
1.016
0.98
0.88
0.796
0.78
0.836
0.464
1.404
1.064
1.06
1.036
1.008
0.964
0.96
0.96
0.916
0.992
1.02
0.936
0.816
0.84
0.856
0.46
1.272
0.528
1.244
0.848
0.84
0.816
0.904
0.984
0.984
0.936
1.028
1.024
0.98
0.952
0.948
0.84
0.848
0.976
0.448
1.296
0.868
0.78
0.796
0.928
0.956
0.98
0.908
0.952
1.056
1.02
1.02
0.896
0.896
0.992
0.972
0.964
0.892
0.916
0.976
0.996
0.94
0.852
0.824
0.884
0.908
0.908
0.812
0.776
0.776
0.848
0.976
0.94
0.908
0.928
0.836
0.8
0.832
0.916
0.912
0.912
0.904
0.904
0.808
0.788
0.864
0.936
0.896
0.808
0.792
0.888
0.92
0.936
0.948
0.84
0.824
0.912
0.892
0.868
0.796
0.82
0.876
0.916
0.884
0.872
0.82
0.888
0.928
0.912
0.916
0.836
0.848
0.884
0.864
0.848
0.816
0.848
0.876
0.856
0.456
1.256
0.516
1.188
0.784
0.776
0.84
0.804
0.828
0.976
0.984
0.904
0.94
0.976
0.984
0.872
0.892
0.928
0.924
0.952
0.868
0.816
0.856
0.948
0.88
0.932
0.82
0.844
0.956
0.964
0.944
0.876
0.86
0.904
0.868
0.872
0.8
0.78
0.868
0.9
0.892
0.888
0.82
0.812
0.856
0.956
0.9
0.908
0.816
0.756
0.892
0.908
0.932
0.856
0.828
0.484
1.356
0.992
0.928
0.796
0.768
0.86
0.944
0.956
0.948
0.852
0.924
0.976
0.916
0.928
0.82
0.812
0.944
0.924
0.928
0.852
0.828
0.952
0.964
0.928
0.844
0.808
0.928
0.944
0.92
0.892
0.828
0.888
0.912
0.94
0.852
0.82
0.848
0.92
0.924
0.944
0.92
0.844
0.916
0.968
0.888
0.832
0.912
0.892
0.864
0.856
0.804
0.872
0.94
0.82
0.816
0.928
0.912
0.84
0.92
0.948
0.92
0.824
0.804
0.888
0.888
0.872
0.832
0.9
0.96
0.968
0.904
0.84
0.792
0.756
0.78
0.844
0.86
0.808
0.884
0.944
0.952
0.832
0.824
0.88
0.82
0.776
0.836
0.884
0.896
0.84
0.8
0.852
0.88
0.844
0.824
0.768
0.8
0.904
0.92
0.916
0.816
0.796
0.892
0.912
0.924
0.804
0.792
0.864
0.872
0.892
0.852
0.788
0.744
0.812
0.876
0.868
0.844
0.872
0.812
0.856
0.908
0.904
0.792
0.752
0.8
0.912
0.896
0.852
0.892
0.816
0.784
0.84
0.884
0.864
0.836
0.896
0.464
1.284
0.924
0.784
0.776
0.86
0.892
0.992
0.872
0.944
0.984
0.976
0.892
0.928
0.98
0.94
0.884
0.984
1.032
0.928
0.916
0.952
0.96
0.956
0.86
0.808
0.9
0.96
0.94
0.92
0.896
0.812
0.828
0.992
0.984
1.004
0.928
0.948
1.016
0.988
0.88
0.932
1.048
0.948
0.96
1.06
1.036
0.92
0.94
0.948
0.94
0.924
0.864
0.94
1.008
0.976
0.904
0.844
0.928
0.924
0.888
0.836
0.868
0.868
0.792
0.776
0.84
0.816
0.76
0.736
0.816
0.876
0.832
0.784
0.816
0.928
0.932
0.836
0.836
0.9
0.904
0.824
0.78
0.78
0.844
0.968
0.912
0.876
0.824
0.832
0.768
0.828
0.948
0.84
0.82
0.892
0.932
0.844
0.78
0.836
0.844
0.848
0.84
0.772
0.768
0.82
0.896
0.94
0.904
0.928
0.924
0.896
0.832
0.912
0.88
0.808
0.908
0.96
0.912
0.852
0.8
0.872
0.932
0.868
0.988
1.016
0.904
0.936
0.96
0.972
0.856
0.916
0.956
0.912
0.948
1.064
1.032
0.932
0.908
0.972
0.976
0.888
0.944
1
0.984
0.904
1.016
1.06
0.94
0.944
0.948
0.94
0.824
0.88
0.952
0.984
0.856
0.848
0.948
0.996
0.996
0.884
0.976
0.996
0.904
0.984
0.98
0.98
0.892
0.816
0.856
0.908
0.976
0.968
0.856
0.908
0.928
0.944
0.932
0.912
0.788
0.8
0.812
0.828
0.792
0.788
0.764
0.82
0.876
0.9
0.9
0.9
0.812
0.768
0.812
0.864
0.9
0.916
0.836
0.788
0.836
0.936
0.944
0.936
0.892
0.804
0.896
0.932
0.916
0.876
0.776
0.78
0.872
0.908
0.928
0.856
0.808
0.892
0.936
0.948
0.836
0.784
0.86
0.892
0.88
0.792
0.8
0.9
0.944
0.888
0.904
0.84
0.756
0.728
0.776
0.86
0.896
0.904
0.908
0.84
0.78
0.856
0.888
0.916
0.84
0.78
0.832
0.892
0.876
0.884
0.796
0.752
0.8
0.924
0.912
0.884
0.82
0.764
0.836
0.896
0.892
0.884
0.796
0.76
0.832
0.88
0.944
0.832
0.76
0.824
0.424
1.2
0.852
0.748
0.724
0.772
0.828
0.824
0.864
0.784
0.812
0.948
0.932
0.916
0.792
0.78
0.804
0.852
0.844
0.848
0.884
0.78
0.82
0.88
0.92
0.896
0.836
0.756
0.788
0.816
0.852
0.832
0.788
0.76
0.836
0.872
0.856
0.86
0.776
0.74
0.748
0.812
0.872
0.92
0.864
0.812
0.74
0.708
0.728
0.744
0.76
0.788
0.764
0.72
0.72
0.8
0.848
0.884
0.864
0.808
0.452
1.112
0.424
1.124
0.756
0.744
0.708
0.708
0.776
0.948
0.976
0.964
0.884
0.848
0.928
0.928
0.872
0.784
0.792
0.86
0.908
0.856
0.824
0.828
0.744
0.756
0.868
0.892
0.888
0.8
0.816
0.92
0.944
0.856
0.808
0.9
0.912
0.92
0.868
0.752
0.74
0.768
0.948
0.936
0.988
0.944
0.9
0.824
0.764
0.756
0.764
0.784
0.856
0.884
0.864
0.888
0.896
0.864
0.796
0.796
0.836
0.86
0.852
0.856
0.772
0.82
0.876
0.9
0.884
0.788
0.832
0.832
0.884
0.872
0.884
0.804
0.768
0.848
0.924
0.96
0.86
0.888
0.916
0.88
0.756
0.752
0.796
0.86
0.868
0.88
0.8
0.78
0.828
0.876
0.816
0.804
0.856
0.892
0.84
0.764
0.808
0.808
0.836
0.776
0.764
0.816
0.868
0.876
0.8
0.792
0.808
0.84
0.84
0.772
0.82
0.812
0.796
0.768
0.716
0.704
0.7
0.728
0.924
1.004
0.976
0.968
0.964
0.84
0.884
0.912
0.9
0.852
0.872
0.872
0.784
0.812
0.84
0.868
0.868
0.812
0.852
0.952
0.948
0.832
0.78
0.796
0.756
0.768
0.808
0.832
0.86
0.892
0.912
0.824
0.796
0.828
0.856
0.86
0.908
0.916
0.816
0.812
0.828
0.82
0.828
0.8
0.772
0.812
0.852
0.892
0.856
0.784
0.768
0.816
0.9
0.876
0.864
0.896
0.82
0.844
0.896
0.896
0.82
0.84
0.896
0.856
0.808
0.872
0.892
0.816
0.772
0.42
1.208
0.78
0.756
0.72
0.712
0.732
0.836
1.056
0.984
0.932
0.864
1.032
1.004
0.912
0.888
0.948
0.96
0.86
0.82
0.9
0.984
0.944
0.932
0.816
0.82
0.784
0.756
0.82
0.848
0.824
0.936
0.952
0.952
0.848
0.824
0.912
0.948
0.88
0.864
0.944
0.964
0.956
0.864
0.844
0.916
0.884
0.868
0.804
0.792
0.908
0.92
0.892
0.888
0.848
0.956
0.992
0.988
0.952
0.836
0.796
0.824
0.808
0.82
0.852
0.812
0.776
0.764
0.78
1.012
1.06
1.052
1.012
1
0.968
0.936
0.856
0.816
0.84
0.872
0.98
0.924
0.848
0.864
0.904
0.92
0.924
0.928
0.916
0.824
0.776
0.76
0.8
0.908
0.968
0.948
0.924
0.824
0.868
0.876
0.912
0.832
0.792
0.848
0.984
0.936
0.96
0.86
0.88
0.82
0.76
0.752
0.744
0.796
0.848
0.868
0.896
0.856
0.788
0.816
0.892
0.94
0.864
0.796
0.86
0.912
0.916
0.824
0.86
0.912
0.908
0.82
0.856
0.868
0.848
0.852
0.784
0.756
0.768
0.8
0.88
0.908
0.836
0.792
0.752
0.78
0.896
0.912
0.896
0.424
1.26
0.78
0.74
0.768
0.808
0.88
0.816
0.8
0.948
1.032
0.98
0.86
0.88
0.92
0.94
0.912
0.884
0.9
0.936
0.824
0.788
0.78
0.82
0.792
0.776
0.772
0.792
0.776
0.804
0.84
0.88
0.848
0.864
0.936
0.956
0.884
0.976
0.996
0.952
0.856
0.944
0.956
0.936
0.88
0.948
0.94
0.976
0.888
0.844
0.96
0.96
0.956
0.876
0.876
0.964
0.944
0.904
0.812
0.848
0.952
0.992
0.944
0.948
0.852
0.816
0.868
0.972
0.964
0.916
0.824
0.88
0.948
0.968
0.908
0.86
0.952
0.932
0.928
0.876
0.8
0.8
0.888
0.932
0.932
0.932
0.96
0.856
0.844
0.956
0.956
0.908
0.792
0.76
0.836
0.96
0.432
1.32
0.864
0.84
0.888
0.932
0.948
0.968
0.872
0.796
0.788
0.904
1.1
1.044
1.032
1.04
0.944
1.064
1.052
1.06
0.94
1.004
1.064
0.98
0.872
0.956
0.936
0.976
0.88
0.944
1.016
0.968
0.872
0.88
0.928
0.908
0.924
0.952
0.844
0.888
0.968
0.948
0.924
0.888
0.828
0.784
0.784
0.876
1.008
0.996
0.992
0.908
0.808
0.796
0.884
0.912
0.956
0.948
0.912
0.82
0.776
0.772
0.796
0.972
1.04
1.004
1.016
1.016
1
0.984
0.924
0.844
0.8
0.876
0.948
0.932
0.976
0.96
0.908
0.912
0.868
0.864
0.892
0.856
0.82
0.844
0.864
0.468
1.256
0.792
0.788
0.796
0.8
0.812
0.776
0.8
0.824
0.8
0.756
0.832
0.852
0.804
0.796
0.828
0.836
0.868
0.82
0.796
0.856
0.884
0.868
0.876
0.824
0.784
0.848
0.892
0.876
0.868
0.86
0.8
0.764
0.824
0.856
0.9
0.884
0.912
0.836
0.796
0.804
0.86
0.916
0.924
0.92
0.848
0.852
0.888
0.892
0.864
0.864
0.768
0.728
0.792
0.856
0.892
0.884
0.892
0.788
0.84
0.856
0.864
0.844
0.776
0.744
0.816
0.888
0.904
0.812
0.852
0.896
0.868
0.852
0.768
0.76
0.872
0.972
0.956
0.848
0.888
0.904
0.888
0.86
0.792
0.764
0.76
0.832
0.94
0.932
0.896
0.896
0.78
0.8
0.864
0.884
0.852
0.856
0.768
0.744
0.784
0.824
0.844
0.868
0.824
0.768
0.828
0.424
1.22
0.796
0.72
0.696
0.764
0.844
0.94
0.844
0.82
0.912
0.98
0.904
0.8
0.856
0.852
0.812
0.768
0.708
0.716
0.768
0.84
0.904
0.888
0.804
0.84
0.86
0.828
0.816
0.78
0.744
0.78
0.796
0.84
0.816
0.776
0.76
0.828
0.844
0.884
0.788
0.82
0.836
0.796
0.716
0.716
0.772
0.796
0.84
0.772
0.74
0.808
0.848
0.864
0.776
0.74
0.808
0.872
0.892
0.8
0.764
0.84
0.876
0.872
0.868
0.772
0.752
0.824
0.856
0.864
0.84
0.84
0.788
0.736
0.764
0.812
0.84
0.82
0.748
0.792
0.808
0.824
0.788
0.72
0.76
0.428
1.112
0.42
1.036
0.664
0.684
0.712
0.888
0.82
0.804
0.924
0.984
0.892
0.856
0.936
0.988
0.944
0.872
0.936
0.936
0.876
0.852
0.768
0.728
0.436
1.164
0.768
0.712
0.74
0.78
0.888
0.86
0.812
0.912
0.992
0.976
0.916
0.828
0.784
0.792
0.796
0.764
0.832
0.936
0.932
0.924
0.848
0.872
0.956
0.932
0.864
0.816
0.836
0.872
0.86
0.908
0.824
0.848
0.94
0.956
0.9
0.876
0.956
0.956
0.952
0.904
0.868
0.936
0.94
0.916
0.864
0.796
0.784
0.852
0.876
0.844
0.824
0.784
0.772
0.808
0.888
0.856
0.824
0.788
0.784
0.832
0.848
0.832
0.828
0.776
0.756
0.756
0.856
0.936
0.908
0.908
0.812
0.772
0.844
0.892
0.884
0.884
0.824
0.848
0.972
0.924
0.832
0.804
0.944
0.956
0.968
0.852
0.804
0.852
0.924
0.956
0.836
0.84
0.912
0.92
0.9
0.836
0.82
0.904
0.9
0.88
0.856
0.788
0.768
0.836
0.872
0.9
0.896
0.792
0.76
0.764
0.88
0.9
0.88
0.808
0.768
0.868
0.884
0.896
0.852
0.832
0.992
1.008
0.872
0.852
1.016
1.004
0.936
0.872
0.912
0.948
0.824
0.836
0.848
0.792
0.828
0.852
0.832
0.772
0.732
0.828
0.944
0.848
0.84
0.928
0.972
0.864
0.816
0.924
0.964
0.944
0.868
0.932
1.004
0.984
0.912
0.856
1.032
0.968
0.94
1.032
0.98
0.9
0.936
0.996
0.892
0.832
0.888
0.92
0.984
0.996
0.96
0.872
0.96
1.12
0.988
0.904
1
0.988
0.932
0.844
0.836
0.988
0.992
0.912
0.852
0.92
0.972
0.964
0.904
0.828
0.872
1.036
1.004
0.96
0.884
0.956
1.028
0.984
1.008
0.888
0.88
0.948
0.932
0.956
0.984
0.88
0.88
1.02
0.984
0.932
0.86
0.888
0.948
0.976
0.932
0.836
0.852
0.976
0.968
0.948
0.856
0.836
0.992
1.06
1.02
0.904
0.928
1.024
0.996
0.868
0.944
1.024
0.924
0.964
0.972
1.008
0.916
1.008
1.032
0.984
0.868
0.968
1.084
0.972
0.944
1.04
1.02
0.972
0.884
1.056
1.044
0.912
0.876
1.048
1.072
0.912
0.964
1.02
0.952
0.916
1.108
1.036
1
0.872
0.848
0.944
0.976
0.988
0.904
0.888
1.052
1.04
1.012
0.976
0.88
0.84
0.82
0.948
0.996
0.964
0.964
0.86
0.872
1.048
0.996
0.972
0.9
0.828
0.796
0.768
0.756
0.816
1.036
1.016
0.976
0.932
0.856
0.804
0.768
0.832
0.848
0.92
0.924
0.936
0.908
0.824
0.78
0.76
0.8
0.98
0.988
0.948
0.976
0.86
0.816
0.8
0.868
0.912
0.904
0.904
0.908
0.828
0.812
0.928
0.932
0.948
0.98
0.936
0.868
0.82
0.824
0.928
0.988
0.94
0.896
0.892
0.948
0.936
0.86
0.884
0.944
0.956
0.912
0.856
0.9
0.912
0.888
0.832
0.832
0.824
0.92
1.02
1
0.924
0.844
0.86
0.964
0.96
0.944
0.832
0.804
0.88
0.448
1.312
0.984
0.824
0.788
0.804
1.044
1.012
0.984
0.968
0.928
0.904
0.932
1.104
1.092
0.984
1.02
0.928
0.864
0.852
0.9
0.996
1.052
1.028
0.988
1.012
0.932
0.868
0.848
0.992
0.964
0.896
0.944
0.924
0.868
0.888
0.84
0.544
1.184
0.764
0.728
0.712
0.704
0.692
0.688
0.66
0.648
0.64
0.636
0.636
0.648
0.632
0.636
0.656
0.676
0.72
0.72
0.688
0.68
0.68
0.752
0.884
0.928
0.968
0.948
0.94
0.892
0.896
0.86
0.9
0.952
0.944
0.864
0.864
0.912
0.912
0.832
0.832
0.936
0.94
0.952
0.852
0.804
0.848
0.876
0.9
0.892
0.808
0.78
0.852
0.976
0.92
0.904
0.88
0.876
0.856
0.796
0.78
0.88
0.996
0.968
0.944
0.916
0.828
0.82
0.924
1.024
1.016
1.024
0.96
0.988
0.976
0.96
0.968
0.892
0.844
0.84
1.016
1.092
0.988
0.932
0.984
1.008
0.976
0.864
0.8
0.872
0.86
0.812
0.768
0.748
0.784
0.748
0.816
0.832
0.82
0.804
0.776
0.772
0.8
0.824
0.824
0.436
1.14
0.768
0.736
0.756
0.82
0.792
0.776
0.912
1.024
1.008
0.88
0.836
0.944
1
1.004
0.912
0.86
0.892
0.916
0.924
0.964
0.852
0.852
0.92
0.96
0.988
0.948
0.872
0.9
0.924
0.932
0.94
0.832
0.836
0.856
0.908
0.916
0.904
0.936
0.836
0.816
0.864
0.896
0.88
0.824
0.8
0.864
0.884
0.908
0.888
0.808
0.812
0.844
0.888
0.892
0.804
0.788
0.892
0.936
0.904
0.9
0.812
0.764
0.812
0.448
1.192
0.844
0.824
0.808
0.804
0.784
0.804
0.96
1.06
0.96
0.912
0.82
0.824
0.904
0.928
0.896
0.864
0.888
0.812
0.768
0.776
0.876
0.956
0.928
0.832
0.92
1.012
0.964
0.836
0.828
0.884
0.892
0.868
0.812
0.776
0.86
0.916
0.9
0.832
0.832
0.936
0.948
0.832
0.768
0.756
0.816
0.884
0.92
0.896
0.812
0.868
0.908
0.9
0.8
0.788
0.848
0.896
0.884
0.864
0.792
0.896
0.932
0.916
0.916
0.836
0.852
0.94
1.008
0.98
0.968
0.952
0.916
0.844
0.872
0.832
0.744
0.736
0.712
0.676
0.664
0.664
0.676
0.624
0.644
0.656
0.656
0.652
0.636
0.708
0.656
0.66
0.656
0.64
0.632
0.628
0.624
0.62
0.62
0.624
0.652
0.704
0.74
0.732
0.724
0.736
0.716
0.692
0.696
0.716
0.74
0.764
0.756
0.732
0.712
0.696
0.708
0.724
0.812
0.928
0.932
0.868
0.864
0.772
0.752
0.804
0.868
0.832
0.84
0.872
0.888
0.792
0.836
0.9
0.868
0.796
0.828
0.88
0.82
0.776
0.784
0.852
0.852
0.796
0.844
0.82
0.788
0.872
0.848
0.84
0.852
0.78
0.78
0.856
0.872
0.812
0.892
0.964
0.864
0.876
0.908
0.9
0.86
0.78
0.76
0.812
0.86
0.912
0.832
0.78
0.768
0.876
0.972
0.996
0.872
0.824
0.98
0.92
0.848
0.788
0.828
0.868
0.88
0.848
0.796
0.776
0.868
0.928
0.916
0.9
0.816
0.8
0.856
0.444
1.276
0.848
0.74
0.72
0.716
0.736
0.8
1.048
1.064
1.056
1.044
1.036
1
0.904
0.84
0.848
1.024
1.028
0.984
0.98
0.904
0.82
0.784
0.784
0.832
0.984
1.048
0.996
1.016
0.996
0.948
0.876
0.856
0.876
0.872
0.892
1.032
1.124
1.072
1.032
1.004
0.924
0.864
1.004
1.02
1.036
0.94
0.86
0.94
1.064
0.98
0.96
0.86
0.804
0.88
1.092
1.032
1.016
0.864
0.804
0.776
0.776
0.784
0.828
1.02
1.012
0.952
0.952
0.928
0.884
0.844
1.004
0.984
0.968
0.98
0.876
0.82
0.84
0.992
0.972
1.008
0.888
0.844
0.884
1.036
0.96
0.988
0.86
0.812
0.46
1.352
0.96
0.964
0.892
0.956
1.004
0.916
0.848
0.868
0.912
0.852
0.8
0.768
0.796
0.788
0.812
0.984
0.94
0.996
0.848
0.804
0.768
0.788
0.896
0.944
0.864
0.832
0.888
0.812
0.804
0.944
0.984
0.952
0.824
0.852
0.936
0.92
0.912
0.828
0.788
0.76
0.752
0.808
1.02
1.02
1
0.96
0.952
0.928
0.828
0.872
0.896
0.896
0.848
0.84
0.856
0.984
1.008
0.988
0.944
0.932
0.92
0.928
0.928
0.86
0.908
0.936
0.94
0.94
0.916
0.84
0.812
0.8
0.816
0.824
0.892
1.036
1.016
0.976
1.004
0.88
0.82
0.792
0.824
1.004
1.008
1.064
1.08
1.028
1.032
0.932
0.844
0.804
0.78
0.796
1.056
1.184
1.096
1.124
0.984
0.916
0.84
0.808
0.832
0.964
0.984
1.052
1.012
0.992
0.976
0.964
0.976
0.908
0.844
0.84
0.86
0.948
0.98
0.976
0.956
0.944
0.92
0.868
0.848
0.828
0.86
0.996
1.06
1.012
1.032
0.908
0.84
0.808
0.872
1.012
0.944
0.924
0.888
0.812
0.792
0.844
1.072
1.052
1.052
0.916
0.852
0.84
0.836
1
1.032
1.044
1.004
0.944
0.86
1.008
0.996
0.888
0.872
0.888
0.86
0.776
0.756
0.8
0.864
0.9
0.888
0.796
0.804
0.852
0.92
0.956
0.932
0.824
0.812
0.916
1.056
0.98
0.948
0.92
0.932
0.852
0.804
0.892
0.952
0.952
0.948
0.96
0.888
0.84
0.84
0.916
0.98
0.98
0.972
0.868
0.832
0.916
0.912
0.92
0.924
0.936
0.868
0.812
0.812
0.904
0.936
0.936
0.96
0.864
0.82
0.872
0.928
0.88
0.812
0.764
0.752
0.832
0.868
0.88
0.852
0.812
0.776
0.844
0.884
0.924
0.908
0.884
0.804
0.764
0.768
0.872
0.916
0.928
0.852
0.832
0.9
0.912
0.904
0.844
0.776
0.756
0.84
0.9
0.94
0.924
0.944
0.868
0.808
0.844
0.86
0.944
0.892
0.808
0.868
0.892
0.92
0.884
0.804
0.824
0.884
0.928
0.896
0.896
0.928
0.848
0.872
0.916
0.9
0.92
0.908
0.84
0.808
0.9
0.9
0.892
0.896
0.8
0.84
0.848
0.86
0.864
0.88
0.812
0.78
0.848
0.856
0.876
0.852
0.804
0.772
0.776
0.856
0.928
0.92
0.884
0.844
0.78
0.852
0.98
0.912
0.836
0.776
0.828
0.868
0.888
0.88
0.792
0.8
0.844
0.924
0.892
0.796
0.764
0.836
0.844
0.804
0.748
0.756
0.812
0.848
0.86
0.792
0.744
0.824
0.88
0.884
0.424
1.176
0.808
0.824
0.824
0.812
0.764
0.764
0.84
0.972
0.988
0.912
0.828
0.872
0.94
0.912
0.832
0.784
0.728
0.736
0.78
0.828
0.852
0.776
0.736
0.804
0.876
0.872
0.896
0.848
0.772
0.748
0.796
0.852
0.832
0.792
0.892
0.864
0.788
0.84
0.832
0.796
0.876
0.952
0.964
0.852
0.828
0.944
0.968
0.952
0.892
0.948
1.008
0.984
0.916
0.844
0.808
0.796
0.796
0.98
1.132
1.016
0.98
0.872
0.908
0.928
0.944
0.952
0.948
0.84
0.816
0.82
0.956
0.972
0.968
0.948
0.852
0.808
0.772
0.764
0.764
0.524
1.276
1.032
0.956
0.936
0.908
0.896
0.828
0.8
0.784
0.792
0.924
0.98
1.016
0.908
0.856
0.824
0.936
1
0.956
0.952
0.868
0.816
0.788
0.824
0.904
0.916
0.924
0.888
0.82
0.816
0.796
0.888
0.956
0.956
0.944
0.936
0.924
0.964
0.948
0.948
0.852
0.84
0.888
0.92
0.976
0.96
0.884
0.844
0.792
0.772
0.8
0.956
1.056
1.028
1.032
1.02
0.912
0.928
0.976
0.964
1
1
0.936
0.86
0.8
0.78
0.84
0.872
0.88
0.892
0.908
0.956
0.904
0.828
0.804
0.812
0.912
0.972
0.952
0.936
0.908
0.836
0.824
0.8
0.82
0.836
0.84
0.46
1.216
0.524
1.128
0.82
0.816
0.864
0.904
0.836
0.804
0.804
0.808
1.024
1.028
0.96
0.932
0.844
0.804
0.888
0.94
0.948
0.868
0.82
0.792
0.824
0.988
0.96
0.904
0.884
0.8
0.772
0.76
0.776
0.9
0.928
0.836
0.792
0.868
0.9
0.824
0.796
0.792
0.94
1.02
0.96
0.948
0.92
0.88
0.82
0.788
0.84
0.944
0.94
0.956
0.956
0.856
0.812
0.784
0.868
1.004
1.04
1.032
0.976
0.892
0.952
0.96
0.94
0.872
0.868
0.956
1.032
0.984
0.888
0.964
0.992
0.928
0.864
0.968
0.984
0.992
0.916
0.992
1.008
0.928
0.968
0.944
0.876
0.972
0.984
0.956
0.924
0.864
0.932
0.992
0.992
0.88
0.812
0.892
1.004
0.984
0.96
0.956
0.868
0.832
0.828
0.808
0.816
0.464
1.348
0.98
0.932
0.916
0.836
0.8
0.784
0.788
0.808
0.936
1.024
1.024
1.016
1.012
0.972
0.884
0.836
0.828
1.028
1.068
1.004
0.884
0.86
0.944
1.032
1.084
0.936
0.884
1.04
1.132
1.064
1.02
0.932
0.936
0.968
0.904
0.836
0.8
0.8
0.94
1.072
1.044
0.96
0.88
0.984
1.048
0.964
0.908
1.008
0.984
0.94
0.848
0.816
0.924
0.988
0.98
0.896
0.96
0.976
0.936
0.94
0.848
0.892
0.976
0.972
1.008
0.944
0.888
0.896
0.932
0.96
0.952
0.864
0.84
0.884
0.98
0.96
0.976
0.876
0.808
0.836
0.94
0.976
1.02
0.916
0.884
0.992
1.056
1.004
0.872
0.812
0.86
0.94
0.952
0.944
0.872
0.856
1.016
1.08
1.004
0.928
0.956
1.024
1.004
0.92
0.96
0.972
0.864
0.812
0.872
0.804
0.776
0.764
0.764
0.752
0.72
0.72
0.72
0.7
0.684
0.676
0.672
0.66
0.664
0.676
0.644
0.648
0.66
0.676
0.716
0.772
0.732
0.696
0.784
0.868
0.968
0.964
0.92
0.896
0.816
0.78
0.804
0.872
0.932
0.888
0.804
0.744
0.724
0.712
0.748
0.82
0.948
0.952
0.944
0.92
0.912
0.832
0.876
0.916
0.928
0.904
0.932
0.916
0.864
0.9
0.908
0.832
0.776
0.74
0.82
0.844
0.88
0.896
0.848
0.772
0.748
0.772
0.84
0.88
0.828
0.908
0.916
0.88
0.808
0.88
0.92
0.912
0.824
0.812
0.812
0.84
0.796
0.756
0.808
0.884
0.86
0.828
0.86
0.836
0.8
0.78
0.784
0.8
0.812
0.792
0.752
0.74
0.796
0.868
0.892
0.912
0.892
0.88
0.792
0.84
0.904
0.92
0.912
0.832
0.872
0.932
0.936
0.916
0.832
0.82
0.872
0.924
0.924
0.916
0.932
0.856
0.796
0.828
0.892
0.972
0.96
0.956
0.884
0.928
0.94
0.888
0.8
0.828
0.888
0.924
0.86
0.852
0.956
0.964
0.952
0.856
0.888
0.92
0.916
0.82
0.84
0.852
0.892
0.844
0.804
0.872
0.936
0.928
0.84
0.864
0.876
0.884
0.84
0.764
0.732
0.728
0.764
0.844
0.884
0.888
0.868
0.852
0.824
0.796
0.784
0.776
0.816
0.816
0.836
0.816
0.82
0.888
0.888
0.884
0.8
0.768
0.82
0.86
0.884
0.856
0.836
0.804
0.848
0.884
0.876
0.888
0.88
0.816
0.78
0.804
0.848
0.876
0.832
0.764
0.82
0.832
0.852
0.848
0.86
0.788
0.828
0.852
0.872
0.84
0.848
0.856
0.796
0.776
0.868
0.876
0.872
0.872
0.796
0.828
0.844
0.84
0.832
0.772
0.784
0.744
0.688
0.716
0.688
0.688
0.668
0.68
0.704
0.692
0.672
0.692
0.66
0.656
0.648
0.648
0.636
0.628
0.628
0.624
0.624
0.656
0.704
0.744
0.796
0.788
0.8
0.752
0.792
0.824
0.836
0.776
0.772
0.78
0.808
0.776
0.736
0.724
0.744
0.788
0.788
0.748
0.776
0.808
0.772
0.788
0.76
0.788
0.868
0.856
0.84
0.788
0.76
0.748
0.76
0.86
0.888
0.84
0.844
0.836
0.788
0.784
0.86
0.884
0.884
0.824
0.784
0.768
0.836
0.976
0.92
0.884
0.808
0.8
0.916
0.9
0.92
0.9
0.824
0.792
0.86
0.964
0.896
0.84
0.776
0.744
0.808
0.96
0.996
0.888
0.88
1.068
1.016
0.884
0.952
1.036
0.984
0.856
0.796
0.772
0.764
0.824
1.124
1.08
1.08
0.996
0.98
1.128
1
0.924
1.028
1.052
0.92
1.004
1
0.988
0.892
0.932
0.908
0.856
0.9
0.9
0.888
0.96
0.88
1.008
1.068
0.948
1.08
1.032
0.88
0.948
0.94
0.884
0.94
0.964
0.924
0.892
0.996
0.988
0.88
0.864
1.076
1.028
0.888
0.996
0.996
0.872
0.92
0.976
0.976
0.88
0.828
0.9
1.004
0.996
0.984
0.872
0.896
0.936
0.968
0.928
0.896
0.984
0.992
0.888
0.84
0.848
0.972
1.036
1.032
0.964
0.884
0.924
0.948
0.848
0.808
0.884
0.932
0.98
0.864
0.82
0.864
0.976
0.948
0.86
0.84
0.912
0.9
0.86
0.796
0.8
0.852
0.844
0.792
0.756
0.748
0.772
0.836
1.032
1.024
1.032
1.004
0.928
0.868
0.912
0.972
1.016
1.044
1.04
0.904
0.928
0.944
0.956
0.916
0.884
0.852
0.82
0.928
1.004
1.036
1.056
1.08
1.04
1.052
0.92
0.912
0.956
0.904
0.868
0.972
1
0.932
0.956
0.924
0.856
0.816
0.832
0.948
0.968
1.044
0.888
0.9
0.984
0.98
0.988
0.876
0.832
0.912
1.06
1
1.028
0.984
0.916
0.892
0.952
0.956
0.924
0.848
0.84
0.936
1.004
0.948
0.864
0.872
0.96
0.968
0.92
0.872
0.836
0.952
0.984
1.032
0.972
0.868
0.824
0.924
0.972
0.984
0.976
1.016
0.916
1.028
1.012
0.948
0.888
0.848
0.952
1.048
1.024
0.992
0.892
0.884
1.056
0.968
0.896
0.912
0.864
0.948
0.996
0.904
0.884
1.028
1.008
0.932
0.884
0.824
0.864
0.932
0.928
0.936
0.936
0.824
0.772
0.78
0.872
1.04
0.984
0.876
0.808
0.832
0.804
0.868
0.912
0.936
0.94
0.924
0.944
0.888
0.884
0.964
0.952
0.864
0.8
0.868
0.98
1
0.928
0.832
0.852
0.92
0.948
0.928
0.904
0.84
0.836
0.948
1.02
1.1
0.948
0.96
0.968
0.912
0.84
0.896
0.968
0.968
0.844
0.956
0.996
0.984
0.86
0.956
1.048
0.956
0.888
0.98
1.008
0.932
0.844
0.972
1.028
0.988
0.992
0.864
0.88
1.048
1.08
1.1
0.932
1.024
1.04
1.024
0.872
0.9
0.96
0.984
0.868
0.828
0.876
0.96
0.952
0.828
0.9
1.004
1.02
0.888
0.884
0.98
0.956
0.936
0.82
0.924
0.976
0.98
0.92
0.828
0.932
0.916
0.944
0.88
0.864
0.832
0.764
0.768
0.828
0.464
1.224
0.852
0.788
0.776
0.832
0.996
1.008
0.828
0.784
0.788
0.808
0.976
1.06
1.064
0.992
0.968
0.956
0.924
0.796
0.752
0.752
0.8
0.856
0.908
0.916
0.9
0.852
0.792
0.84
0.808
0.816
0.452
1.144
0.76
0.712
0.684
0.696
0.768
0.876
0.944
0.94
0.916
0.916
0.908
0.9
0.888
0.84
0.82
0.804
0.796
0.828
0.852
0.888
0.86
0.828
0.868
0.928
0.924
0.876
0.824
0.768
0.744
0.74
0.8
0.884
0.984
0.988
0.944
0.956
0.924
0.816
0.768
0.776
0.8
0.884
0.904
0.904
0.932
0.872
0.832
0.888
0.956
0.988
0.944
0.928
0.9
0.832
0.772
0.84
0.88
0.896
0.888
0.896
0.82
0.76
0.74
0.796
0.84
0.844
0.788
0.776
0.724
0.736
0.788
0.856
0.416
1.192
0.816
0.736
0.708
0.684
0.696
0.756
0.88
0.908
0.836
0.82
0.928
0.976
0.936
0.852
0.824
0.924
0.944
0.892
0.804
0.856
0.956
0.928
0.836
0.804
0.86
0.904
0.896
0.876
0.784
0.832
0.84
0.932
0.924
0.8
0.84
0.84
0.836
0.768
0.788
0.836
0.868
0.872
0.88
0.784
0.824
0.836
0.832
0.76
0.808
0.844
0.896
0.796
0.796
0.828
0.808
0.744
0.736
0.776
0.884
0.952
0.948
0.932
0.86
0.852
0.876
0.868
0.868
0.816
0.768
0.84
0.9
0.856
0.812
0.864
0.896
0.804
0.788
0.828
0.872
0.848
0.78
0.74
0.836
0.876
0.92
0.824
0.876
0.912
0.928
0.816
0.9
0.96
0.936
0.824
0.852
0.9
0.924
0.804
0.832
0.896
0.968
0.956
0.856
0.904
0.896
0.788
0.864
0.916
0.896
0.792
0.828
0.852
0.86
0.796
0.732
0.724
0.74
0.764
0.816
0.804
0.776
0.74
0.78
0.808
0.748
0.784
0.788
0.816
0.832
0.776
0.788
0.808
0.848
0.876
0.82
0.816
0.852
0.852
0.784
0.744
0.8
0.856
0.984
0.86
0.928
0.9
0.876
0.832
0.772
0.744
0.756
0.828
0.928
0.912
0.912
0.952
0.856
0.872
0.88
0.8
0.772
0.808
0.848
0.936
0.892
0.916
1.076
1.104
1.028
0.924
0.952
0.912
0.824
0.776
0.764
0.804
0.888
0.932
0.932
0.9
0.828
0.876
0.9
0.884
0.888
0.816
0.796
0.856
0.884
0.888
0.856
0.804
0.82
0.84
0.816
0.784
0.772
0.808
0.884
0.9
0.788
0.752
0.744
0.752
0.816
0.988
0.936
0.896
0.896
0.82
0.808
0.844
0.824
0.776
0.724
0.736
0.784
0.856
0.872
0.908
0.844
0.812
0.9
0.932
0.948
0.94
0.832
0.876
0.904
0.94
0.924
0.852
0.84
0.94
0.928
0.928
0.844
0.812
0.792
0.904
0.996
1.012
0.948
0.852
0.824
0.812
0.856
1.036
1.032
1.04
1.008
0.872
0.908
0.992
0.944
0.892
0.976
1.056
1.056
0.928
0.808
0.828
0.972
1.048
1.044
0.984
0.908
0.912
0.98
0.948
0.912
0.912
0.94
0.88
0.82
0.804
0.848
0.86
0.808
0.772
0.804
0.908
0.928
0.916
0.996
1.024
1.012
1.028
0.908
0.82
0.796
0.796
0.9
0.98
0.956
0.984
0.876
0.836
0.964
0.996
0.956
0.9
0.82
0.832
1
0.992
0.96
0.92
0.856
0.84
0.944
1
0.98
0.988
0.884
0.896
1
0.976
1.008
0.948
0.844
0.808
0.86
0.988
1.004
0.98
0.908
0.896
0.968
0.992
0.908
0.856
0.832
1.004
1.016
1.016
1
0.976
0.972
0.852
0.848
0.996
1.008
1.004
0.972
0.952
0.94
0.944
0.916
0.884
0.916
0.86
0.992
1.004
1.004
1.004
1.052
0.988
0.964
0.856
0.808
0.9
1.092
1.056
1.024
0.976
0.984
0.916
0.972
1.044
0.98
0.944
0.988
0.96
0.896
0.844
0.924
0.944
0.944
0.952
0.844
0.812
0.94
0.98
0.96
0.96
0.912
0.868
0.852
1.024
1.056
1.004
0.928
0.9
0.872
0.92
1.048
1.068
0.98
0.892
0.852
0.88
1.116
1.1
1.048
1.04
0.964
0.86
0.844
1.068
1.04
1.008
0.956
0.868
0.896
0.984
1
0.912
0.896
0.88
0.904
1.056
0.96
0.86
0.8
0.796
0.908
