0.848
1.06
1.14
1.148
1.056
1.116
0.524
1.068
1.128
1.132
1.064
1.116
1.084
1.112
1.124
1.124
1.084
1.1
1.052
1.02
1.088
1.068
1.112
1.104
1.06
1.096
1.06
1.072
1.1
1.06
1.076
1.124
1.096
1.076
1.084
0.968
1.012
1.06
0.992
1.012
1.104
1.06
1.016
1.088
1.088
1.02
1.036
1.1
1.064
1.028
1.112
1.1
1.036
1.072
1.084
1.04
1.092
1.112
1.056
1.076
1.12
1.044
1.056
1.096
1.048
1.096
1.12
1.048
1.068
1.104
1.016
1.084
1.092
1.032
1.076
1.14
1.064
1.056
1.128
1.072
1.02
1.028
1.096
1.036
1.124
1.152
1.052
1.116
1.168
1.088
1.072
1.112
1.052
1.02
1.096
1.096
1.028
1.124
1.14
1.06
1.064
1.124
1.104
1.016
1.08
1.096
1.028
1.06
1.14
1.1
1.064
1.112
1.112
1.036
1.04
1.084
1.036
0.984
1.048
1.012
0.944
0.84
0.876
1.088
1.052
0.996
1.06
1.048
1.024
1.064
1.036
0.968
1.048
1.14
1.044
1.092
1.108
1.032
1.116
1.124
1.052
1.112
1.148
1.092
1.06
1.124
1.132
1.064
1.06
1.14
1.108
1.028
1.112
1.136
1.108
1.06
0.996
1.12
1.152
1.056
1.036
1.096
1.108
1.028
1.056
1.14
1.104
1.008
1.068
1.12
1.084
1.056
1.092
1.1
1.096
1.144
1.108
1.052
1.096
1.1
1.032
1.048
1.124
1.112
1.052
1.092
1.084
1.032
1.08
1.144
1.028
1.056
1.116
1.072
1.076
1.152
1.116
1.08
1.132
1.124
1.08
1.144
1.12
1.056
1.124
1.164
1.1
1.076
1.144
1.128
1.072
1.108
1.132
1.056
1.108
1.12
1.06
1.124
1.108
1.088
1.132
1.068
1.108
1.064
1.068
1.116
1.064
1.112
1.172
1.108
1.12
1.148
1.052
1.084
1.136
1.08
1.052
1.088
1.1
1.036
1.096
1.132
1.044
1.076
1.108
1.036
1.036
1.1
1.06
1.028
1.072
1.004
0.948
0.952
0.836
0.808
0.84
1.02
1.152
1.076
1.096
1.032
1.004
1.056
1.028
1.008
1.092
1.044
1.016
1.088
1.132
1.056
1.092
1.068
0.976
1.056
1.064
0.996
1.076
1.056
1.084
1.1
1.036
1.032
1.076
1.06
1.028
1.12
1.104
1.016
1.076
1.084
1.008
1.024
1.076
1.044
0.964
1.072
1.116
1.012
0.964
1.076
1.088
1.004
1.1
1.164
0.992
0.912
0.98
1.012
0.96
0.984
0.936
0.988
0.984
0.916
0.988
0.992
0.936
0.936
0.98
0.996
0.932
0.98
1.024
1.036
1.052
1.016
1.028
0.988
0.932
1
0.984
0.932
0.984
0.984
0.964
0.984
0.984
0.936
0.984
0.968
0.936
0.964
0.976
0.924
0.98
0.984
0.972
0.904
0.956
0.948
0.92
0.912
0.948
0.988
0.964
0.98
0.96
0.928
0.956
0.948
0.924
0.888
0.948
0.948
0.884
0.904
0.96
0.92
0.912
0.912
0.904
0.852
0.904
0.884
0.884
0.864
0.964
0.976
0.96
0.96
0.916
0.88
0.848
0.824
0.784
0.836
0.84
0.872
0.88
0.824
0.812
0.768
0.74
0.732
0.768
0.796
0.768
0.78
0.828
0.868
0.852
0.852
0.876
0.868
0.844
0.896
0.888
0.868
0.928
0.916
0.928
0.952
0.912
0.956
0.924
0.892
0.9
0.94
0.936
0.864
0.884
0.892
0.888
0.844
0.86
0.884
0.86
0.836
0.824
0.84
0.836
0.816
0.812
0.844
0.868
0.824
0.836
0.88
0.88
0.84
0.868
0.848
0.844
0.82
0.836
0.86
0.848
0.844
0.868
0.868
0.84
0.832
0.848
0.848
0.84
0.828
0.868
0.856
0.852
0.84
0.856
0.868
0.86
0.832
0.836
0.852
0.852
0.836
0.82
0.828
0.824
0.824
0.816
0.824
0.844
0.84
0.856
0.828
0.828
0.852
0.844
0.82
0.804
0.808
0.812
0.808
0.8
0.796
0.796
0.812
0.816
0.812
0.804
0.82
0.816
0.78
0.776
0.78
0.796
0.812
0.812
0.808
0.816
0.824
0.804
0.808
0.808
0.792
0.796
0.8
0.796
0.788
0.78
0.796
0.828
0.836
0.836
0.816
0.828
0.836
0.828
0.816
0.816
0.804
0.812
0.792
0.788
0.804
0.828
0.844
0.824
0.812
0.836
0.824
0.824
0.804
0.804
0.816
0.82
0.812
0.804
0.784
0.804
0.804
0.808
0.808
0.828
0.832
0.828
0.82
0.84
0.868
0.848
0.884
0.984
0.98
0.896
0.872
0.92
0.94
0.9
0.852
0.836
0.896
0.952
0.956
0.908
0.908
1.04
0.976
0.92
0.92
1.016
1.016
0.932
0.908
0.972
0.992
0.948
0.904
0.964
1.044
0.956
0.928
0.956
1.052
1.06
0.956
0.948
1.068
0.984
0.948
0.956
1.1
1.056
0.992
0.976
1.092
1.092
1.052
1.032
1.084
1.04
1.02
1.1
1.064
1.032
1.1
1.1
1.04
1.032
1.092
1.072
1.024
1.06
1.048
1
1.048
1.052
0.964
1.072
1.164
1.096
1.056
1.112
1.1
1.02
1.036
1.084
1.036
1.068
1.1
1.032
1.02
0.996
1
0.98
0.996
0.968
0.976
1.088
0.96
0.82
0.836
1.104
1.1
1.048
0.98
1.092
1.096
1.02
1.02
1.168
1.156
1.112
1.216
1.196
1.124
1.22
1.168
1.08
1.2
1.156
1.064
1.176
1.16
1.092
1.044
1.176
1.184
1.068
1.108
1.168
1.124
1.056
1.164
1.1
1.052
1.096
1.144
1.072
1.144
1.172
1.072
1.112
1.18
1.12
1.08
1.18
1.164
1.088
1.132
1.152
1.112
1.128
1.192
1.124
1.08
1.188
1.196
1.112
1.144
1.148
1.068
1.156
1.236
1.172
1.112
1.196
1.188
1.068
1.128
1.204
1.14
1.152
1.212
1.128
1.06
1.136
1.12
1.096
1.14
1.172
1.008
0.908
0.884
1.188
1.128
1.036
1.104
1.168
1.1
1
1.104
1.092
1.152
1.188
1.148
1.172
1.04
1.04
1.236
1.168
1.164
1.232
1.096
1.056
1.188
1.232
1.168
1.224
1.132
1.088
1.204
1.188
1.104
1.236
1.216
1.188
1.248
1.2
1.096
1.224
1.212
1.048
1.136
1.2
1.072
1.092
1.244
1.192
1.124
1.168
1.104
1.132
1.232
1.136
1.18
1.164
1.088
1.176
1.124
1.048
1.168
1.132
1.084
1.148
1.096
1.212
1.14
1.172
1.14
1.072
1.196
1.172
1.116
1.168
1.188
1.108
1.156
1.136
1.152
1.22
1.132
1.144
1.204
1.108
1.18
1.2
1.124
1.172
1.196
1.2
1.208
1.108
1.152
1.212
1.136
1.16
1.164
1.092
1.192
1.2
1.176
1.252
1.18
1.188
1.216
1.124
1.188
1.14
1.108
1.232
1.204
1.14
1.192
1.104
1.088
1.12
1.036
1.084
0.988
0.92
0.96
0.952
0.848
0.828
0.792
0.964
0.972
0.988
0.996
0.944
0.88
0.896
0.904
0.944
0.892
0.892
0.888
0.92
0.884
0.88
0.932
0.976
0.968
0.912
0.908
0.928
0.952
0.96
0.92
0.88
0.888
0.92
0.952
0.912
0.916
0.964
1.032
0.976
0.88
0.928
0.944
0.948
0.956
0.86
0.884
0.932
1.024
1.024
0.972
1.028
1.064
1.056
1
0.976
1.012
1.04
1
0.96
1.008
1.064
1.024
0.98
0.992
0.996
0.968
0.976
1
0.976
1
1.02
1.012
0.992
0.976
0.956
0.956
0.948
0.948
0.976
0.984
0.956
0.98
1.008
0.988
0.984
0.992
0.968
0.904
0.904
0.944
0.928
0.908
0.892
0.932
0.928
0.904
0.916
0.924
0.92
0.92
0.956
0.984
0.948
0.944
0.952
0.952
0.896
0.904
0.916
0.904
0.896
0.84
0.9
0.908
0.924
0.916
0.86
0.908
0.908
0.912
0.896
0.856
0.908
0.932
0.936
0.912
0.88
0.892
0.904
0.908
0.88
0.868
0.884
0.896
0.884
0.864
0.828
0.828
0.84
0.808
0.856
0.828
0.804
0.796
0.816
0.844
0.86
0.856
0.832
0.868
0.86
0.88
0.864
0.816
0.84
0.856
0.848
0.828
0.856
0.872
0.896
0.896
0.86
0.864
0.872
0.864
0.82
0.804
0.82
0.828
0.844
0.832
0.812
0.844
0.856
0.848
0.836
0.844
0.852
0.868
0.852
0.84
0.856
0.864
0.904
0.896
0.896
0.852
0.836
0.876
0.9
0.92
0.908
0.884
0.86
0.896
0.888
0.904
0.876
0.868
0.876
0.9
0.868
0.824
0.904
0.808
0.828
0.772
0.848
0.812
0.788
0.84
0.772
0.772
0.74
0.72
0.704
0.688
0.684
0.712
0.772
0.92
0.868
0.864
1.004
1
0.988
0.976
0.964
0.916
0.852
0.916
0.992
0.968
0.956
1.04
0.984
0.896
1.004
1.004
0.888
0.82
0.792
0.84
0.864
0.908
0.944
0.912
0.956
1.016
0.98
0.936
1.096
0.988
0.924
1.048
1.136
1.04
0.976
1.188
1.156
1.048
1.08
1.116
1.028
1.056
1.168
1.12
1.028
1.12
1.14
1.044
1.088
1.176
1.116
1.012
1.108
1.148
1.072
1.036
1.188
1.164
1.052
1.116
1.152
1.088
1.044
1.152
1.188
1.112
1.064
1.192
1.148
1.06
1.132
1.18
1.108
1.092
1.168
1.108
1.084
1.188
1.16
1.1
1.168
1.128
1.064
1.16
1.152
1.076
1.16
1.208
1.156
1.172
1.096
1.156
1.176
1.092
1.152
1.212
1.108
1.124
1.208
1.136
1.084
1.236
1.2
1.188
1.22
1.088
1.164
1.192
1.096
1.172
1.196
1.096
1.164
1.268
1.136
1.124
1.212
1.152
1.156
1.204
1.076
1.156
1.204
1.1
1.104
1.208
1.14
1.08
1.228
1.156
1.136
1.224
1.124
1.092
1.22
1.2
1.092
1.136
1.224
1.16
1.08
1.212
1.288
1.256
1.28
1.136
1.092
1.272
1.284
1.152
1.184
1.272
1.2
1.22
1.196
0.996
1.076
0.972
0.932
1.08
1.06
1.208
1.2
1.112
1.18
1.092
1.032
1.176
1.188
1.096
1.152
1.252
1.152
1.128
1.208
1.184
1.128
1.244
1.172
1.108
1.228
1.232
1.132
1.164
1.232
1.136
1.164
1.272
1.176
1.124
1.236
1.248
1.14
1.204
1.28
1.18
1.148
1.256
1.248
1.132
1.184
1.248
1.192
1.128
1.24
1.252
1.168
1.112
1.18
1.184
1.108
1.132
1.216
1.18
1.092
1.18
1.224
1.152
1.124
1.192
1.18
1.084
1.132
1.216
1.168
1.152
1.212
1.136
1.208
1.244
1.16
1.168
1.24
1.184
1.168
1.228
1.18
1.128
1.22
1.196
1.124
1.176
1.2
1.124
1.212
1.188
1.128
1.208
1.196
1.112
1.2
1.204
1.132
1.16
1.24
1.188
1.164
1.216
1.2
1.128
1.204
1.248
1.152
1.16
1.228
1.184
1.12
1.212
1.196
1.104
1.124
1.156
1.148
1.048
1.052
1.088
1.06
0.976
1.016
1.1
1.072
1.008
0.992
1.052
1.024
0.944
1.016
1.08
1.028
1.076
1.14
1.028
1.084
1.132
1.048
1.076
1.1
1.012
1.04
1.076
1.032
1.072
1.06
1.04
1.096
1.068
1.032
1.076
1.04
1.028
1.06
1.028
1.016
1.076
1.02
1.064
1.1
1.032
1.048
1.04
0.964
0.988
1.032
1
0.968
1.016
1.004
0.964
1.012
1.012
0.968
0.984
1.012
0.992
0.972
1.004
0.976
0.956
0.976
0.968
0.924
0.936
0.952
0.892
0.892
0.904
0.916
0.884
0.904
0.904
0.928
0.872
0.9
0.912
0.924
0.912
0.912
0.932
0.892
0.884
0.912
0.884
0.884
0.916
0.92
0.86
0.908
0.916
0.892
0.892
0.912
0.908
0.892
0.916
0.932
0.9
0.904
0.904
0.904
0.88
0.888
0.876
0.836
0.864
0.864
0.88
0.848
0.852
0.864
0.876
0.828
0.832
0.832
0.864
0.836
0.832
0.836
0.832
0.844
0.812
0.828
0.852
0.84
0.848
0.852
0.852
0.832
0.824
0.832
0.856
0.824
0.836
0.836
0.864
0.848
0.828
0.86
0.836
0.828
0.836
0.852
0.804
0.824
0.816
0.824
0.804
0.792
0.792
0.816
0.808
0.792
0.812
0.812
0.828
0.816
0.824
0.864
0.848
0.836
0.82
0.816
0.812
0.804
0.78
0.784
0.788
0.808
0.776
0.768
0.804
0.816
0.848
0.848
0.84
0.836
0.824
0.816
0.78
0.76
0.776
0.772
0.76
0.752
0.736
0.752
0.76
0.784
0.828
0.836
0.868
0.868
0.86
0.824
0.836
0.816
0.82
0.784
0.784
0.772
0.772
0.768
0.764
0.784
0.804
0.804
0.804
0.8
0.808
0.824
0.796
0.796
0.788
0.8
0.788
0.788
0.804
0.832
0.876
0.848
0.868
0.86
0.86
0.824
0.86
0.844
0.832
0.804
0.808
0.812
0.824
0.828
0.828
0.828
0.908
0.848
0.888
1.176
1.1
1.096
1.056
1.116
1.056
1.02
1.084
0.92
0.828
0.816
0.98
1.016
1.024
0.988
0.98
1.124
1.104
0.98
1.016
1.072
1.068
0.98
0.908
0.956
1.092
1.112
0.992
1.028
1.12
1.084
1.016
1.096
1.116
1.052
1.08
1.14
1.112
1.06
1.16
1.112
1.092
1.144
1.06
1.096
1.136
1.068
1.008
1.152
1.156
1.068
1.18
1.112
1.048
1.116
1.124
1.068
1.168
1.096
1.072
1.168
1.124
1.1
1.18
1.08
1.136
1.172
1.088
1.148
1.14
1.08
1.168
1.144
1.052
1.188
1.196
1.064
1.16
1.192
1.076
1.196
1.26
1.1
1.188
1.2
1.084
1.212
1.228
1.132
1.184
1.22
1.108
1.18
1.184
1.096
1.156
1.22
1.12
1.208
1.168
1.076
1.188
1.22
1.096
1.2
1.228
1.096
1.2
1.244
1.14
1.196
1.216
1.1
1.112
0.904
0.86
1.048
1.312
1.104
1.152
1.212
1.136
1.088
1.216
1.232
1.116
1.176
1.28
1.188
1.216
1.32
1.24
1.22
1.3
1.2
1.236
1.312
1.228
1.244
1.316
1.196
1.244
1.312
1.196
1.264
1.316
1.208
1.22
1.312
1.204
1.188
1.34
1.212
1.272
1.324
1.212
1.212
1.284
1.18
1.204
1.268
1.16
1.148
1.292
1.216
1.108
1.252
1.26
1.156
1.268
1.236
1.132
1.188
1.288
1.196
1.196
1.28
1.16
1.192
1.28
1.164
1.2
1.3
1.172
1.22
1.272
1.172
1.196
1.288
1.196
1.192
1.268
1.196
1.244
1.22
1.132
1.248
1.24
1.132
1.248
1.208
1.192
1.248
1.144
1.2
1.264
1.216
1.256
1.14
1.18
1.264
1.164
1.24
1.232
1.124
1.212
1.232
1.124
1.204
1.236
1.216
1.084
1.2
1.212
1.18
1.256
1.164
1.236
1.184
1.132
1.252
1.188
1.116
1.212
1.292
1.184
1.228
1.256
1.152
1.196
1.308
1.288
1.228
1.104
0.964
0.876
1.012
1.02
1.328
1.248
1.1
1.236
1.252
1.156
1.204
1.168
1.136
1.284
1.272
1.152
1.244
1.248
1.124
1.24
1.276
1.184
1.264
1.188
1.128
1.26
1.22
1.188
1.288
1.124
1.22
1.272
1.172
1.116
1.264
1.268
1.1
1.18
1.232
1.08
1.096
1.232
1.244
1.088
1.192
1.236
1.128
1.068
1.188
1.204
1.076
1.164
1.216
1.112
1.08
1.176
1.176
1.036
1.084
1.184
1.08
1.048
1.132
1.148
1.052
1.024
1.092
1.124
1.024
1.028
1.1
1.076
0.992
1.024
1.088
1.096
1.016
1.06
1.112
1.088
1.004
1.052
1.096
1.052
1.032
0.984
0.996
1.04
0.956
0.86
0.816
0.812
0.86
0.936
0.968
0.936
0.968
1.012
1.036
0.96
0.992
1.048
1.036
0.992
1.04
1.036
0.96
1.012
1.072
1.044
0.988
1.028
1.052
1.02
0.968
1.012
1.02
0.968
1.004
1.032
0.996
1.012
1.036
1.036
0.976
0.996
1.004
0.964
0.968
1
0.972
0.988
1.024
0.988
0.96
0.996
0.992
0.956
0.968
0.956
0.94
0.96
0.964
0.952
0.9
0.908
0.924
0.9
0.824
0.792
0.772
0.796
0.836
0.856
0.864
0.82
0.836
0.868
0.892
0.896
0.864
0.884
0.904
0.908
0.904
0.892
0.928
0.936
0.924
0.92
0.888
0.916
0.936
0.928
0.896
0.896
0.924
0.94
0.932
0.896
0.904
0.916
0.916
0.896
0.888
0.908
0.9
0.904
0.876
0.884
0.912
0.932
0.908
0.872
0.888
0.9
0.912
0.876
0.876
0.892
0.904
0.896
0.86
0.876
0.892
0.884
0.86
0.868
0.884
0.9
0.872
0.892
0.9
0.912
0.892
0.852
0.86
0.86
0.872
0.868
0.86
0.88
0.884
0.864
0.868
0.896
0.9
0.888
0.912
0.92
0.904
0.904
0.892
0.876
0.856
0.856
0.864
0.86
0.844
0.872
0.896
0.888
0.884
0.92
0.92
0.88
0.884
0.904
0.908
0.872
0.888
0.896
0.88
0.872
0.884
0.86
0.856
0.888
0.9
0.884
0.896
0.9
0.892
0.904
0.896
0.832
0.864
0.872
0.876
0.856
0.872
0.896
0.892
0.868
0.888
0.908
0.916
0.884
0.888
0.908
0.932
0.908
0.92
0.928
0.924
0.892
0.9
0.908
0.908
0.872
0.892
0.904
0.9
0.892
0.912
0.912
0.908
0.872
0.892
0.9
0.904
0.88
0.908
0.944
0.952
0.92
0.936
0.936
0.908
0.888
0.9
0.904
0.904
0.936
0.98
0.956
0.976
0.984
0.952
0.908
0.912
0.948
0.948
0.896
0.924
0.944
0.916
0.932
0.964
0.988
0.956
0.992
0.972
0.932
0.988
1.008
0.948
0.992
0.988
0.956
1
1.04
0.988
1.004
1.064
0.94
0.988
0.992
0.984
0.908
0.912
0.976
1.048
0.984
1.092
1.08
0.996
1.092
1.172
1.064
1.128
1.088
0.912
0.932
0.848
0.996
1.24
1.14
1.076
1.048
1.092
1.148
1.108
1.016
1.172
1.168
1.132
1.008
1.14
1.168
1.248
1.1
1.108
1.04
0.912
0.912
1.04
1.14
1.068
1.22
1.168
1.164
1.068
1.016
1.22
1.248
1.132
1.224
1.2
1.104
1.28
1.256
1.156
1.264
1.272
1.136
1.204
1.264
1.18
1.276
1.148
1.248
1.244
1.16
1.276
1.172
1.188
1.3
1.164
1.268
1.252
1.172
1.26
1.18
1.268
1.296
1.168
1.208
1.188
1.24
1.204
1.204
1.304
1.176
1.232
1.292
1.204
1.348
1.312
1.192
1.344
1.3
1.18
1.32
1.3
1.188
1.22
1.308
1.268
1.144
1.232
1.356
1.268
1.196
1.296
1.268
1.18
1.256
1.304
1.2
1.184
1.304
1.276
1.176
1.272
1.256
1.14
1.268
1.28
1.156
1.296
1.232
1.176
1.292
1.24
1.224
1.288
1.188
1.224
1.32
1.216
1.26
1.304
1.192
1.276
1.328
1.224
1.196
1.32
1.268
1.236
1.292
1.188
1.276
1.3
1.232
1.312
1.268
1.256
1.304
1.248
1.256
1.316
1.228
1.264
1.38
1.256
1.3
1.304
1.228
1.32
1.304
1.248
1.332
1.256
1.224
1.352
1.2
1.244
1.332
1.176
1.288
1.34
1.224
1.304
1.352
1.22
1.264
1.352
1.248
1.284
1.324
1.24
1.224
1.316
1.268
1.236
1.324
1.26
1.208
1.336
1.28
1.24
1.324
1.256
1.2
1.296
1.28
1.228
1.3
1.232
1.228
1.332
1.224
1.316
1.216
1.2
1.316
1.176
1.256
1.3
1.228
1.328
1.252
1.192
1.316
1.304
1.208
1.272
1.312
1.192
1.308
1.308
1.28
1.328
1.252
1.3
1.324
1.26
1.3
1.212
1.288
1.268
1.224
1.324
1.204
1.28
1.3
1.176
1.296
1.14
0.984
0.9
1.148
1.392
1.228
1.224
1.292
1.184
1.284
1.26
1.192
1.304
1.24
1.216
1.308
1.252
1.268
1.324
1.18
1.272
1.324
1.204
1.12
1.096
1.02
0.9
0.828
0.952
1.06
1.044
0.956
0.932
0.996
1
1.004
0.96
0.884
0.884
0.924
0.94
0.932
0.968
1.068
1.084
1.04
1.032
1.116
1.064
1.044
1.108
1.04
1.04
0.968
0.988
1.04
1.048
1.004
1.04
1.048
1.012
1.076
1.064
1.028
1.08
1.012
0.992
1.06
1.044
1.02
1.096
1.016
1.008
1.052
1.02
0.992
1.036
1.092
1.008
1.06
1.096
1.032
1.076
1.036
1
1.036
0.992
1.004
1.068
0.996
1.02
1.104
0.96
0.968
1.04
1.02
0.872
0.868
0.904
0.92
0.88
0.916
0.936
0.928
0.904
0.94
0.94
0.936
0.98
0.996
1.004
1
0.996
1.052
0.972
1.012
1.016
0.996
1.008
0.98
0.964
0.988
0.984
0.928
0.956
1.008
1.004
1.016
0.984
0.948
0.972
0.972
0.964
0.896
0.944
0.964
0.944
0.896
0.96
0.992
0.972
0.932
0.916
0.956
0.956
0.952
0.92
0.936
0.948
0.908
0.912
0.94
0.948
0.944
0.956
0.908
0.948
0.972
0.976
0.912
0.904
0.916
0.944
0.944
0.912
0.888
0.9
0.92
0.92
0.884
0.932
0.944
0.976
0.928
0.956
0.968
0.976
0.948
0.88
0.896
0.836
0.824
0.776
0.744
0.756
0.78
0.836
0.896
0.92
0.86
0.872
0.908
0.928
0.94
0.876
0.9
0.924
0.968
0.904
0.936
0.976
0.944
0.928
0.96
0.992
0.984
0.936
0.964
0.928
0.96
0.968
0.952
0.976
0.98
0.956
1.004
1.004
0.936
0.948
0.976
0.976
0.932
0.932
0.94
0.96
0.876
0.9
0.868
0.832
0.852
0.852
0.868
0.868
0.86
0.844
0.824
0.804
0.788
0.776
0.768
0.768
0.824
0.808
0.856
1.04
1.108
1.112
1.128
1.144
1.112
1.004
1.092
1.096
1
1.036
1.128
1.044
0.936
0.916
1.096
1.144
1.012
1.016
0.984
1.032
0.996
1.012
1.028
1.064
1.028
1.036
0.988
0.956
0.9
0.836
0.832
0.984
1.044
1.056
1.108
1.104
1.088
1.116
1.076
1.14
1.116
1.164
1.06
1.164
1.184
1.084
1.172
1.224
1.096
1.224
1.224
1.216
1.188
1.18
1.224
1.164
1.22
1.148
1.26
1.24
1.184
1.284
1.132
1.224
1.292
1.176
1.288
1.268
1.164
1.26
1.272
1.244
1.336
1.212
1.28
1.272
1.244
1.3
1.244
1.232
1.32
1.228
1.288
1.316
1.184
1.28
1.34
1.184
1.268
1.332
1.228
1.244
1.308
1.224
1.244
1.312
1.228
1.228
1.324
1.24
1.236
1.324
1.228
1.284
1.34
1.288
1.304
1.22
1.28
1.292
1.188
1.284
1.284
1.2
1.332
1.228
1.26
1.368
1.236
1.296
1.352
1.224
1.328
1.26
1.276
1.36
1.212
1.272
1.312
1.22
1.288
1.312
1.212
1.268
1.288
1.2
1.3
1.304
1.236
1.308
1.232
1.204
1.34
1.28
1.264
1.332
1.22
1.284
1.336
1.248
1.284
1.352
1.268
1.304
1.348
1.244
1.316
1.332
1.216
1.308
1.36
1.236
1.24
1.388
1.264
1.272
1.372
1.284
1.26
1.344
1.264
1.204
1.312
1.28
1.2
1.296
1.352
1.184
1.296
1.312
1.22
1.296
1.308
1.208
1.316
1.316
1.208
1.296
1.26
1.188
1.304
1.272
1.28
1.336
1.224
1.26
1.364
1.264
1.26
1.344
1.252
1.312
1.292
1.244
1.324
1.28
1.284
1.308
1.228
1.308
1.304
1.264
1.328
1.276
1.216
1.304
1.212
1.248
1.34
1.232
1.316
1.288
1.284
1.312
1.196
1.264
1.296
1.24
1.296
1.26
1.292
1.316
1.228
1.296
1.34
1.276
1.36
1.308
1.296
1.352
1.26
1.308
1.284
1.224
1.4
1.272
1.184
1.288
1.224
1.168
1.268
1.188
1.112
1.26
1.168
0.984
0.912
0.936
1.396
1.124
1.236
1.248
1.12
1.28
1.212
1.076
1.18
1.236
1.136
1.096
1.184
1.088
1.1
0.94
0.884
0.952
1.016
1.14
1.04
1.076
1.132
1.048
1.068
1.172
1.12
1.012
1.056
1.1
1.06
1.02
1.056
1.128
1.036
1.068
1.144
1.052
1.084
1.092
1.16
1.112
1.116
1.112
1.096
1.124
1.088
1.008
1.024
1.136
1.128
1.048
1.088
1.08
1.036
1.116
1.08
1.068
1.128
1.12
1.064
1.112
1.128
1.04
1.036
1.116
1.12
1.016
1.036
1.096
1.056
1.012
1.076
1.052
1.04
1.072
1.072
0.996
1.036
1.076
1.068
1
1.036
1.092
1.048
1.004
1.04
1.044
0.976
0.9
0.912
0.912
0.892
0.816
0.808
0.82
0.844
0.904
0.924
0.916
0.872
0.892
0.912
0.944
0.94
0.928
0.964
0.98
0.968
0.928
0.964
0.968
1
0.94
0.972
1.004
1.004
0.964
0.972
1.016
0.992
0.944
0.952
0.976
0.988
0.92
0.944
0.988
0.984
0.94
0.968
0.988
0.98
0.94
0.948
0.972
0.948
0.908
0.916
0.944
0.932
0.9
0.916
0.936
0.952
0.908
0.944
0.952
0.956
0.908
0.924
0.94
0.924
0.876
0.892
0.9
0.904
0.868
0.904
0.928
0.94
0.908
0.944
0.936
0.936
0.912
0.904
0.928
0.888
0.9
0.92
0.928
0.908
0.916
0.94
0.944
0.912
0.92
0.944
0.952
0.924
0.916
0.932
0.932
0.896
0.9
0.92
0.932
0.892
0.904
0.924
0.94
0.932
0.904
0.932
0.936
0.932
0.92
0.936
0.944
0.904
0.904
0.916
0.928
0.872
0.9
0.896
0.904
0.872
0.908
0.94
0.932
0.9
0.92
0.924
0.904
0.9
0.92
0.928
0.9
0.908
0.932
0.904
0.924
0.98
0.984
0.964
0.972
0.984
0.944
0.92
0.92
0.92
0.884
0.916
0.924
0.912
0.932
0.944
0.924
0.896
0.916
0.92
0.9
0.888
0.9
0.908
0.872
0.884
0.892
0.88
0.852
0.876
0.92
0.94
0.896
0.936
0.92
0.928
0.948
0.932
0.884
0.856
0.884
0.912
0.948
0.888
0.944
0.98
0.972
0.912
0.908
0.944
0.944
0.904
0.896
0.972
1
0.932
0.992
1.04
1.02
0.976
0.992
1.06
1.032
0.952
1.052
0.972
0.948
1.076
1.096
1.04
0.94
1.04
1.06
0.992
0.944
1.02
1.056
1.028
0.984
1.084
1.112
0.984
1.084
1.112
1.052
1.02
1.1
1.072
1.02
1.108
1.092
1.096
1.148
1.064
1.108
1.14
1.092
1.112
1.104
1.12
1.108
1.188
1.12
1.06
1.232
1.188
1.072
1.204
1.136
1.104
1.228
1.108
1.152
1.24
1.144
1.156
1.22
1.136
1.156
1.252
1.16
1.1
1.224
1.224
1.088
1.176
1.076
0.908
0.968
1.06
1.316
1.188
1.12
1.208
1.156
1.116
1.22
1.208
1.132
1.236
1.236
1.124
1.2
1.296
1.164
1.172
1.26
1.196
1.196
1.256
1.172
1.196
1.26
1.16
1.208
1.272
1.18
1.224
1.316
1.188
1.208
1.312
1.216
1.212
1.332
1.244
1.2
1.308
1.228
1.208
1.316
1.252
1.228
1.292
1.244
1.192
1.3
1.24
1.18
1.312
1.264
1.22
1.324
1.264
1.176
1.276
1.276
1.16
1.276
1.264
1.18
1.26
1.26
1.192
1.344
1.3
1.208
1.28
1.252
1.176
1.292
1.324
1.24
1.292
1.32
1.2
1.264
1.356
1.22
1.308
1.292
1.228
1.3
1.288
1.196
1.3
1.272
1.208
1.3
1.248
1.164
1.244
1.312
1.184
1.212
1.28
1.18
1.256
1.256
1.18
1.248
1.308
1.22
1.18
1.268
1.24
1.192
1.32
1.256
1.28
1.256
1.18
1.24
1.292
1.176
1.268
1.28
1.192
1.216
1.296
1.224
1.244
1.316
1.232
1.272
1.26
1.192
1.212
1.324
1.192
1.232
1.3
1.224
1.2
1.272
1.208
1.136
1.276
1.284
1.188
1.2
1.228
1.152
1.188
1.264
1.228
1.172
1.268
1.196
1.152
1.252
1.192
1.172
1.304
1.232
1.14
1.288
1.2
1.152
1.308
1.276
1.224
1.328
1.204
1.236
1.32
1.252
1.24
1.292
1.24
1.188
1.248
1.224
1.192
1.24
1.22
1.184
1.304
1.252
1.14
1.268
1.252
1.148
1.264
1.276
1.192
1.308
1.272
1.2
1.292
1.252
1.22
1.068
0.936
1
1.152
1.088
1.356
1.204
1.136
1.276
1.232
1.216
1.276
1.152
1.252
1.24
1.204
1.056
1.232
1.328
1.228
1.268
1.328
1.268
1.276
1.32
1.22
1.272
1.256
1.188
1.288
1.256
1.204
1.204
1.068
1.196
1.28
1.264
1.264
1.204
1.272
1.236
1.268
1.192
1.088
1.056
0.896
0.932
