1.472
1.48
1.484
1.468
1.468
1.44
1.48
1.46
1.476
1.468
1.42
1.372
1.36
1.336
1.348
1.332
1.332
1.324
1.36
1.392
1.472
1.444
1.476
1.512
1.504
1.528
1.596
1.572
1.596
1.548
1.432
1.46
1.468
1.46
1.376
1.368
1.424
1.372
1.344
1.38
1.372
1.352
1.388
1.368
1.364
1.372
1.36
1.396
1.432
1.372
1.352
1.384
1.336
1.348
1.312
1.284
1.312
1.316
1.304
1.36
1.332
1.324
1.22
1.236
1.272
1.316
1.172
1.26
1.336
1.38
1.412
1.444
1.492
1.376
1.424
1.372
1.4
1.396
1.428
1.464
1.456
1.484
1.472
1.492
1.484
1.516
1.472
1.524
1.504
1.448
1.48
1.508
1.484
1.496
1.452
1.468
1.444
1.488
1.504
1.496
1.524
1.572
1.54
1.528
1.488
1.492
1.432
1.496
1.44
1.452
1.472
1.524
1.484
1.464
1.436
1.428
1.52
1.452
1.476
1.428
1.432
1.432
1.408
1.424
1.392
1.368
1.396
1.388
1.404
1.404
1.332
1.316
1.3
1.32
1.34
1.384
1.396
1.432
1.488
1.524
1.444
1.416
1.5
1.496
1.44
1.412
1.416
1.484
1.464
1.46
1.428
1.48
1.424
1.372
1.376
1.324
1.344
1.3
1.224
1.196
1.216
1.216
1.22
1.248
1.288
1.292
1.34
1.324
1.384
1.384
1.392
1.412
1.432
1.44
1.44
1.452
1.484
1.396
1.428
1.444
1.424
1.46
1.388
1.416
1.368
1.36
1.372
1.348
1.356
1.276
1.156
1.188
1.22
1.276
1.272
1.3
1.308
1.36
1.408
1.392
1.456
1.364
1.416
1.392
1.432
1.376
1.42
1.372
1.432
1.4
1.496
1.436
1.464
1.416
1.408
1.384
1.384
1.432
1.32
1.388
1.424
1.36
1.356
1.388
1.356
1.356
1.398328
1.404
1.444
1.424
1.428
1.416
1.396
1.384
1.352
1.34
1.348
1.436
1.44
1.464
1.496
1.496
1.444
1.488
1.484
1.564
1.392
1.496
1.54
1.496
1.52
1.464
1.456
1.452
1.416
1.444
1.432652
1.552
1.444
1.356
1.364
1.356
1.292
1.316
1.336
1.312
1.304
1.296
1.372
1.34
1.38
1.364
1.404
1.384
1.48
1.448
1.464
1.476
1.428
1.504
1.528
1.48
1.536
1.504
1.576
1.536
1.524
1.504
1.368
1.276
1.376
1.444
1.444
1.484
1.44
1.52
1.496
1.44
1.412
1.4
1.484
1.464
1.448
1.424
1.36
1.336
1.324
1.288
1.28
1.348
1.344
1.408
1.408
1.328
1.34
1.312
1.344
1.376
1.591503
1.396
1.4
1.364
1.372
1.36
1.372
1.416
1.352
1.44
1.396
1.408
1.444
1.484
1.54
1.532
1.476
1.492
1.376
1.48
1.528
1.56
1.644
1.628
1.62
1.576
1.556
1.508
1.48
1.508
1.484
1.4
1.479075
1.508
1.54
1.476
1.476
1.468
1.432
1.424
1.416
1.472
1.468
1.472
1.492
1.436
1.368
1.388
1.487414
1.452
1.5
1.464
1.48
1.436
1.452
1.616622
1.488
1.476
1.244
1.372
1.4
1.372
1.392
1.372
1.38
1.408
1.388
1.416
1.518494
1.42
1.456
1.388
1.472
1.392
1.404
1.444
1.416
1.416
1.388
1.444
1.382096
1.384
1.388
1.38
1.376
1.388
1.428
1.444
1.488
1.388
1.456
1.516
1.544
1.488
1.488
1.444
1.476
1.42
1.392
1.356
1.432703
1.292
1.34
1.356
1.356
1.392
1.384
1.412
1.38
1.396
1.4
1.412
1.352
1.432
1.448
1.4
1.384
1.372
1.36
1.384
1.364
1.384
1.408
1.508
1.424
1.456
1.464
1.484
1.432
1.432
1.448
1.42
1.424
1.416
1.388
1.352
1.32
1.312
1.352
1.328
1.372
1.36
1.352
1.396
1.4
1.408
1.416
1.484
1.452
1.408
1.38
1.416
1.38
1.444
1.462016
1.436
1.404
1.416
1.352
1.388
1.348
1.412
1.344
1.284
1.388
1.598577
1.416
1.484
1.484
1.484
1.44
1.52
1.508
1.524
1.5
1.508
1.531215
1.56
1.596
1.548
1.528
1.48
1.456
1.53594
1.544
1.392
1.456
1.38
1.368
1.384
1.36
1.356
1.514431
1.344
1.408
1.404
1.456
1.428
1.376
1.462204
1.376
1.512
1.5
1.396
1.344
1.38
1.392
1.444
1.456
1.456
1.508
1.42
1.452
1.448
1.464
1.428
1.456
1.456
1.412
1.484
1.444
1.408
1.316
1.44
1.464
1.524
1.536
1.496
1.548
1.472
1.472
1.657049
1.44
1.408
1.444
1.444
1.448
1.554359
1.42
1.48
1.444
1.456
1.456
1.448
1.444
1.42
1.44
1.357676
1.512
1.492
1.512
1.573094
1.38
1.516
1.408
1.448
1.432
1.496
1.356
1.384
1.436
1.444
1.448
1.42
1.46
1.480637
1.496
1.508
1.428
1.504
1.5
1.52
1.508
1.524
1.476
1.484
1.44
1.452
1.476
1.434446
1.516
1.52
1.52
1.504
1.44
1.452
1.484
1.48
1.476
1.50384
1.576
1.616
1.528
1.624
1.556
1.536
1.388
1.38
1.432
1.439683
1.532
1.58
1.476
1.552
1.508
1.532
1.484
1.464264
1.544
1.544
1.48
1.428
1.473017
1.492
1.556
1.496
1.512
1.504
1.388001
1.52
1.524
1.404
1.591508
1.416
1.444
1.424
1.42
1.42
1.464
1.444
1.5
1.524
1.58
1.584
1.572
1.48
1.5
1.476
1.48
1.537493
1.588
1.372
1.392
1.424
1.388
1.436
1.416
1.496
1.436
1.408
1.5
1.452
1.52
1.452
1.488
1.5
1.43439
1.52
1.516
1.627072
1.496
1.456
1.452
1.416
1.464
1.404
1.408
1.560779
1.508
1.456
1.46
1.50283
1.468
1.44
1.456
1.598763
1.468
1.372
1.34
1.212
1.228
1.304
1.332
1.368
1.364
1.416
1.4
1.496
1.5
1.572
1.564
1.652
1.548
1.624
1.536
1.484
1.597812
1.588
1.644
1.524
1.592
1.508
1.532
1.436
1.5
1.452
1.532
1.412
1.424
1.372
1.36
1.44
1.376
1.4
1.432
1.44
1.524
1.593289
1.508
1.552
1.432
1.456
1.412
1.448
1.408
1.492
1.448
1.484
1.472
1.532
1.444
1.496
1.528
1.468
1.448
1.484
1.44
1.46
1.396
1.408
1.58214
1.488
1.432
1.368
1.344
1.352
1.304
1.312
1.344
1.348
1.376
1.44
1.404
1.468
1.436
1.452
1.504
1.596
1.576
1.6
1.548
1.564
1.44
1.544
1.596
1.54
1.608
1.54
1.624
1.472
1.628
1.628
1.56
1.46
1.516
1.444
1.484
1.568689
1.568
1.484
1.518804
1.468
1.448
1.448
1.498724
1.504
1.48
1.452
1.452
1.444
1.512
1.452
1.452
1.491677
1.504
1.392
1.336
1.352
1.228
1.448
1.48
1.456
1.52
1.452
1.528
1.48
1.56
1.492
1.452
1.464301
1.38
1.468
1.288
1.38
1.436
1.468
1.532
1.476
1.508
1.428
1.496
1.516
1.472
1.496
1.496
1.501202
1.524
1.624
1.556
1.488
1.476
1.448
1.452
1.468
1.38
1.368
1.432
1.404
1.44
1.44
1.448
1.504
1.428
1.48
1.504
1.532
1.624
1.468
1.508
1.524
1.432
1.464
1.41197
1.588
1.464
1.496
1.42
1.476
1.4
1.444
1.42
1.392
1.44
1.4
1.416
1.38
1.444
1.376
1.4
1.448
1.42
1.392
1.36
1.44
1.685093
1.468
1.464
1.452
1.607142
1.316
1.348
1.388
1.352
1.392
1.364
1.4
1.428
1.48
1.44
1.556
1.508
1.568
1.504
1.588
1.552
1.54
1.416795
1.588
1.496
1.524
1.48
1.508
1.44
1.42
1.364
1.424
1.408
1.528
1.46
1.552
1.552
1.532
1.58
1.544
1.568
1.5
1.584
1.552
1.6
1.54
1.568
1.46967
1.452
1.62
1.44
1.488
1.436
1.456
1.404
1.424
1.392
1.436
1.456
1.48
1.476
1.54
1.512
1.528
1.496
1.468
1.52
1.452
1.48
1.456
1.472
1.504
1.432
1.42
1.476
1.452
1.488
1.52
1.56
1.504
1.512
1.58
1.564
1.532
1.492
1.504
1.492
1.52
1.476
1.508
1.528
1.452919
1.476
1.46
1.384
1.348
1.364
1.252
1.348
1.348
1.376
1.388
1.42
1.368
1.468
1.408
1.432
1.436
1.476
1.516
1.452
1.408
1.424
1.464
1.524
1.524
1.472
1.464
1.44
1.545519
1.52
1.572
1.516
1.492
1.474697
1.448
1.444
1.392
1.344
1.292
1.404
1.396
1.444
1.36
1.412
1.412
1.44
1.416
1.48
1.498042
1.524
1.488
1.536
1.516
1.508
1.42
1.444
1.432
1.528
1.536
1.596
1.532
1.556
1.48
1.4
1.408
1.436
1.471423
1.470075
1.62
1.496
1.484
1.468
1.582765
1.528
1.42
1.44
1.432
1.448
1.404
1.4
1.404
1.412
1.444
1.404
1.488
1.484
1.448
1.452
1.448
1.436
1.456
1.4
1.396
1.424
1.432
1.416
1.476
1.492
1.432
1.484
1.496
1.408
1.448489
1.444
1.408
1.42
1.416
1.4
1.428
1.484
1.536
1.44
1.436
1.344
1.46
1.516
1.492
1.48
1.44
1.444
1.46
1.488
1.564
1.52
1.556
1.504
1.448
1.476
1.476
1.436
1.452
1.476
1.428
1.368
1.364
1.396
1.408
1.428
1.528
1.496
1.432
1.272
1.4
1.412
1.448
1.42
1.468
1.492
1.448
1.488
1.484
1.464
1.4
1.38
1.4
1.416
1.416
1.396
1.388
1.408
1.44
1.452
1.504
1.512
1.508
1.508
1.452
1.412
1.22
1.184
1.208
1.38
1.424
1.464
1.5
1.5
1.476
1.488
1.516
1.4
1.404
1.552
1.508
1.424
1.408
1.444
1.448
1.452
1.488
1.488
1.508
1.552
1.508
1.496
1.5
1.516
1.476
1.472
1.484
1.452
1.456
1.444
1.38
1.388
1.412
1.404
1.372
1.36
1.332
1.356
1.352
1.368
1.368
1.34
1.32
1.336
1.36
1.336
1.364
1.368
1.368
1.344
1.364
1.34
1.344
1.352
1.336
1.328
1.332
1.288
1.3
1.308
1.562043
1.352
1.324
1.372
1.328
1.396
1.376
1.396
1.388
1.42
1.384
1.404
1.44
1.428
1.428
1.412
1.456
1.436
1.44
1.456
1.436
1.388
1.384
1.388
1.368
1.396
1.356
1.364
1.384
1.412
1.388
1.404
1.372
1.396
1.368
1.38
1.324
1.44
1.4
1.368
1.336
1.316
1.376
1.388
1.432
1.38
1.396
1.36
1.348
1.328
1.312
1.328
1.268
1.352
1.452
1.5
1.484
1.432
1.42
1.44
1.476
1.508
1.488
1.516
1.484
1.48
1.416
1.416
1.484
1.432
1.30469
1.384
1.368
1.396
1.388
1.38
1.404
1.36
1.312
1.328
1.388
1.388
1.392
1.376
1.432
1.412
1.38
1.396
1.42
1.456
1.416
1.392
1.364
1.324
1.336
1.36
1.356
1.38
1.324
1.296
1.384
1.38
1.404
1.44
1.424
1.408
1.384
1.368
1.408
1.416
1.4
1.416
1.448
1.388
1.470373
1.43316
1.552
1.52
1.52
1.464
1.456
1.464
1.452
1.512
1.476
1.432
1.46
1.496
1.464
1.44
1.42
1.472
1.444
1.4
1.424
1.396
1.404
1.352
1.32
1.32
1.32
1.36
1.348
1.392
1.376
1.38
1.388
1.364
1.404
1.396
1.408
1.384
1.376
1.368
1.372
1.388
1.368
1.356
1.34
1.292
1.308
1.296
1.316
1.348
1.356
1.352
1.308
1.328
1.356
1.34
1.328
1.384
1.376
1.372
1.38
1.404
1.46
1.416
1.396
1.408
1.42
1.404
1.428
1.44
1.428
1.484
1.476
1.428
1.424
1.448
1.336
1.376
1.34
1.388
1.348
1.304
1.284
1.328
1.34
1.364
1.388
1.416
1.384
1.4
1.452
1.42
1.396
1.452
1.388
1.324
1.316
1.432054
1.412
1.376
1.364
1.324
1.348
1.336
1.284
1.332
1.48
1.416
1.404
1.416
1.508
1.484
1.456
1.46
1.424
1.348
1.384
1.44
1.448
1.38
1.432
1.392
1.468
1.5
1.44
1.464
1.448
1.428
1.408
1.384
1.392
1.376
1.4
1.336
1.296
1.396
1.408
1.448
1.404
1.432
1.472
1.416
1.416
1.344
1.444
1.448
1.364
1.276
1.344
1.328
1.34
1.36
1.4
1.42
1.444
1.448
1.404
1.532
1.468
1.404
1.384
1.44
1.404
1.476
1.432
1.432
1.448
1.372
1.404
1.388
1.444
1.504
1.46
1.38
1.308
1.388
1.364
1.356
1.296
1.304
1.352
1.348
1.348
1.356
1.396
1.448
1.484
1.46
1.56
1.576
1.488
1.496
1.448
1.376
1.324
1.284
1.388
1.412
1.464
1.488
1.468
1.476
1.516
1.512
1.564
1.536
1.536
1.516
1.484
1.442939
1.548
1.588
1.504
1.508
1.492
1.48
1.432
1.34
1.344
1.32
1.324
1.372
1.328
1.32
1.308
1.296
1.308
1.324
1.34
1.408
1.476
1.508
1.512
1.508
1.468
1.456
1.472
1.452
1.36
1.5
1.373103
1.488
1.428
1.476
1.42
1.42
1.444
1.444
1.472
1.436
1.44
1.448
1.428
1.424
1.428
1.468
1.444
1.4
1.364
1.388
1.356
1.428
1.408
1.388013
1.456
1.448
1.408
1.408
1.492
1.428
1.456
1.444
1.404
1.48
1.452
1.428
1.496
1.412
1.392
1.388
1.364
1.336
1.324
1.34
1.384
1.336
1.384
1.334582
1.408
1.444
1.396
1.472
1.428
1.496
1.448
1.456
1.404
1.488
1.404
1.492
1.396
1.436
1.496
1.476
1.54
1.464
1.372
1.38
1.32
1.316
1.34
1.288
1.188
1.276
1.312
1.316
1.364
1.368
1.376
1.416
1.384
1.432
1.4
1.396
1.424
1.392
1.424
1.432
1.46
1.444
1.512
1.452
1.496
1.452
1.484
1.484
1.492
1.492
1.4
1.408
1.428
1.372
1.324
1.292
1.324
1.28
1.316
1.292
1.356
1.36
1.36
1.324
1.364
1.44
1.416
1.32
1.368
1.42
1.412
1.338613
1.424
1.42
1.456
1.48
1.408
1.488
1.436
1.468
1.452
1.508
1.468
1.504
1.528
1.54
1.396
1.38
1.396
1.488
1.62
1.596
1.452
1.424
1.548
1.5
1.448
1.312
1.388
1.396
1.44
1.372
1.396
1.364
1.3
1.332
1.324
1.348
1.36
1.312
1.316
1.332
1.32
1.392
1.328
1.336
1.32
1.312
1.34
1.372
1.38
1.36
1.424
1.448
1.404
1.364
1.424
1.34
1.372
1.468
1.424
1.464
1.44
1.388
1.356
1.384
1.404
1.396
1.352
1.336
1.424
1.4
1.408
1.38
1.42
1.408
1.428
1.412
1.34
1.324
1.368
1.408
1.416
1.388
1.372
1.404
1.384
1.424
1.444
1.496
1.436
1.512
1.528
1.424
1.38
1.416
1.396
1.42
1.44
1.336
1.388
1.396
1.336
1.384
1.38
1.36
1.348
1.348
1.412
1.4
1.396
1.392
1.428
1.38
1.384
1.412
1.408
1.444
1.432
1.412
1.424
1.44
1.432
1.428
1.408
1.38
1.384
1.384
1.412
1.416
1.404
1.328
1.352
1.308
1.28
1.304
1.332
1.312
1.26
1.476788
1.324
1.332
1.328
1.352
1.372
1.496
1.396
1.356
1.384
1.424
1.384
1.364
1.344
1.388
1.412
1.412
1.372
1.316
1.292
1.276
1.272
1.292
1.308
1.336
1.408
1.444
1.46
1.408
1.404
1.44
1.468
1.404
1.42
1.416
1.38
1.444
1.46
1.464
1.416
1.416
1.44
1.436
1.456
1.376
1.396
1.44
1.468
1.48
1.436
1.472
1.408
1.476
1.392
1.428
1.416
1.42
1.4
1.432
1.436
1.392
1.368
1.408
1.24
1.364
1.412
1.464
1.48
1.484
1.464
1.512
1.544
1.564
1.484
1.472
1.512
1.524
1.468
1.508
1.532
1.564
1.636
1.592
1.568
1.648
1.66
1.612
1.684
1.648
1.616
1.564
1.624
1.492
1.592
1.66
1.536
1.568
1.504
1.424
1.51161
1.436
1.448
1.384
1.42
1.412
1.396
1.388
1.376
1.368
1.276
1.408
1.392
1.388
1.368
1.388
1.4
1.436
1.412
1.472
1.488
1.528
1.532
1.528
1.584
1.512
1.492
1.484791
1.554917
1.645855
1.441439
1.408
1.46
1.452
1.52
1.556
1.58
1.58
1.516
1.584
1.488
1.54
1.52
1.504
1.496
1.448
1.54
1.532
1.532
1.456
1.424
1.42
1.404
1.516
1.404
1.436
1.464
1.448
1.484
1.508
1.436
1.428
1.299584
1.56
1.484
1.532
1.444
1.484
1.504
1.608
1.492
1.468
1.372
1.492
1.48
1.468
1.492
1.468
1.456
1.452
1.492
1.54
1.564
1.56
1.532
1.628
1.576
1.632
1.576
1.632
1.54
1.568
1.464
1.356
1.464
1.548
1.608
1.54
1.52
1.48
1.548
1.488
1.504
1.524
1.52
1.46
1.464
1.48
1.548
1.548
1.44
1.412
1.396
1.42
1.448
1.42
1.456
1.5
1.452
1.528
1.52
1.516
1.508
1.524
1.512
1.472
1.468
1.556
1.596
1.624
1.576
1.512
1.516
1.468
1.488
1.476
1.468
1.492
1.508
1.516
1.484
1.492
1.472
1.444
1.4
1.579386
1.416
1.444
1.392
1.388
1.376
1.344
1.368
1.424
1.46
1.468
1.444
1.388
1.448
1.5
1.48
1.524
1.424
1.568
1.508
1.616
1.504
1.48
1.484
1.5
1.424
1.452
1.508
1.56
1.576
1.584
1.64
1.48
1.468
1.428
1.456
1.504
1.528
1.636
1.576
1.524
1.516
1.536
1.416
1.536
1.628
1.572
1.568
1.568
1.616
1.684
1.728
1.696
1.656
1.6
1.656
1.624
1.6
1.54
1.52
1.46
1.38
1.412
1.392
1.348
1.368
1.356
1.364
1.446686
1.424
1.504
1.48
1.444
1.424
1.376
1.42
1.448
1.42
1.496
1.524
1.556
1.66
1.468
1.588
1.556
1.472
1.488
1.616
1.648
1.66
1.624
1.576
1.572
1.532
1.456
1.46
1.548
1.476
1.48
1.424
1.444
1.556
1.46
1.476
1.464
1.532
1.456
1.532
1.54
1.536
1.58
1.508
1.5
1.544
1.632
1.604
1.672
1.536
1.464
1.312
1.412
1.472
1.54
1.444
1.376
1.364
1.388
1.42
1.428
1.452
1.416
1.32
1.42
1.408
1.444
1.464
1.42
1.396
1.444
1.416
1.484
1.46
1.48
1.5
1.536
1.492
1.492
1.52
1.46
1.492
1.492
1.496
1.424
1.464
1.456
1.432
1.432
1.464
1.44
1.476
1.484
1.484
1.452
1.48
1.48
1.588
1.54
1.564
1.508
1.44
1.404
1.488
1.456
1.444
1.44
1.356
1.4
1.468
1.452
1.528
1.536
1.524
1.548
1.452
1.484
1.468
1.452
1.452
1.452
1.472
1.484
1.464
1.476
1.444
1.428
1.496
1.492
1.492
1.492
1.468
1.456
1.54
1.448
1.452
1.508
1.512
1.424
1.412
1.384
1.436
1.468
1.396
1.384
1.512
1.516
1.46
1.444
1.54
1.572
1.476
1.404
1.452
1.476
1.5
1.452
1.428
1.456
1.404
1.432
1.436
1.452
1.468
1.48
1.456
1.544
1.524
1.532
1.508
1.492
1.516
1.524
1.552
1.568
1.592
1.62
1.564
1.488
1.512
1.472
1.544
1.568
1.468
1.48
1.444
1.28
1.404
1.452
1.344
1.48
1.516
1.524
1.588
1.596
1.592
1.524
1.436
1.532
1.576
1.512
1.488
1.532
1.496
1.472
1.468
1.592
1.468
1.46
1.452
1.572
1.476
1.464
1.52
1.46
1.444
1.356
1.424
1.448
1.444
1.456
1.416
1.468
1.392
1.476
1.464
1.424
1.44
1.488
1.5
1.532
1.48
1.424
1.496
1.512
1.472
1.488
1.408
1.472
1.512
1.612
1.54
1.532
1.468
1.46
1.532
1.524
1.516
1.512
1.496
1.504
1.532
1.504
1.56
1.512
1.568
1.438355
1.632
1.592
1.564
1.576
1.52
1.496
1.424
1.42
1.476
1.548
1.58
1.616
1.596
1.34
1.316
1.356
1.28
1.444
1.5
1.592
1.6
1.6
1.596
1.632
1.584
1.548
1.544
1.632
1.444
1.396
1.444
1.408
1.424
1.36
1.408
1.42
1.388
1.42
1.344
1.328
1.364
1.332
1.36
1.392
1.412
1.388
1.392
1.396
1.348
1.356
1.324
1.352
1.4
1.368
1.42
1.364
1.4
1.448
1.468
1.496
1.532
1.588
1.604
1.508
1.408
1.464
1.544
1.508
1.408
1.416
1.504
1.476
1.48
1.688
1.668
1.556
1.52
1.508
1.492
1.468
1.468
1.46
1.44
1.46
1.564
1.556
1.524
1.56
1.552
1.544
1.52
1.564
1.58
1.456
1.456
1.536
1.48
1.336
1.404
1.428
1.46
1.416
1.42
1.436
1.528
1.428
1.456
1.468
1.36
1.392
1.448
1.504
1.432
1.404
1.512
1.548
1.548
1.62
1.564
1.544
1.42
1.44
1.448
1.408
1.424
1.476
1.584
1.6
1.66
1.676
1.668
1.484
1.464
1.356
1.4
1.616
1.732
1.76
1.704
1.68
1.6
1.524
1.516
1.508
1.552
1.584
1.368
1.5
1.544
1.524
1.548
1.488
1.552
1.616
1.464
1.508
1.628
1.532
1.532
1.492
1.532
1.456
1.524
1.556
1.608
1.632
1.604
1.624
1.568
1.664
1.576
1.62
1.456
1.512
1.44
1.404
1.412
1.428
1.396
1.404
1.496
1.552
1.548
1.52
1.484
1.544
1.504
1.48
1.5
1.464
1.4
1.52
1.584
1.576
1.552
1.58
1.596
1.608
1.628
1.62
1.608
1.584
1.504
1.532
1.48
1.456
1.496
1.548
1.556
1.448
1.464
1.572
1.404
1.484
1.468
1.276
1.468
1.476
1.476
1.348
1.356
1.324
1.352
1.392
1.404
1.432
1.452
1.472
1.58
1.556
1.596
1.648
1.684
1.656
1.608
1.656
1.696
1.624
1.692
1.644
1.616
1.592
1.456
1.688
1.632
1.632
1.656
1.508
1.532
1.536
1.604
1.508
1.524
1.488
1.524
1.592
1.616
1.572
1.6
1.692
1.612
1.588
1.52
1.604
1.588
1.644
1.632
1.52
1.596
1.664
1.64
1.668
1.752
1.648
1.656
1.552
1.484
1.56
1.532
1.492
1.54
1.568
1.588
1.496
1.496
1.46
1.428
1.492
1.52
1.524
1.528
1.54
1.516
1.504
1.44
1.492
1.52
1.56
1.54
1.572
1.504
1.636
1.688
1.556
1.584
1.492
1.372
1.428
1.46
1.464
1.452
1.448
1.608
1.572
1.52
1.508
1.584
1.528
1.452
1.48
1.484
1.524
1.544
1.576
1.496
1.52
1.64
1.552
1.5
1.532
1.32
1.504
1.568
1.556
1.592
1.58
1.524
1.476
1.472
1.508
1.492
1.468
1.464
1.512
1.488
1.504
1.54
1.508
1.516
1.396
1.436
1.524
1.464
1.488
1.48
1.416
1.428
1.436
1.408
1.424
1.524
1.536
1.48
1.564
1.54
1.584
1.616
1.58
1.608
1.484
1.612
1.644
1.556
1.512
1.576
1.604
1.624
1.656
1.588
1.52
1.512
1.548
1.54
1.668
1.604
1.644
1.54
1.44
1.468
1.5
1.536
1.584
1.608
1.456
1.532
1.66
1.516
1.452
1.492
1.432
1.42
1.636
1.62
1.572
1.548
1.588
1.56
1.704
1.544
1.588
1.592
1.648
1.648
1.628
1.468
1.524
1.56
1.532
1.552
1.528
1.476
1.48
1.508
1.588
1.604
1.56
1.58
1.628
1.544
1.304
1.28
1.619339
1.513852
1.438503
1.516
1.524
1.532
1.488
1.456
1.456
1.472
1.512
1.508
1.492
1.46
1.472
1.516
1.52
1.6
1.652
1.576
1.552
1.568
1.612
1.6
1.576
1.456
1.536
1.476
1.556
1.664
1.688
1.608
1.512
1.38
1.544
1.728
1.592
1.496
1.628
1.648
1.66
1.536
1.556
1.556
1.536
1.468
1.54
1.512
1.54
1.508
1.504
1.472
1.492
1.504
1.456
1.564
1.6
1.52
1.64
1.536
1.484
1.664
1.592
1.62
1.656
1.544
1.448
1.56
1.516
1.52
1.536
1.536
1.548
1.576
1.552
1.612
1.62
1.596
1.54
1.572
1.448
1.44
1.468
1.468
1.476
1.456
1.48
1.508
1.476
1.432
1.428
1.416
1.368
1.436
1.452
1.484
1.54
1.524
1.568
1.556
1.548
1.5
1.536
1.592
1.508
1.512
1.548
1.544
1.456
1.4
1.532
1.472
1.58
1.468
1.516
1.488
1.532
1.508
1.412
1.448
1.284
1.4
1.44
1.484
1.504
1.552
1.544
1.588
1.54
1.616
1.596
1.548
1.552
1.608
1.54
1.484
1.452
1.492
1.368
1.428
1.444
1.4
1.408
1.504
1.504
1.56
1.564
1.656
1.516
1.428
1.492
1.652
1.54
1.42
1.452
1.536
1.52
1.448
1.52
1.476
1.452
1.464
1.44
1.416
1.492
1.576
1.488
1.436
1.6
1.536
1.548
1.536
1.6
1.452
1.6
1.58
1.504
1.556
1.428
1.516
1.532
1.48
1.6
1.532
1.456
1.452
1.4
1.428
1.44
1.52
1.512
1.424
1.388
1.408
1.508
1.536
1.616
1.556
1.564
1.52
1.54
1.576
1.54
1.564
1.62
1.6
1.596
1.664
1.612
1.592
1.556
1.628
1.632
1.604
1.572
1.5
1.492
1.564
1.604
1.52
1.472
1.48
1.544
1.548
1.456
1.496
1.552
1.504
1.472
1.5
1.436
1.472
1.48
1.564
1.58
1.448
1.484
1.56
1.548
1.464
1.476
1.48
1.524
1.536
1.528
1.58
1.54
1.552
1.492
1.572
1.532
1.612
1.452
1.452
1.452
1.48
1.528
1.524
1.488
1.512
1.516
1.512
1.541969
1.576
1.512
1.536
1.5
1.508
1.464
1.492
1.476
1.508
1.416
1.592
1.476
1.468
1.5
1.516
1.692
1.588
1.544
1.576
1.568
1.552
1.504
1.44
1.504
1.596
1.572
1.452
1.384
1.52
1.524
1.532
1.544
1.572
1.58
1.58
1.576
1.584
1.52
1.48
1.472
1.56
1.592
1.536
1.46
1.704
1.504
1.428
1.496
1.556
1.544
1.504
1.492
1.44
1.44
1.56
1.548
1.54
1.632
1.692
1.612
1.58
1.488
1.504
1.564
1.592
1.64
1.508
1.588
1.56
1.596
1.576
1.44
1.508
1.556
1.576
1.56
1.628
1.6
1.512
1.488
1.464
1.432
1.376
1.396
1.46
1.508
1.444
1.42
1.452
1.428
1.452
1.48
1.444
1.38
1.416
1.472
1.452
1.556
1.524
1.496
1.556
1.536
1.536
1.544
1.556
1.584
1.648
1.712
1.58
1.608
1.512
1.484
1.504
1.452
1.44
1.48
1.42
1.464
1.552
1.568
1.576
1.568
1.548
1.536
1.576
1.504
1.492
1.588
1.528
1.508
1.512591
1.556
1.648
1.592
1.572
1.588
1.584
1.54
1.568
1.54
1.668
1.588
1.4
1.476
1.276
1.396
1.44
1.436
1.368
1.46
1.444
1.396
1.42
1.412
1.384
1.524205
1.508
1.548
1.472
1.428
1.488
1.48
1.456
1.492
1.528
1.504
1.54
1.568
1.52
1.58
1.476
1.492
1.512
1.564
1.476
1.532
1.572
1.568
1.568
1.712
1.668
1.716
1.48
1.504
1.504
1.5
1.568
1.588
1.632
1.596
1.552
1.544
1.596
1.508
1.532
1.492
1.38
1.388
1.44
1.452
1.456
1.528
1.516
1.528
1.568
1.532
1.616
1.624
1.656
1.684
1.64
1.62
1.636
1.576
1.56
1.688
1.588
1.532
1.452
1.444
1.464
1.424
1.46
1.428
1.324
1.364
1.4
1.36
1.404
1.48
1.5
1.62
1.584
1.564
1.616
1.616
1.572
1.288
1.304
1.416
1.388
1.524
1.552
1.58
1.624
1.516
1.528
1.54
1.608
1.64
1.64
1.644
1.668
1.604
1.62
1.588
1.6
1.624
1.58
1.524
1.484
1.404
1.432
1.432
1.444
1.46
1.476
1.504
1.556
1.568
1.616
1.488
1.564
1.56
1.564
1.468
1.452
1.5
1.532
1.42
1.556
1.456
1.524
1.64
1.548
1.52
1.616
1.608
1.588
1.488
1.552
1.484
1.528
1.524
1.584
1.592
1.56
1.568
1.468
1.432
1.396
1.5
1.48
1.5
1.484
1.448
1.588
1.544
1.532
1.636
1.692
1.612
1.58
1.532
1.508
1.608
1.576
1.56
1.58
1.5
1.52
1.48
1.44
1.468
1.516
1.508
1.5
1.364
1.352
1.408
1.5
1.448
1.408
1.432
1.452
1.444
1.468
1.392
1.424
1.44
1.496
1.44
1.448
1.46
1.444
1.424
1.428
1.556
1.552
1.476
1.644
1.62
1.572
1.624
1.484
1.516
1.532
1.488
1.508
1.48
1.544
1.476
1.436
1.42
1.48
1.448
1.356
1.476
1.472
1.544
1.472
1.5
1.564
1.62
1.456
1.492
1.584
1.568
1.548
1.444
1.448
1.444
1.492
1.5
1.524
1.46
1.46
1.404
1.476
1.588
1.528
1.532
1.616
1.516
1.596
1.524
1.488
1.492
1.476
1.5
1.496
1.524
1.448
1.476
1.58
1.424
1.444
1.448
1.584
1.656
1.56
1.32
1.52
1.516
1.476
1.5
1.42
1.356
1.416
1.528
1.536
1.584
1.636
1.652
1.68
1.764
1.688
1.688
1.688
1.66
1.712
1.656
1.652
1.648
1.564
1.528
1.572
1.488
1.584
1.66
1.724
1.624
1.476
1.552
1.7
1.688
1.628
1.52
1.584
1.588
1.644
1.62
1.548
1.58
1.616
1.568
1.612
1.56
1.568
1.552
1.628
1.54
1.616
1.58
1.58
1.612
1.616
1.48
1.5
1.544
1.468
1.488
1.544
1.424
1.528
1.544
1.524
1.552
1.584
1.476
1.544
1.552
1.492
1.456
1.488
1.452
1.492
1.544
1.516
1.504
1.492
1.508
1.508
1.544
1.596
1.556
1.5
1.436
1.424
1.468
1.592
1.488
1.488
1.548
1.5
1.472
1.392
1.464
1.444
1.576
1.564
1.612
1.6
1.6
1.612
1.592
1.372
1.524
1.272
1.204
1.368
1.272
1.44
1.508
1.452
1.524
1.456
1.46
1.5
1.508
1.492
1.496
1.488
1.528
1.56
1.56
1.564
1.536
1.56
1.564
1.556
1.492
1.464
1.504
1.504
1.552
1.544
1.496
1.54
1.536
1.552
1.652
1.664
1.68
1.612
1.616
1.648
1.568
1.624
1.584
1.644
1.592
1.528
1.496
1.428
1.46
1.476
1.52
1.528
1.536
1.548
1.56
1.544
1.564
1.612
1.64
1.604
1.544
1.576
1.604
1.588
1.616
1.628
1.688
1.68
1.752
1.7
1.64
1.664
1.608
1.572
1.648
1.668
1.632
1.7
1.668
1.66
1.52
1.68
1.58
1.52
1.46
1.388
1.432
1.472
1.484
1.408
1.428
1.536
1.54
1.5
1.516
1.536
1.508
1.528
1.616
1.672
1.668
1.58
1.572
1.532
1.632
1.632
1.636
1.628
1.636
1.64
1.636
1.624
1.6
1.596
1.62
1.676
1.548
1.548
1.516
1.516
1.556
1.592
1.544
1.532
1.564
1.576
1.556
1.524
1.58
1.528
1.54
1.592
1.592
1.616
1.616
1.568
1.6
1.684
1.636
1.5
1.544
1.496
1.512
1.56
1.424
1.472
1.504
1.456
1.468
1.548
1.536
1.544
1.468
1.512
1.488
1.504
1.548
1.492
1.472
1.436
1.46
1.512
1.548
1.556
1.54
1.564
1.568
1.392
1.304
1.392
1.452
1.452
1.516
1.468
1.488
1.464
1.532
1.496
1.52
1.552
1.536
1.528
1.548
1.54
1.576
1.652
1.684
1.676
1.608
1.66
1.66
1.608
1.676
1.608
1.608
1.512
1.444
1.464
1.504
1.504
1.524
1.588
1.528
1.576
1.588
1.628
1.652
1.556
1.532
1.488
1.52
1.564
1.56
1.524
1.56
1.536
1.604
1.572
1.56
1.52
1.452
1.424
1.512
1.448
1.468
1.472
1.484
1.524
1.532
1.6
1.596
1.672
1.708
1.716
1.664
1.616
1.664
1.652
1.66
1.628
1.624
1.612
1.552
1.56
1.632
1.556
1.564
1.636
1.444
1.436
1.456
1.408
1.46
1.464
1.492
1.556
1.468
1.484
1.448
1.428
1.444
1.496
1.448
1.56
1.592
1.704
1.592
1.604
1.644
1.492
1.508
1.584
1.528
1.54
1.588
1.544
1.556
1.608
1.572
1.592
1.488
1.572
1.56
1.444
1.552
1.52
1.58
1.552
1.64
1.564
1.452
1.464
1.46
1.504
1.508
1.532
1.508
1.548
1.536
1.54
1.608
1.552
1.612
1.644
1.58
1.624
1.66
1.604
1.5
1.372
1.556
1.58
1.616
1.592
1.596
1.568
1.604
1.48
1.476
1.488
1.424
1.592
1.476
1.472
1.384
1.44
1.484
1.544
1.476
1.388
1.344
1.364
1.432
1.484
1.585824
1.508
1.504
1.512
1.488
1.524
1.416
1.432
1.28
1.424
1.452
1.44
1.428
1.392
1.376
1.392
1.372
1.524376
1.476
1.5
1.48
1.532
1.528
1.596
1.608
1.636
1.588
1.696
1.628
1.62
1.568
1.732
1.588
1.524
1.572
1.6
1.532
1.548
1.604
1.628
1.56
1.62
1.52
1.48
1.272
1.572
1.56
1.616
1.648
1.652
1.304
1.392
1.604271
1.536
1.668
1.788
1.7
1.68
1.676
1.748
1.672
1.64
1.544
1.548
1.504
1.524
1.588
1.56
1.588
1.568
1.524
1.544
1.604
1.576
1.636
1.664
1.428
1.533174
1.577574
1.639103
1.576
1.588
1.64
1.64
1.628
1.636
1.66
1.52
1.548
1.624
1.548
1.604
1.648
1.64
1.48
1.548
1.628
1.672
1.712
1.72
1.76
1.46
1.576
1.5
1.544
1.592
1.568
1.668
1.652
1.7
1.744
1.7
1.68
1.572
1.532
1.54
1.536
1.56
1.6
1.64
1.592
1.66
1.572
1.56
1.592
1.58
1.592
1.56
1.536
1.544
1.56
1.56
1.592
1.608
1.604
1.624
1.536
1.58
1.568
1.572
1.556
1.428
1.276
1.583325
1.522038
1.428
1.448
1.488
1.404
1.384
1.412
1.416
1.488
1.48
1.452
1.492
1.516
1.52
1.476
1.452
1.456
1.476
1.456
1.448
1.464
1.412
1.424
1.432
1.416
1.384
1.384
1.34
1.352
1.344
1.348
1.376
1.352
1.4
1.404
1.428
1.42
1.456
1.48
1.504
1.516
1.54
1.532
1.564
1.568
1.604
1.568
1.568
1.6
1.552
1.524
1.336
1.428
1.344
1.276
1.236
1.3
1.332
1.38
1.448
1.52
1.592
1.564
1.62
1.54
1.552
1.584
1.524
1.504
1.628
1.564
1.556
1.6
1.572
1.636
1.552
1.592
1.536
1.536
1.576
1.632
1.616
1.612
1.62
1.548
1.604
1.588
1.512
1.496
1.524
1.532
1.544
1.572
1.632
1.6
1.572
1.608
1.58
1.68
1.692
1.676
1.66
1.592
1.584
1.552
1.596
1.532
1.456
1.536
1.44
1.44
1.46
1.424
1.472
1.452
1.496
1.464
1.484
1.472
1.464
1.54
1.568
1.548
1.576
1.556
1.58
1.572
1.464
1.448
1.468
1.548
1.668
1.452
1.512
1.512
1.448
1.512
1.528
1.504
1.532
1.556
1.648
1.584
1.588
1.476
1.596
1.504
1.504
1.444
1.4
1.592
1.556
1.436
1.424
1.448
1.504
1.564
1.58
1.608
1.476
1.66
1.532
1.528
1.616
1.572
1.524
1.468
1.676
1.568
1.664
1.628
1.516
1.396
1.508
1.48
1.536
1.596
1.532
1.632
1.58
1.472
1.568
1.444
1.436
1.44
1.536
1.532
1.496
1.444
1.404
1.464
1.34
1.488
1.624
1.516
1.736
1.508
1.536
1.632
1.568
1.584
1.528
1.448
1.492
1.548
1.496
1.488
1.656
1.536
1.428
1.468
1.568
1.52
1.608
1.672
1.528
1.608
1.496
1.5
1.552
1.512
1.6
1.608
1.728
1.704
1.664
1.644
1.444
1.631231
1.388
1.618543
1.604
1.46
1.388
1.456
1.488
1.524
1.512
1.592
1.568
1.584
1.624
1.68
1.684
1.644
1.664
1.652
1.628
1.612
1.652
1.684
1.672
1.628
1.696
1.484
1.58054
1.555534
1.524
1.332
1.408
1.492
1.54
1.604
1.704
1.716
1.672
1.644
1.52
1.596
1.536
1.596
1.568
1.544
1.54
1.668
1.616
1.632
1.54
1.688
1.572
1.624
1.604
1.6
1.632
1.62
1.596
1.544
1.608
1.584
1.512
1.46
1.46
1.56
1.5
1.528
1.624
1.524
1.644
1.552
1.496
1.404
1.384
1.432
1.592
1.584
1.576
1.592
1.52
1.488
1.416
1.472
1.464
1.42
1.472
1.432
1.532
1.688
1.504
1.516
1.524
1.528
1.456
1.568
1.62
1.592
1.744
1.652
1.692
1.62
1.528
1.536
1.516
1.44
1.364
1.408
1.456
1.444
1.48
1.548
1.596
1.652
1.62
1.62
1.58
1.52
1.524
1.664
1.632
1.516
1.552
1.568
1.668
1.68
1.608
1.584
1.572
1.54
1.632
1.488
1.492
1.532
1.56
1.492
1.448
1.528
1.564
1.512
1.56
1.504
1.56
1.556
1.608
1.564
1.456
1.488
1.448
1.544
1.544
1.472
1.54
1.624
1.604
1.504
1.48
1.472
1.468
1.42
1.388
1.332
1.476
1.46
1.448
1.38
1.396
1.504
1.472
1.536
1.428
1.468
1.552
1.556
1.516
1.564
1.516
1.432
1.568
1.56
1.616
1.624
1.628
1.664
1.636
1.648
1.568
1.62
1.624
1.568
1.548
1.504
1.536
1.516
1.48
1.608
1.632
1.688
1.704
1.504
1.448
1.46
1.476
1.476
1.676
1.524
1.488
1.604
1.68
1.688
1.688
1.532
1.712
1.564
1.524
1.42
1.572
1.58
1.556
1.548
1.56
1.548
1.744
1.676
1.632
1.568
1.584
1.512
1.444
1.492
1.388
1.492
1.42
1.488
1.676
1.576
1.464
1.472
1.496
1.456
1.364
1.384
1.448
1.512
1.544
1.504
1.556
1.504
1.476
1.668
1.724
1.616
1.612
1.656
1.588
1.536
1.528
1.596
1.504
1.508
1.48
1.364
1.42
1.388
1.328
1.484
1.47763
1.556
1.604
1.608
1.516
1.524
1.46
1.476
1.516
1.58
1.588
1.504
1.616
1.504
1.664
1.5
1.452
1.524
1.524
1.536
1.444
1.58
1.584
1.46
1.456
1.428
1.637918
1.376
1.344
1.384
1.36
1.388
1.368
1.4
1.42
1.496
1.444
1.42
1.536
1.464
1.508
1.452
1.388
1.608
1.492
1.484
1.408
1.42
1.424
1.5
1.452
1.356
1.416
1.536
1.648
1.568
1.6
1.604
1.608
1.588
1.592
1.592
1.568
1.48
1.528
1.532
1.512
1.504
1.464
1.48
1.384
1.488
1.452
1.428
1.432
1.472
1.444
1.44
1.464
1.544
1.48
1.516
1.552
1.588
1.464
1.6
1.464
1.396
1.44
1.496
1.48
1.48
1.496
1.36
1.448
1.38
1.432
1.436
1.456
1.452
1.452
1.424
1.44
1.396
1.396
1.396
1.448
1.588
1.512
1.468
1.448
1.52
1.484
1.504
1.404
1.488
1.484
1.492
1.552
1.54
1.632
1.56
1.52
1.34
1.38
1.484
1.496
1.592
1.476
1.42
1.516
1.396
1.384
1.456
1.54
1.552
1.56
1.552
1.396
1.552
1.296
1.24
1.404
1.424
1.276
1.376
1.372
1.376
1.396
1.432
1.416
1.516
1.472
1.48
1.508
1.5
1.444
1.48
1.568
1.732
1.66
1.644
1.652
1.588
1.496
1.476
1.488
1.444
1.476
1.444
1.484
1.476
1.448
1.66
1.464
1.48
1.42
1.372
1.624
1.44
1.352
1.284
1.272
1.192
1.292
1.328
1.44
1.488
1.54
1.548
1.412
1.384
1.44
1.432
1.485819
1.710281
1.657636
1.488
1.452
1.556
1.516
1.516
1.54
1.6
1.56
1.484
1.416
1.392
1.304
1.284
1.408
1.496
1.484
1.532
1.556
1.532
1.552
1.548
1.56
1.592
1.62
1.544
1.516
1.6
1.548
1.596
1.684
1.632
1.628
1.64
1.504
1.517542
1.453957
1.704
1.66
1.656
1.648
1.656
1.668
1.644
1.316
1.552
1.480091
1.78
1.624
1.656
1.664
1.632
1.576
