1.236
1.24
1.244
1.264
1.264
1.296
1.256
1.276
1.256
1.252
1.26
1.236
1.208
1.204
1.208
1.228
1.232
1.236
1.26
1.252
1.236
1.264
1.256
1.244
1.248
1.244
1.22
1.184
1.192
1.184
1.188
1.16
1.156
1.172
1.188
1.176
1.168
1.156
1.16
1.144
1.14
1.128
1.112
1.152
1.196
1.272
1.272
1.292
1.284
1.168
1.116
1.188
1.264
1.244
1.24
1.24
1.264
1.224
1.208
1.22
1.18
1.168
1.156
1.164
1.196
1.188
1.188
1.196
1.196
1.188
1.212
1.184
1.196
1.196
1.216
1.2
1.196
1.216
1.192
1.22
1.236
1.22
1.228
1.24
1.232
1.208
1.212
1.204
1.22
1.216
1.244
1.26
1.142613
1.268
1.248
1.264
1.248
1.248
1.232
1.196
1.216
1.188
1.192
1.224
1.188
1.204
1.192
1.212
1.244
1.236
1.264
1.272
1.284
1.224
1.14
1.112
1.136
1.204
1.2
1.168
1.16
1.308
1.2
1.176
1.164
1.128
1.14
1.148
1.128
1.128
1.148
1.144
1.12
1.108
1.136
1.136
1.128
1.196
1.152
1.184
1.212
1.176
1.204
1.224
1.188
1.256
1.184
1.188
1.264
1.208
1.208
1.196
1.192
1.188
1.148
1.144
1.128
1.116
1.128
1.148
1.1
1.096
1.104
1.06
1.104
1.144
1.108
1.168
1.14
1.152
1.188
1.156
1.128
1.228
1.172
1.136
1.176
1.156
1.156
1.148
1.18
1.184
1.164
1.224
1.272
1.136
1.26
1.16
1.152
1.172
1.168
1.132
1.168
1.144
1.148
1.14
1.14
1.104
1.112
1.116
1.096
1.072
1.104
1.084
1.124
1.096
1.072
1.076
1.132
1.096
1.1
1.084
1.072
1.112
1.152
1.216
1.24
1.152
1.188
1.184
1.176
1.156
1.22
1.148
1.156
1.136
1.16
1.176
1.156
1.168
1.18
1.164
1.168
1.172
1.136
1.14
1.164
1.128
1.108
1.144
1.148
1.14
1.172
1.176
1.14
1.136
1.144
1.12
1.152
1.124
1.128
1.136
1.108
1.112
1.128
1.132
1.192
1.164
1.2
1.212
1.184
1.316
1.176
1.16
1.184
1.16
1.16
1.244
1.176
1.188
1.16
1.16
1.176
1.172
1.188
1.188
1.172
1.216
1.192
1.176
1.144
1.124
1.136
1.112
1.128
1.124
1.108
1.1
1.108
1.084
1.08
1.084
1.048
1.147649
1.128
1.144
1.132
1.1
1.14
1.16
1.152
1.18
1.196
1.192
1.188
1.204
1.18
1.168
1.172
1.156
1.124
1.12
1.124
1.108
1.088
1.112
1.1
1.068
1.088
1.088
1.084
1.064
1.072
1.072
1.068
1.124
1.08
1.084
1.104
1.068
1.068
1.176
1.108
1.112
1.188
1.152
1.164
1.172
1.244
1.132
1.168
1.188
1.168
1.152
1.164
1.196
1.184
1.18
1.2
1.172
1.248
1.184
1.172
1.136
1.14
1.1
1.092
1.064
1.056
1.036
1.036
1.012
1.044
1.048
1.028
1.052
1.044
1.044
1.092
1.072
1.072
1.176
1.144
1.2
1.148
1.18
1.164
1.176
1.24
1.164
1.244
1.24
1.232
1.268
1.264
1.256
1.248
1.26
1.24
1.224
1.18
1.2
1.2
1.176
1.152
1.132
1.112
1.092
1.108
1.044
1.028
1.036
1.072
1.112
1.14
1.128
1.116
1.156
1.18
1.168
1.192
1.204
1.192
1.18
1.2
1.208
1.188
1.216
1.212
1.22
1.216
1.204
1.212
1.232
1.2
1.204
1.204
1.18
1.184
1.188
1.176
1.18
1.164
1.168
1.188
1.212
1.204
1.192
1.204
1.18
1.172
1.168
1.16
1.128
1.12
1.14
1.108
1.084
1.188
1.164
1.212
1.26
1.228
1.232
1.224
1.212
1.188
1.212
1.232
1.208
1.192
1.168
1.184
1.2
1.164
1.188
1.188
1.176
1.176
1.168
1.132
1.148
1.14
1.124
1.136
1.128
1.064
1.08
1.1
1.076
1.092
1.144
1.116
1.12
1.176
1.136
1.144
1.172
1.156
1.176
1.324
1.228
1.2
1.184
1.164
1.136
1.14
1.132
1.164
1.136
1.164
1.168
1.168
1.16
1.16
1.132
1.128
1.156
1.12
1.1
1.1
1.076
1.08
1.088
1.044
1.064
1.056
1.036
1.084
1.064
1.072
1.088
1.088
1.088
1.124
1.116
1.128
1.184
1.196
1.176
1.224
1.208
1.236
1.252
1.26
1.272
1.228
1.228
1.224
1.224
1.224
1.176
1.188
1.188
1.152
1.128
1.144
1.132
1.108
1.112
1.088
1.076
1.144
1.104
1.144
1.188
1.124
1.22
1.184
1.164
1.128
1.128
1.18
1.156
1.148
1.156
1.132
1.184
1.192
1.308
1.164
1.224
1.14
1.156
1.1
1.14
1.144
1.06
1.032
0.992
0.988
1.036
1.024
1
1.04
1.068
1.02
1.032
1.032
1.016
1.024
1.028
1.008
1.024
1.04
1.02
1.04
1.152
1.128
1.224
1.204
1.248
1.252
1.296
1.28
1.204
1.224
1.228
1.216
1.228
1.24
1.232
1.232
1.244
1.212
1.18
1.184
1.188
1.176
1.176
1.152
1.184
1.256
1.276
1.26
1.244
1.24
1.212
1.204
1.208
1.228
1.228
1.232
1.224
1.256
1.256
1.268
1.244
1.236
1.248
1.26
1.232
1.224
1.208
1.216
1.212
1.224
1.232
1.224
1.208
1.204
1.18
1.18
1.18
1.192
1.164
1.16
1.14
1.132
1.144
1.12
1.136
1.132
1.132
1.128
1.128
1.148
1.136
1.136
1.144
1.108
1.216
1.164
1.18
1.16
1.192
1.196
1.188
1.184
1.2
1.168
1.172
1.156
1.128
1.108
1.072
1.024
0.996
1.008
1.056
1.156
1.064
1.08
1.144
1.212
1.116
1.096
1.104
1.1
1.076
1.072
1.12
1.112
1.12
1.268
1.184
1.184
1.2
1.188
1.208
1.232
1.228
1.244
1.224
1.22
1.204
1.192
1.204
1.188
1.196
1.184
1.196
1.192
1.184
1.176
1.152
1.144
1.132
1.132
1.128
1.1
1.108
1.1
1.072
1.044
1.044
1.036
1.032
1.04
1.036
1.032
1.044
1.044
1.064
1.048
1.072
1.108
1.092
1.076
1.128
1.168
1.224
1.208
1.256
1.3
1.308
1.304
1.308
1.312
1.296
1.316
1.304
1.272
1.236
1.228
1.212
1.184
1.18
1.156
1.156
1.148
1.14
1.148
1.156
1.128
1.136
1.148
1.14
1.14
1.152
1.156
1.168
1.184
1.18
1.188
1.18
1.172
1.156
1.14
1.128
1.132
1.16
1.188
1.204
1.228
1.26
1.248
1.22
1.22
1.212
1.192
1.18
1.132
1.116
1.136
1.116
1.112
1.12
1.104
1.096
1.112
1.096
1.052
1.092
1.072
1.072
1.088
1.048
1.06
1.084
1.116
1.088
1.152
1.1
1.152
1.168
1.116
1.176
1.252
1.22
1.236
1.212
1.196
1.2
1.188
1.152
1.156
1.128
1.136
1.16
1.164
1.176
1.188
1.208
1.196
1.184
1.196
1.188
1.188
1.164
1.132
1.152
1.132
1.1
1.088
1.068
1.028
1.016
1.012
0.992
0.98
0.996
1
0.992
1.024
1.032
1.012
1.028
1.088
1.052
1.068
1.08
1.12
1.084
1.136
1.176
1.144
1.144
1.204
1.188
1.156
1.196
1.188
1.168
1.188
1.192
1.212
1.216
1.196
1.192
1.196
1.092
1.104
1.144
1.18
1.192
1.268
1.296
1.248
1.22
1.196
1.2
1.18
1.148
1.14
1.144
1.12
1.112
1.132
1.12
1.096
1.108
1.164
1.116
1.168
1.18
1.16
1.164
1.216
1.188
1.14
1.132
1.18
1.164
1.176
1.18
1.16
1.2
1.192
1.176
1.172
1.188
1.192
1.192
1.184
1.188
1.172
1.18
1.176
1.156
1.128
1.136
1.116
1.244
1.216
1.16
1.116
1.084
1.06
1.004
1.004
1.004
1.008
0.996
0.992
0.996
0.992
0.996
1.008
1.016
0.996
1.008
1.044
1.032
1.036
1.132
1.124
1.104
1.14
1.256
1.172
1.192
1.22
1.244
1.24
1.244
1.284
1.292
1.272
1.272
1.26
1.264
1.244
1.26
1.232
1.22
1.184
1.184
1.168
1.14
1.128
1.14
1.16
1.176
1.128
1.104
1.096
1.072
1.084
1.072
1.052
1.068
1.028
1.02
1.02
1.028
1.028
1.024
1.044
1.044
1.072
1.064
1.068
1.112
1.104
1.12
1.156
1.208
1.192
1.228
1.24
1.268
1.272
1.308
1.292
1.304
1.308
1.288
1.252
1.224
1.208
1.2
1.204
1.172
1.192
1.18
1.192
1.176
1.18
1.148
1.136
1.104
1.084
1.052
0.996
1.056
1.06
1.076
1.068
1.196
1.136
1.16
1.148
1.148
1.156
1.136
1.152
1.132
1.108
1.132
1.132
1.136
1.14
1.156
1.164
1.188
1.204
1.22
1.24
1.244
1.24
1.252
1.252
1.244
1.228
1.216
1.208
1.204
1.208
1.196
1.184
1.216
1.212
1.228
1.228
1.22
1.196
1.156
1.132
1.072
1.048
1.04
1.044
1.056
1.06
1.056
1.084
1.044
1.04
1.084
1.064
1.056
1.068
1.076
1.104
1.152
1.164
1.224
1.256
1.236
1.468
1.384
1.308
1.244
1.244
1.232
1.204
1.204
1.196
1.176
1.164
1.152
1.124
1.112
1.1
1.06
1.06
1.08
1.108
1.212
1.136
1.18
1.216
1.224
1.232
1.232
1.224
1.252
1.268
1.208
1.196
1.168
1.148
1.148
1.14
1.12
1.104
1.068
1.048
1.088
1.068
1.076
1.116
1.088
1.12
1.12
1.152
1.164
1.164
1.132
1.124
1.16
1.188
1.24
1.248
1.256
1.24
1.216
1.212
1.212
1.184
1.18
1.164
1.148
1.16
1.148
1.116
1.104
1.08
1.052
1.048
1.048
1.06
1.072
1.092
1.068
1.124
1.116
1.144
1.152
1.24
1.18
1.2
1.22
1.2
1.224
1.284
1.28
1.316
1.3
1.268
1.28
1.244
1.228
1.24
1.188
1.216
1.22
1.148
1.116
1.092
1.072
1.024
0.988
0.996
1.032
1.016
1.044
1.068
1.16
1.052
1.1
1.072
1.096
1.116
1.08
1.1
1.124
1.096
1.076
1.12
1.12
1.116
1.228
1.3
1.268
1.328
1.36
1.364
1.36
1.352
1.324
1.324
1.292
1.268
1.232
1.22
1.216
1.2
1.192
1.164
1.16
1.164
1.136
1.1
1.084
1.04
1.032
1.024
1.044
1.044
1.032
1.04
1.044
1.036
1.06
1.044
1.036
1.056
1.052
1.044
1.108
1.084
1.116
1.264
1.248
1.324
1.348
1.34
1.34
1.332
1.304
1.3
1.272
1.296
1.248
1.232
1.26
1.2
1.212
1.2
1.172
1.184
1.204
1.172
1.156
1.144
1.104
1.116
1.12
1.1
1.148
1.144
1.152
1.168
1.188
1.192
1.224
1.288
1.268
1.28
1.292
1.356
1.292
1.316
1.308
1.32
1.312
1.32
1.308
1.256
1.244
1.22
1.196
1.192
1.184
1.16
1.156
1.176
1.156
1.136
1.172
1.16
1.152
1.144
1.12
1.04
1.048
1.028
1.028
1.004
0.992
0.972
0.972
0.952
0.936
0.94
0.952
0.964
0.976
1
1.056
1.168
1.108
1.168
1.188
1.22
1.216
1.22
1.244
1.212
1.224
1.236
1.224
1.2
1.176
1.152
1.12
1.072
1.14
1.172
1.196
1.26
1.28
1.272
1.272
1.28
1.248
1.228
1.22
1.2
1.196
1.2
1.208
1.216
1.252
1.248
1.216
1.248
1.212
1.212
1.204
1.188
1.176
1.152
1.16
1.156
1.152
1.116
1.124
1.128
1.1
1.06
1.088
1.104
1.1
1.16
1.108
1.1
1.112
1.144
1.124
1.112
1.156
1.16
1.24
1.16
1.176
1.288
1.212
1.216
1.2
1.248
1.204
1.236
1.232
1.16
1.168
1.144
1.112
1.08
1.012
1.036
1.044
1.044
1.064
1.036
1.056
1.052
1.044
1.052
1.052
1.056
1.068
1.104
1.112
1.252
1.252
1.236
1.288
1.292
1.28
1.268
1.3
1.296
1.276
1.272
1.264
1.268
1.26
1.272
1.228
1.248
1.252
1.204
1.208
1.22
1.152
1.136
1.08
1.044
1.02
1.048
1.307975
1.12
1.056
1.048
1.044
1.068
1.056
1.056
1.096
1.1
1.076
1.084
1.148
1.176
1.26
1.216
1.244
1.252
1.28
1.328
1.356
1.34
1.32
1.292
1.28
1.248
1.232
1.204
1.184
1.18
1.164
1.16
1.184
1.152
1.128
1.076
1.052
1.044
1.032
1.012
0.992
1.02
1.036
1.024
1.024
1.032
1.04
1.012
1.032
1.016
1.044
1.076
1.064
1.1
1.1
1.112
1.2
1.212
1.184
1.172
1.316
1.244
1.288
1.264
1.252
1.284
1.288
1.276
1.28
1.252
1.256
1.244
1.264
1.276
1.284
1.312
1.312
1.284
1.276
1.272
1.256
1.272
1.24
1.264
1.188
1.2
1.2
1.164
1.164
1.14
1.132
1.088
1.096
1.068
1.068
1.06
1.06
1.06
1.068
1.052
1.088
1.088
1.092
1.2
1.236
1.176
1.204
1.264
1.276
1.316
1.316
1.34
1.336
1.384
1.304
1.268
1.268
1.28
1.248
1.176
1.192
1.164
1.176
1.192
1.176
1.208
1.168
1.188
1.184
1.168
1.168
1.16
1.124
1.132
1.18
1.208
1.2
1.332
1.276
1.272
1.28
1.28
1.28
1.248
1.224
1.216
1.204
1.184
1.196
1.152
1.124
1.06
1.032
1.008
0.992
1.036
1.024
1.016
1.06
1.048
1.064
1.104
1.136
1.16
1.136
1.344
1.24
1.228
1.256
1.252
1.04
1.38
1.208
1.216
1.244
1.212
1.212
1.228
1.192
1.224
1.22
1.212
1.184
1.176
1.152
1.152
1.152
1.14
1.14
1.148
1.184
1.176
1.188
1.204
1.176
1.192
1.168
1.18
1.16
1.18
1.184
1.184
1.152
1.116
1.096
1.084
1.044
1.012
1
1.008
0.98
0.992
1
1.008
1
1.008
1.004
1.004
1.016
1.024
1.02
1.048
1.044
1.032
1.072
1.116
1.124
1.176
1.24
1.18
1.204
1.232
1.268
1.292
1.308
1.316
1.304
1.296
1.276
1.272
1.248
1.224
1.208
1.2
1.224
1.2
1.16
1.172
1.152
1.148
1.168
1.184
1.164
1.16
1.156
1.14
1.152
1.16
1.144
1.156
1.164
1.168
1.156
1.176
1.208
1.236
1.252
1.296
1.284
1.284
1.304
1.288
1.304
1.272
1.216
1.212
1.204
1.156
1.14
1.132
1.084
1.068
1.048
1.036
1.02
1
0.98
1.016
1.108
1.136
1.328
1.224
1.228
1.248
1.28
1.268
1.28
1.268
1.268
1.256
1.252
1.244
1.232
1.216
1.18
1.164
1.156
1.144
1.136
1.14
1.12
1.116
1.096
1.056
1.032
1.06
1.024
1.032
1.06
1.028
1.024
1.012
0.988
0.964
1.004
1.064
1.272
1.196
1.248
1.256
1.324
1.328
1.32
1.332
1.304
1.288
1.284
1.244
1.216
1.204
1.192
1.188
1.192
1.192
1.204
1.184
1.188
1.2
1.168
1.156
1.208
1.152
1.116
1.1
1.048
1.032
1.016
1.028
1
0.992
0.996
0.992
0.996
0.996
0.992
1
1.04
1.024
1.044
1.092
1.076
1.212
1.16
1.168
1.208
1.224
1.224
1.272
1.308
1.256
1.248
1.24
1.212
1.232
1.232
1.244
1.248
1.268
1.268
1.28
1.292
1.32
1.296
1.276
1.256
1.268
1.232
1.212
1.192
1.184
1.196
1.192
1.172
1.192
1.204
1.212
1.212
1.244
1.248
1.248
1.26
1.228
1.248
1.284
1.288
1.276
1.244
1.224
1.228
1.22
1.188
1.172
1.18
1.136
1.108
1.036
0.992
0.984
1.012
1.032
1.008
1
1.084
1.028
1.032
1.076
1.048
1.056
1.108
1.076
1.104
1.244
1.184
1.192
1.232
1.24
1.24
1.268
1.272
1.272
1.256
1.26
1.256
1.256
1.284
1.276
1.28
1.328
1.336
1.32
1.324
1.3
1.3
1.284
1.28
1.24
1.204
1.176
1.152
1.14
1.128
1.112
1.112
1.092
1.032
1.068
1.036
1.044
1.032
1.02
1.024
1.02
1.012
1.028
1.044
1.02
1.048
1.108
1.084
1.184
1.204
1.136
1.228
1.232
1.244
1.26
1.304
1.308
1.304
1.312
1.312
1.3
1.3
1.312
1.288
1.276
1.26
1.26
1.236
1.228
1.216
1.192
1.192
1.168
1.184
1.156
1.144
1.16
1.128
1.156
1.14
1.116
1.064
1.04
1.028
1.028
1.044
1.02
1.036
1.1
1.064
1.096
1.152
1.14
1.204
1.24
1.272
1.16
1.14
1.128
1.256
1.252
1.272
1.408
1.28
1.296
1.26
1.252
1.252
1.236
1.216
1.2
1.184
1.168
1.176
1.184
1.16
1.176
1.188
1.18
1.172
1.164
1.14
1.14
1.16
1.132
1.128
1.152
1.116
1.104
1.052
1.024
1.056
1.1
1.06
1.152
1.324
1.196
1.2
1.188
1.184
1.184
1.148
1.148
1.1
1.092
1.104
1.096
1.16
1.164
1.216
1.28
1.224
1.232
1.212
1.232
1.22
1.216
1.224
1.208
1.208
1.212
1.208
1.196
1.208
1.2
1.208
1.22
1.232
1.212
1.228
1.22
1.232
1.232
1.264
1.228
1.22
1.248
1.28
1.32
1.312
1.3
1.312
1.292
1.3
1.288
1.264
1.244
1.26
1.252
1.232
1.244
1.216
1.22
1.16
1.164
1.168
1.176
1.188
1.184
1.192
1.2
1.2
1.192
1.184
1.164
1.136
1.116
1.16
1.176
1.136
1.172
1.152
1.16
1.132
1.152
1.156
1.1
1.096
1.104
1.072
1.068
1.044
1.048
1.036
1.044
1.076
1.068
1.092
1.148
1.096
1.148
1.18
1.12
1.164
1.228
1.168
1.192
1.32
1.196
1.312
1.268
1.272
1.284
1.288
1.276
1.264
1.264
1.232
1.224
1.18
1.176
1.14
1.136
1.132
1.092
1.104
1.068
1.084
1.076
1.072
1.076
1.136
1.14
1.22
1.312
1.24
1.236
1.252
1.24
1.208
1.212
1.244
1.212
1.192
1.148
1.156
1.14
1.148
1.16
1.108
1.104
1.096
1.092
1.064
1.072
1.084
1.008
0.996
0.984
0.968
0.968
0.984
0.968
1
1.028
1.008
1.02
1.016
1.008
1.04
1.04
1.04
1.084
1.16
1.1
1.292
1.232
1.256
1.296
1.328
1.368
1.34
1.332
1.34
1.316
1.324
1.32
1.292
1.3
1.304
1.272
1.284
1.276
1.244
1.212
1.256
1.172
1.136
1.064
1.044
1.004
0.972
0.984
0.984
0.98
0.996
0.988
1.016
1.012
1.02
1.048
1.04
1.06
1.096
1.12
1.172
1.168
1.168
1.196
1.14
1.144
1.136
1.092
1.104
1.128
1.112
1.056
1.036
1.12
1.204
1.204
1.356
1.272
1.232
1.236
1.216
1.216
1.192
1.184
1.176
1.172
1.156
1.152
1.176
1.168
1.184
1.2
1.192
1.176
1.212
1.248
1.216
1.224
1.224
1.2
1.224
1.188
1.2
1.188
1.2
1.196
1.176
1.164
1.152
1.164
1.16
1.18
1.188
1.2
1.184
1.2
1.216
1.192
1.192
1.192
1.196
1.184
1.2
1.188
1.16
1.116
1.088
1.076
1.1
1.116
1.168
1.184
1.312
1.212
1.212
1.188
1.184
1.196
1.192
1.204
1.204
1.2
1.18
1.192
1.184
1.224
1.232
1.232
1.224
1.208
1.18
1.16
1.152
1.168
1.228
1.26
1.284
1.308
1.32
1.332
1.34
1.308
1.312
1.316
1.268
1.252
1.248
1.236
1.224
1.228
1.24
1.224
1.188
1.18
1.204
1.204
1.192
1.216
1.192
1.188
1.208
1.2
1.2
1.208
1.204
1.196
1.196
1.22
1.22
1.212
1.22
1.164
1.184
1.204
1.188
1.232
1.248
1.248
1.244
1.244
1.228
1.232
1.228
1.224
1.224
1.204
1.192
1.192
1.184
1.196
1.172
1.172
1.132
1.084
1.068
1.104
1.064
1.06
1.088
1.092
1.152
1.124
1.18
1.152
1.112
1.104
1.052
1.044
1.088
1.164
1.124
1.404
1.3
1.252
1.24
1.232
1.216
1.22
1.204
1.176
1.176
1.18
1.172
1.204
1.212
1.212
1.24
1.252
1.24
1.24
1.232
1.2
1.192
1.204
1.184
1.18
1.168
1.112
1.116
1.156
1.16
1.148
1.172
1.184
1.188
1.132
1.204
1.196
1.236
1.148
1.164
1.184
1.188
1.192
1.164
1.136
1.16
1.192
1.164
1.136
1.228
1.184
1.152
1.156
1.172
1.228
1.208
1.228
1.208
1.192
1.224
1.224
1.268
1.16
1.192
1.152
1.144
1.144
1.108
1.128
1.136
1.1
1.08
1.064
1.12
1.092
1.04
1.068
1.06
1.044
1.08
1.108
1.088
1.1
1.172
1.128
1.124
1.132
1.096
1.076
1.162404
1.18
1.192
1.168
1.136
1.18
1.092
1.112
1.172
1.104
1.14
1.124
1.128
1.248
1.152
1.3
1.232
1.208
1.228
1.188
1.16
1.148
1.148
1.156
1.124
1.048
1.052
1.076
1.016
1.036
1.048
1.04
1.04
1.04
1.036
1.064
1.064
1.068
1.096
1.076
1.06
1.076
1.064
1.064
1.068
1.1
1.192
1.084
1.084
1.036
1.004
1.032
1.128
1.112
1.26
1.224
1.196
1.188
1.176
1.128
1.116
1.128
1.116
1.128
1.156
1.096
1.124
1.252
1.156
1.124
1.228
1.088
1.12
1.172
1.144
1.148
1.132
1.116
1.16
1.144
1.172
1.284
1.252
1.244
1.216
1.228
1.24
1.208
1.192
1.224
1.2
1.184
1.184
1.168
1.16
1.164
1.132
1.1
1.076
1.04
1.02
1.04
1.04
1.028
1.052
1.068
1.072
1.096
1.088
1.052
1.08
1.08
1.04
1.076
1.084
1.096
1.128
1.26
1.284
1.268
1.312
1.32
1.264
1.268
1.264
1.248
1.216
1.208
1.18
1.164
1.172
1.164
1.164
1.116
1.096
1.108
1.076
1.092
1.116
1.084
1.116
1.136
1.068
1.04
1.056
1.056
1.04
1.048
1.068
1.028
1.02
1.016
1.012
1.024
0.996
0.988
1.008
1.016
1.004
1.012
1.036
1.02
1.06
1.164
1.132
1.224
1.14
1.172
1.18
1.204
1.196
1.204
1.188
1.192
1.188
1.208
1.224
1.228
1.244
1.252
1.24
1.252
1.216
1.22
1.216
1.196
1.2
1.192
1.18
1.192
1.16
1.148
1.144
1.144
1.148
1.112
1.048
1.052
1.06
1.028
1.012
0.992
0.98
0.964
0.972
0.972
0.98
0.972
0.976
0.988
0.984
0.992
0.992
0.976
0.996
0.996
0.996
1.02
1.036
1.064
1.148
1.264
1.244
1.244
1.276
1.3
1.304
1.284
1.276
1.264
1.264
1.276
1.256
1.284
1.3
1.28
1.272
1.272
1.244
1.224
1.224
1.224
1.212
1.204
1.236
1.2
1.184
1.224
1.156
1.132
1.136
1.116
1.112
1.08
1.036
1.016
0.992
0.972
0.948
0.928
0.924
0.928
0.968
1.032
1.016
1.148
1.092
1.064
1.06
1.044
1.068
1.104
1.204
1.24
1.192
1.216
1.208
1.212
1.208
1.196
1.18
1.196
1.196
1.228
1.256
1.256
1.324
1.308
1.34
1.336
1.332
1.304
1.288
1.3
1.26
1.22
1.2
1.196
1.192
1.156
1.152
1.172
1.152
1.132
1.132
1.16
1.156
1.12
1.136
1.12
1.132
1.16
1.148
1.136
1.124
1.116
1.108
1.088
1.072
1.108
1.108
1.072
1.092
1.072
1.052
1.136
1.14
1.248
1.268
1.236
1.256
1.248
1.268
1.296
1.308
1.272
1.312
1.308
1.292
1.264
1.304
1.268
1.22
1.232
1.236
1.188
1.164
1.14
1.136
1.104
1.04
1.048
1.028
1.056
1.04
1.068
1.068
1.06
1.124
1.092
1.132
1.168
1.184
1.228
1.216
1.24
1.208
1.244
1.292
1.248
1.268
1.272
1.268
1.276
1.272
1.272
1.252
1.26
1.244
1.236
1.228
1.22
1.24
1.24
1.236
1.28
1.28
1.288
1.276
1.244
1.236
1.24
1.2
1.184
1.164
1.144
1.144
1.116
1.1
1.092
1.052
1.028
1.048
1.048
1.044
1.056
1.076
1.064
1.116
1.148
1.104
1.168
1.312
1.176
1.248
1.192
1.18
1.288
1.284
1.276
1.296
1.3
1.344
1.328
1.328
1.348
1.364
1.344
1.332
1.308
1.292
1.276
1.268
1.244
1.212
1.168
1.208
1.196
1.144
1.08
1.052
1.012
1.052
1.052
1
1.032
1.028
1.004
1.008
1.004
1
1.016
1.032
1.024
1.064
1.116
1.1
1.256
1.28
1.232
1.272
1.292
1.296
1.3
1.304
1.312
1.336
1.348
1.368
1.364
1.376
1.368
1.356
1.364
1.396
1.36
1.42
1.436
1.4
1.388
1.388
1.344
1.272
1.22
1.22
1.2
1.208
1.212
1.2
1.18
1.168
1.12
1.092
1.064
1.036
1.052
1.064
1.048
1.084
1.076
1.064
1.104
1.144
1.22
1.292
1.296
1.316
1.352
1.356
1.32
1.364
1.284
1.176
1.104
1.12
1.144
1.176
1.264
1.208
1.204
1.18
1.168
1.184
1.132
1.092
1.08
1.052
1.06
1.1
1.064
1.08
1.08
1.096
1.128
1.328
1.252
1.26
1.276
1.32
1.316
1.28
1.296
1.304
1.296
1.276
1.26
1.256
1.228
1.204
1.212
1.204
1.152
1.168
1.136
1.048
1.052
1.064
1.012
1.044
1.02
1.016
1.032
1.016
1.024
1.044
1.028
1.052
1.108
1.076
1.172
1.316
1.236
1.276
1.32
1.352
1.36
1.396
1.388
1.38
1.364
1.384
1.364
1.324
1.284
1.316
1.284
1.26
1.236
1.24
1.232
1.212
1.196
1.176
1.184
1.164
1.144
1.124
1.104
1.08
1.036
1.016
0.984
0.976
0.96
0.96
0.94
0.944
0.968
0.98
1.008
1.02
1.108
1.064
1.104
1.148
1.12
1.06
1.052
1.044
1.096
1.204
1.156
1.18
1.204
1.188
1.204
1.196
1.208
1.212
1.2
1.208
1.236
1.264
1.268
1.284
1.296
1.304
1.304
1.256
1.244
1.232
1.2
1.188
1.172
1.164
1.18
1.18
1.132
1.084
1.024
1.004
0.988
1.028
1
1.004
1.004
0.992
0.992
0.996
0.976
0.996
1.016
1.008
1.044
1.076
1.08
1.156
1.16
1.268
1.228
1.252
1.252
1.292
1.344
1.368
1.348
1.332
1.332
1.352
1.356
1.412
1.368
1.3
1.256
1.244
1.236
1.228
1.24
1.24
1.244
1.276
1.26
1.284
1.28
1.268
1.308
1.324
1.316
1.28
1.264
1.228
1.216
1.244
1.204
1.176
1.168
1.152
1.14
1.104
1.088
1.064
1.024
0.976
0.98
0.96
1
1.004
0.996
1.012
1.028
1.036
1.068
1.056
1.072
1.096
1.1
1.104
1.204
1.204
1.148
1.284
1.252
1.24
1.284
1.276
1.256
1.268
1.276
1.28
1.296
1.284
1.284
1.272
1.268
1.264
1.26
1.248
1.236
1.236
1.252
1.252
1.272
1.292
1.328
1.232
1.18
1.164
1.092
1.088
1.184
1.084
1.2
1.096
1.112
1.072
1.08
1.088
1.096
1.076
1.116
1.116
1.144
1.18
1.316
1.16
1.32
1.224
1.236
1.244
1.256
1.26
1.252
1.256
1.22
1.224
1.232
1.248
1.24
1.26
1.26
1.26
1.292
1.28
1.3
1.304
1.272
1.232
1.236
1.22
1.208
1.22
1.192
1.164
1.132
1.104
1.096
1.1
1.036
1.032
1.032
1.016
1.024
1.028
1.008
1.028
1.032
1.028
1.06
1.088
1.068
1.1
1.128
1.124
1.308
1.252
1.228
1.272
1.276
1.288
1.3
1.304
1.316
1.308
1.316
1.312
1.332
1.304
1.268
1.284
1.272
1.272
1.288
1.304
1.324
1.28
1.26
1.26
1.244
1.208
1.212
1.192
1.172
1.164
1.172
1.18
1.18
1.168
1.148
1.112
1.068
1.032
1.028
1.024
1.024
1.012
1
1.024
1.04
1.02
1
0.992
1.008
1.032
1.088
1.104
1.092
1.124
1.156
1.12
1.148
1.124
1.14
1.172
1.144
1.256
1.164
1.24
1.296
1.22
1.208
1.204
1.2
1.192
1.196
1.196
1.184
1.172
1.136
1.148
1.156
1.2
1.184
1.272
1.188
1.204
1.212
1.228
1.232
1.228
1.228
1.168
1.124
1.012
1.028
1.068
1.132
1.08
1.124
1.372
1.236
1.232
1.208
1.208
1.216
1.176
1.148
1.144
1.128
1.144
1.112
1.1
1.084
1.192
1.128
1.14
1.116
1.132
1.092
1.088
1.128
1.08
1.084
1.104
1.052
1.04
1.06
1.112
1.1
1.12
1.116
1.148
1.26
1.36
1.284
1.272
1.264
1.268
1.252
1.236
1.232
1.228
1.212
1.212
1.196
1.176
1.18
1.172
1.1
1.048
1.068
1.052
1.128
1.1
1.108
1.164
1.144
1.144
1.208
1.144
1.196
1.136
1.148
1.124
1.12
1.18
1.128
1.168
1.212
1.18
1.196
1.204
1.216
1.356
1.208
1.308
1.28
1.264
1.28
1.252
1.248
1.236
1.22
1.228
1.22
1.224
1.232
1.22
1.216
1.224
1.224
1.236
1.224
1.224
1.22
1.196
1.22
1.184
1.184
1.16
1.148
1.12
1.1
1.06
1.072
1.072
1.064
1.148
1.152
1.104
1.172
1.212
1.148
1.212
1.184
1.204
1.212
1.14
1.132
1.128
1.144
1.192
1.152
1.184
1.26
1.148
1.176
1.2
1.156
1.176
1.308
1.204
1.22
1.212
1.168
1.184
1.216
1.156
1.212
1.224
1.176
1.236
1.272
1.228
1.18
1.2
1.256
1.156
1.18
1.268
1.176
1.2
1.192
1.188
1.184
1.1
1.104
1.128
1.092
1.088
1.108
1.044
1.064
1.108
1.096
1.1
1.136
1.108
1.128
1.148
1.092
1.116
1.112
1.096
1.112
1.144
1.116
1.168
1.188
1.228
1.232
1.292
1.224
1.24
1.276
1.292
1.284
1.296
1.324
1.28
1.276
1.244
1.212
1.16
1.156
1.164
1.16
1.164
1.116
1.112
1.068
1.084
1.076
1.068
1.068
1.088
1.052
1.068
1.116
1.084
1.096
1.1
1.144
1.18
1.132
1.172
1.156
1.156
1.188
1.212
1.232
1.18
1.232
1.208
1.18
1.152
1.176
1.168
1.156
1.164
1.144
1.14
1.256
1.312
1.3
1.292
1.3
1.292
1.26
1.248
1.228
1.188
1.184
1.172
1.164
1.148
1.128
1.132
1.076
1.012
1.028
1.032
1.02
1.024
1.028
1.028
1.032
1.032
1.02
1.052
1.076
1.076
1.108
1.108
1.108
1.156
1.148
1.148
1.172
1.148
1.164
1.22
1.152
1.176
1.18
1.16
1.256
1.276
1.232
1.26
1.292
1.224
1.26
1.272
1.232
1.212
1.208
1.188
1.172
1.192
1.2
1.228
1.224
1.216
1.22
1.18
1.18
1.168
1.156
1.148
1.14
1.072
1.056
1.072
1.032
1.04
1.044
1.032
1.052
1.068
1.068
1.076
1.08
1.116
1.156
1.132
1.176
1.172
1.164
1.228
1.268
1.224
1.232
1.236
1.24
1.228
1.22
1.232
1.22
1.22
1.224
1.14
1.144
1.132
1.176
1.172
1.176
1.184
1.2
1.228
1.22
1.224
1.244
1.272
1.26
1.244
1.276
1.276
1.228
1.212
1.16
1.156
1.168
1.124
1.116
1.108
1.048
1.04
1.044
1.028
1.024
1.036
1.04
1.024
1.012
1.02
1.048
1.056
1.084
1.132
1.172
1.156
1.16
1.212
1.208
1.22
1.224
1.228
1.228
1.228
1.228
1.228
1.264
1.248
1.224
1.228
1.24
1.192
1.204
1.216
1.216
1.208
1.192
1.192
1.192
1.196
1.176
1.156
1.16
1.176
1.192
1.22
1.224
1.216
1.22
1.224
1.212
1.208
1.188
1.164
1.156
1.164
1.128
1.112
1.104
1.04
1.036
1.028
0.992
1.012
1.02
1.02
1.04
1.072
1.096
1.128
1.124
1.124
1.152
1.228
1.124
1.164
1.276
1.188
1.196
1.236
1.256
1.268
1.264
1.304
1.312
1.272
1.216
1.224
1.208
1.192
1.2
1.192
1.168
1.172
1.188
1.144
1.12
1.148
1.092
1.112
1.112
1.088
1.096
1.108
1.076
1.104
1.12
1.08
1.108
1.1
1.136
1.132
1.128
1.168
1.156
1.16
1.144
1.208
1.236
1.152
1.156
1.136
1.144
1.204
1.184
1.324
1.232
1.232
1.212
1.22
1.188
1.176
1.188
1.172
1.144
1.12
1.124
1.084
1.06
1.008
0.992
0.988
0.988
0.984
0.98
0.984
0.984
0.992
1
1.008
1.032
1.048
1.024
1.024
1.044
1.08
1.108
1.236
1.152
1.192
1.188
1.12
1.164
1.236
1.184
1.2
1.116
1.16
1.3
1.204
1.228
1.224
1.22
1.24
1.248
1.228
1.232
1.212
1.196
1.192
1.224
1.22
1.184
1.2
1.236
1.228
1.284
1.26
1.256
1.244
1.232
1.208
1.172
1.176
1.164
1.148
1.14
1.128
1.116
1.052
1.04
1.182255
1.076
1.024
1.004
1.012
0.984
0.988
0.988
0.984
0.996
0.988
0.984
1.008
1.012
1.02
1.132
1.076
1.124
1.288
1.228
1.272
1.304
1.32
1.312
1.284
1.312
1.192
1.124
1.184
1.272
1.236
1.236
1.244
1.228
1.212
1.184
1.196
1.2
1.18
1.188
1.192
1.176
1.168
1.176
1.152
1.18
1.172
1.168
1.16
1.196
1.208
1.212
1.212
1.228
1.188
1.184
1.196
1.192
1.18
1.192
1.196
1.196
1.22
1.204
1.236
1.22
1.208
1.208
1.224
1.208
1.196
1.18
1.196
1.192
1.172
1.164
1.188
1.16
1.152
1.152
1.152
1.136
1.132
1.168
1.168
1.16
1.188
1.176
1.156
1.164
1.164
1.136
1.16
1.184
1.18
1.176
1.228
1.24
1.264
1.272
1.3
1.252
1.248
1.26
1.252
1.212
1.22
1.22
1.224
1.208
1.204
1.196
1.208
1.22
1.22
1.228
1.228
1.192
1.216
1.2
1.184
1.188
1.136
1.144
1.136
1.124
1.136
1.072
1.04
1.076
1.116
1.088
1.072
1.112
1.092
1.108
1.072
1.08
1.144
1.172
1.236
1.288
1.228
1.236
1.308
1.264
1.272
1.268
1.272
1.264
1.272
1.28
1.272
1.264
1.268
1.256
1.216
1.212
1.236
1.244
1.236
1.232
1.268
1.252
1.24
1.224
1.228
1.216
1.212
1.212
1.16
1.1
1.044
1.008
1.032
1.04
1.068
1.016
1.024
1.064
1.06
1.056
1.088
1.06
1.088
1.128
1.072
1.104
1.124
1.06
1.06
1.1
1.136
1.288
1.26
1.248
1.252
1.26
1.232
1.24
1.236
1.228
1.228
1.264
1.276
1.248
1.256
1.288
1.3
1.316
1.376
1.332
1.34
1.352
1.288
1.288
1.284
1.308
1.556
1.428
1.244
1.196
1.18
1.18
1.156
1.116
1.124
1.076
1.072
1.148
1.096
1.06
1.104
1.108
1.108
1.1
1.068
1.064
1.116
1.084
1.088
1.136
1.064
1.056
1.076
1.036
1.032
1.088
1.072
1.156
1.14
1.216
1.148
1.316
1.148
1.152
1.144
1.128
1.14
1.112
1.096
1.088
1.064
1.128
1.144
1.252
1.244
1.356
1.288
1.264
1.252
1.212
1.208
1.16
1.108
1.044
1.004
0.996
0.94
0.956
1.028
1.056
1.096
1.232
1.32
1.216
1.184
1.184
1.192
1.164
1.176
1.168
1.176
1.18
1.212
1.248
1.26
1.28
1.264
1.252
1.264
1.24
1.26
1.272
1.276
1.268
1.272
1.264
1.268
1.3
1.296
1.3
1.312
1.352
1.312
1.276
1.256
1.244
1.208
1.18
1.176
1.176
1.152
1.144
1.088
1.068
1.068
1.08
1.08
1.096
1.08
1.076
1.112
1.108
1.332
1.236
1.256
1.292
1.296
1.308
1.316
1.3
1.296
1.3
1.292
1.296
1.308
1.284
1.344
1.248
1.276
1.232
1.264
1.264
1.304
1.344
1.308
1.316
1.304
1.308
1.316
1.32
1.316
1.324
1.288
1.252
1.24
1.224
1.228
1.252
1.244
1.224
1.208
1.172
1.172
1.148
1.128
1.136
1.112
1.132
1.132
1.104
1.112
1.184
1.228
1.212
1.252
1.256
1.236
1.24
1.248
1.232
1.224
1.196
1.184
1.172
1.176
1.172
1.184
1.2
1.2
1.192
1.22
1.216
1.204
1.22
1.216
1.216
1.2
1.212
1.204
1.22
1.208
1.216
1.22
1.208
1.204
1.204
1.176
1.176
1.192
1.172
1.168
1.176
1.164
1.148
1.176
1.128
1.12
1.132
1.116
1.144
1.136
1.092
1.116
1.084
1.1
1.112
1.088
1.08
1.064
1.044
1.036
1.088
1.08
1.092
1.22
1.124
1.188
1.16
1.132
1.12
1.136
1.088
1.072
1.104
1.068
1.08
1.1
1.084
1.1
1.192
1.144
1.188
1.152
1.18
1.176
1.172
1.256
1.156
1.216
1.148
1.168
1.248
1.308
1.124
1.076
1.048
1.064
1.02
1.044
1.024
1.004
1.004
1.004
1.052
1.024
1.004
1.02
1.004
1
1.02
1.016
1.032
1.076
1.06
1.1
1.12
1.184
1.2
1.32
1.248
1.288
1.296
1.316
1.332
1.328
1.328
1.328
1.332
1.344
1.332
1.288
1.288
1.264
1.232
1.24
1.2
1.196
1.196
1.204
1.188
1.248
1.152
1.152
1.14
1.108
1.108
1.064
1.024
1.008
0.996
0.984
0.988
0.972
0.996
1.02
1.012
1.048
1.152
1.068
1.168
1.28
1.22
1.252
1.328
1.332
1.332
1.356
1.332
1.348
1.328
1.264
1.188
1.132
1.056
1.096
1.152
1.14
1.172
1.168
1.332
1.248
1.224
1.192
1.18
1.212
1.196
1.184
1.172
1.192
1.168
1.192
1.16
1.092
1.068
1.064
1.056
1.076
1.208
1.132
1.112
1.156
1.12
1.116
1.112
1.164
1.176
1.184
1.184
1.208
1.212
1.156
1.168
1.148
1.236
1.12
1.2
1.164
1.164
1.148
1.132
1.252
1.132
1.156
1.144
1.34
1.32
1.276
1.284
1.16
1.404
1.284
1.304
1.26
1.244
1.2
1.22
1.224
1.212
1.192
1.228
1.208
1.192
1.152
1.048
0.992
0.976
0.972
1.008
1.032
1.228
1.208
1.26
1.192
1.16
1.104
1.052
1.084
1.108
1.152
1.18
1.252
1.368
1.3
1.316
1.304
1.292
1.248
1.228
1.208
1.216
1.228
1.236
1.236
1.232
1.232
1.248
1.24
1.24
1.24
1.232
1.236
1.248
1.232
1.236
1.2
1.192
1.192
1.184
1.168
1.216
1.216
1.208
1.208
1.268
1.224
1.216
1.216
1.196
1.192
1.204
1.16
1.168
1.136
1.108
1.084
1.068
1.096
1.084
1.272
1.196
1.22
1.212
1.2
1.216
1.22
1.184
1.172
1.148
1.12
1.096
1.1
1.092
1.132
1.16
1.152
1.18
1.184
1.2
1.204
1.192
1.188
1.212
1.2
1.192
1.208
1.212
1.2
1.192
1.204
1.22
1.204
1.188
1.18
1.18
1.168
1.18
1.224
1.24
1.22
1.212
1.192
1.196
1.18
1.192
1.168
1.176
1.16
1.14
1.132
1.124
1.116
1.14
1.232
1.2
1.188
1.16
1.136
1.14
1.144
1.148
1.18
1.196
1.212
1.196
1.216
1.172
1.216
1.264
1.36
1.24
1.236
1.26
1.22
1.224
1.22
1.192
1.192
1.18
1.156
1.124
1.112
1.072
1.072
1.024
1.036
1.064
1.016
1.048
1.048
1.032
1.052
1.036
1.036
1.084
1.06
1.076
1.12
1.072
1.104
1.248
1.14
1.312
1.224
1.232
1.24
1.248
1.224
1.212
1.22
1.212
1.2
1.208
1.204
1.232
1.208
1.204
1.204
1.172
1.152
1.128
1.056
1.044
1.04
1.028
1.048
1.032
1.016
1.036
1.04
1.016
1.044
1.088
1.08
1.096
1.104
1.148
1.096
1.108
1.152
1.068
1.052
1.088
1.1
1.076
1.08
1.12
1.096
1.108
1.104
1.068
1.124
1.072
1.064
1.096
1.128
1.196
1.272
1.284
1.236
1.208
1.22
1.196
1.188
1.188
1.18
1.128
1.084
1.072
1.012
1.032
1.032
1.024
1.06
1.064
1.044
1.068
1.068
1.076
1.06
1.076
1.1
1.068
1.1
1.076
1.048
1.08
1.096
1.128
1.084
1.12
1.124
1.092
1.112
1.096
1.092
1.14
1.072
1.136
1.272
1.136
1.184
1.14
1.144
1.108
1.136
1.124
1.096
1.084
1.144
1.08
1.06
1.052
1.064
1.08
1.028
1.044
1.1
1.072
1.04
1.048
1.092
1.056
1.056
1.152
1.128
1.132
1.084
1.092
1.136
1.156
1.104
1.164
1.144
1.064
1.036
1.044
1.048
1.056
1.052
1.088
1.036
1.04
1.076
1.048
1.048
1.016
1.02
0.988
0.988
1.304662
1.156
0.996
1.193067
1.252
1.276
1.272
1.4
1.128
1.26
1.296
1.284
1.256
1.256
1.24
1.244
1.24
1.248
1.216
1.252
1.24
1.248
1.24
1.228
1.228
1.196
1.2
1.2
1.168
1.216
1.216
1.204
1.224
1.2
1.18
1.168
1.16
1.144
1.148
1.156
1.128
1.108
1.116
1.104
1.184
1.108
1.128
1.136
1.128
1.196
1.148
1.144
1.208
1.136
1.1
1.096
1.104
1.076
1.1
1.108
1.108
1.116
1.108
1.128
1.116
1.156
1.12
1.136
1.176
1.124
1.104
1.116
1.116
1.124
1.128
1.144
1.144
1.116
1.152
1.132
1.116
1.172
1.148
1.144
1.136
1.116
1.132
1.112
1.124
1.104
1.108
1.124
1.156
1.12
1.084
1.112
1.216
1.072
1.06
1.056
1.044
1.02
1.024
1.02
1.004
1.028
1
0.996
1.008
1.004
0.996
0.996
0.996
0.992
0.992
0.976
0.988
1
1.04
1.168
1.228
1.22
1.216
1.248
1.248
1.264
1.256
1.264
1.276
1.264
1.272
1.268
1.284
1.252
1.256
1.244
1.224
1.2
1.188
1.192
1.208
1.188
1.176
1.184
1.172
1.168
1.16
1.176
1.164
1.18
1.204
1.204
1.212
1.208
1.188
1.196
1.172
1.156
1.14
1.124
1.108
1.06
0.984
0.968
0.976
0.972
0.988
1.052
0.98
0.988
1.032
1.032
1.024
1.032
1.088
1.06
1.048
1.096
1.068
1.064
1.108
1.124
1.084
1.084
1.136
1.16
1.3
1.22
1.248
1.252
1.292
1.252
1.264
1.252
1.244
1.228
1.224
1.22
1.2
1.184
1.164
1.176
1.164
1.148
1.152
1.124
1.148
1.16
1.132
1.08
1.028
1.036
1.028
1.028
1.028
1.024
1.016
1.012
1.012
1.02
1.024
1.048
1.02
1.06
1.092
1.048
1.104
1.124
1.184
1.2
1.196
1.128
1.056
1.012
1.04
1.112
1.236
1.16
1.168
1.208
1.252
1.208
1.212
1.212
1.224
1.216
1.224
1.244
1.232
1.228
1.248
1.196
1.212
1.204
1.18
1.176
1.172
1.16
1.156
1.16
1.144
1.148
1.144
1.144
1.16
1.176
1.176
1.164
1.168
1.172
1.16
1.152
1.136
1.148
1.128
1.104
1.104
1.068
1.028
1.024
1.032
1
1.02
1.02
0.996
1.024
1.028
1.048
1.056
1.088
1.108
1.068
1.068
1.124
1.18
1.248
1.18
1.18
1.172
1.176
1.188
1.184
1.168
1.168
1.152
1.152
1.168
1.18
1.192
1.224
1.22
1.236
1.232
1.232
1.228
1.204
1.192
1.188
1.152
1.172
1.232
1.204
1.172
1.072
1.036
1.04
1.02
1.06
1.02
1.008
1.016
1
1.004
1
1
0.992
1.012
0.992
0.996
1.012
0.992
1.036
1.048
1.064
1.268
1.148
1.132
1.152
1.148
1.164
1.196
1.216
1.196
1.22
1.212
1.212
1.204
1.196
1.196
1.168
1.18
1.156
1.148
1.144
1.148
1.156
1.156
1.152
1.16
1.16
1.12
1.068
1.044
1.016
0.984
1.02
1.044
1.02
1.084
1.088
1.084
1.116
1.128
1.104
1.1
1.144
1.112
1.084
1.128
1.308
1.188
1.224
1.264
1.276
1.216
1.244
1.26
1.252
1.256
1.252
1.256
1.236
1.252
1.248
1.256
1.248
1.24
1.236
1.244
1.244
1.224
1.208
1.2
1.184
1.176
1.164
1.144
1.148
1.168
1.14
1.14
1.112
1.108
1.116
1.056
1.024
1.028
1.02
1.016
1.056
1.044
1.068
1.092
1.1
1.116
1.16
1.324
1.212
1.244
1.232
1.232
1.204
1.2
1.196
1.232
1.264
1.264
1.268
1.26
1.256
1.248
1.228
1.204
1.196
1.192
1.168
1.184
1.176
1.188
1.196
1.192
1.192
1.204
1.208
1.184
1.196
1.204
1.192
1.184
1.164
1.148
1.104
1.084
1.076
1.036
1.032
1.028
0.996
1.004
1.012
0.992
1.008
1.02
1.008
1.024
1.04
1.056
1.096
1.088
1.104
1.2
1.164
1.16
1.26
1.216
1.204
1.24
1.248
1.24
1.248
1.252
1.256
1.252
1.256
1.24
1.244
1.26
1.272
1.252
1.244
1.24
1.252
1.248
1.2
1.204
1.172
1.176
1.112
1.096
1.012
1.004
1.008
1.008
1.04
1.008
1.032
1.044
1.024
1.04
1.044
1.02
1.044
1.064
1.036
1.08
1.1
1.068
1.2
1.108
1.132
1.336
1.244
1.28
1.304
1.316
1.316
1.312
1.292
1.284
1.236
1.184
1.12
1.076
1.068
1.14
1.116
1.184
1.144
1.352
1.2
1.204
1.192
1.18
1.168
1.16
1.156
1.16
1.172
1.168
1.144
1.164
1.156
1.136
1.144
1.136
1.12
1.072
1.072
1.032
1.056
1.068
1.048
1.1
1.112
1.204
1.208
1.168
1.128
1.288
1.232
1.172
1.264
1.228
1.204
1.236
1.232
1.232
1.248
1.244
1.224
1.228
1.224
1.208
1.208
1.188
1.184
1.18
1.164
1.164
1.18
1.156
1.128
1.148
1.124
1.14
1.112
1.08
1.056
1.04
0.996
0.988
0.96
0.948
0.94
0.932
0.944
0.98
0.992
0.992
1.016
1.128
1.08
1.1
1.268
1.192
1.18
1.212
1.228
1.248
1.256
1.268
1.268
1.264
1.284
1.296
1.316
1.336
1.316
1.316
1.288
1.292
1.264
1.284
1.208
1.204
1.204
1.196
1.196
1.208
1.196
1.196
1.204
1.196
1.176
1.16
1.16
1.152
1.14
1.144
1.128
1.132
1.132
1.132
1.12
1.128
1.088
1.08
1.192
1.14
1.148
1.128
1.128
1.084
1.1
1.236
1.12
1.088
1.092
1.072
1.076
1.048
1.044
1.016
1
1.012
1.008
1
1.008
1.012
0.984
1.028
1.08
1.056
1.128
1.176
1.144
1.2
1.228
1.224
1.232
1.248
1.236
1.252
1.264
1.232
1.236
1.244
1.276
1.3
1.292
1.292
1.296
1.304
1.292
1.288
1.26
1.268
1.224
1.184
1.172
1.176
1.164
1.172
1.184
1.18
1.164
1.168
1.156
1.148
1.144
1.164
1.152
1.16
1.164
1.16
1.168
1.204
1.216
1.24
1.22
1.18
1.208
1.224
1.204
1.224
1.208
1.188
1.212
1.184
1.176
1.168
1.148
1.136
1.1
1.068
1.056
1.104
1.1
1.124
1.132
1.196
1.272
1.16
1.188
1.128
1.168
1.152
1.12
1.2
1.112
1.128
1.28
1.148
1.224
1.212
1.18
1.14
1.136
1.128
1.108
1.088
1.072
1.016
1.02
1.016
1
0.996
1
0.984
1
0.976
0.956
0.972
0.976
1
1.032
1.008
1.052
1.06
1.076
1.088
1.192
1.128
1.26
1.28
1.252
1.232
1.22
1.224
1.22
1.216
1.248
1.284
1.316
1.344
1.368
1.352
1.34
1.316
1.28
1.26
1.248
1.2
1.176
1.164
1.176
1.176
1.132
1.116
1.16
1.156
1.136
1.152
1.128
1.128
1.12
1.092
1.076
1.008
0.996
1.008
1.028
1.02
1.024
1.092
1.064
1.068
1.128
1.112
1.156
1.3
1.224
1.24
1.248
1.24
1.26
1.264
1.256
1.252
1.26
1.26
1.252
1.256
1.252
1.22
1.224
1.236
1.248
1.236
1.224
1.216
1.188
1.192
1.2
1.176
1.172
1.18
1.148
1.132
1.128
1.12
1.112
1.064
1.039652
1.076
1.052
1.02
1.028
1.028
1.016
1.048
1.048
1.048
1.08
1.08
1.044
1.096
1.12
1.112
1.256
1.248
1.232
1.252
1.244
1.232
1.224
1.232
1.228
1.224
1.224
1.216
1.208
1.208
1.224
1.236
1.252
1.244
1.244
1.224
1.28
1.232
1.18
1.196
1.18
1.168
1.172
1.16
1.144
1.132
1.12
1.056
1.048
1.06
1.052
1.052
1.024
1.072
1.04
1.032
1.1
1.068
1.1
1.088
1.22
1.116
1.224
1.252
1.204
1.164
1.132
1.136
1.112
1.12
1.112
1.152
1.104
1.316
1.204
1.184
1.204
1.176
1.184
1.144
1.096
1.092
1.092
1.052
1.016
1.036
1.012
1
1.044
1.02
1.012
1.024
1.068
1.036
1.024
1.128
1.044
1.056
1.224
1.14
1.264
1.208
1.168
1.164
1.164
1.172
1.16
1.144
1.152
1.16
1.136
1.16
1.172
1.164
1.156
1.172
1.184
1.184
1.188
1.168
1.176
1.16
1.14
1.132
1.136
1.108
1.08
1.048
1.128
1.04
1.056
1.088
1.028
1.044
1.06
1.02
1.04
1.016
1.012
1.052
1.036
1.056
1.076
1.08
1.064
1.116
1.148
1.092
1.12
1.256
1.116
1.244
1.168
1.272
1.216
1.212
1.224
1.228
1.244
1.248
1.26
1.276
1.26
1.24
1.224
1.224
1.196
1.188
1.168
1.172
1.168
1.152
1.144
1.172
1.124
1.076
1.088
1.044
1.084
1.048
1
1.004
1.024
1.004
1
1.012
1.004
1.024
1.064
1.028
1.04
1.088
1.076
1.06
1.196
1.124
1.148
1.276
1.144
1.144
1.26
1.184
1.172
1.228
1.252
1.236
1.224
1.22
1.212
1.18
1.208
1.22
1.22
1.192
1.18
1.18
1.156
1.144
1.136
1.044
1.012
1
1.008
1.052
1.04
1.06
1.076
1.064
1.096
1.056
1.052
1.092
1.112
1.108
1.116
1.312
1.144
1.132
1.096
1.084
1.128
1.092
1.128
1.124
1.128
1.132
1.108
1.108
1.064
1.08
1.124
1.088
1.104
1.24
1.116
1.132
1.14
1.172
1.132
1.18
1.208
1.308
1.164
1.14
1.092
1.048
1.044
1.08
1.048
1.084
1.184
1.096
1.108
1.092
1.136
1.096
1.136
1.072
1.06
1.2
1.16
1.132
1.248
1.188
1.16
1.124
1.244
1.124
1.14
1.3
1.164
1.232
1.256
1.236
1.168
1.152
1.392
1.088502
1.012
1.02
1.072
1.076
1.224
1.16
1.176
1.156
1.136
1.128
1.188
1.192
1.172
1.164
1.332
1.232
1.212
1.22
1.228
1.24
1.22
1.232
1.244
1.216
1.22
1.212
1.18
1.184
1.164
1.168
1.164
1.18
1.224
1.228
1.212
1.256
1.24
1.224
1.22
1.208
1.196
1.176
1.148
1.152
1.168
1.156
1.156
1.168
1.172
1.176
1.112
1.156
1.128
1.16
1.124
1.124
1.18
1.156
1.24
1.184
1.136
1.072
1.076
1.052
1.052
1.116
1.108
1.16
1.22
1.3
1.236
1.228
1.212
1.208
1.192
1.216
1.184
1.156
1.16
1.152
1.184
1.152
1.144
1.144
1.168
1.196
1.2
1.108
1.088
1.084
1.02
0.984
1.012
1
