0.736
0.744
0.752
0.756
0.72
0.756
0.78
0.768
0.712
0.724
0.748
0.76
0.728
0.756
0.764
0.74
0.748
0.78
0.816
0.748
0.76
0.796
0.756
0.732
0.752
0.852
0.844
0.748
0.752
0.788
0.776
0.748
0.78
0.824
0.784
0.748
0.776
0.804
0.844
0.792
0.812
0.804
0.772
0.756
0.732
0.8
0.848
0.824
0.744
0.716
0.708
0.684
0.684
0.704
0.656
0.64
0.648
0.652
0.704
0.812
0.768
0.708
0.748
0.812
0.8
0.736
0.76
0.756
0.768
0.772
0.776
0.808
0.764
0.748
0.832
0.824
0.78
0.792
0.872
0.872
0.788
0.804
0.812
0.768
0.732
0.708
0.76
0.888
0.828
0.756
0.808
0.832
0.848
0.736
0.736
0.764
0.856
0.78
0.716
0.712
0.78
0.876
0.772
0.712
0.752
0.808
0.784
0.732
0.696
0.692
0.772
0.884
0.808
0.74
0.692
0.66
0.676
1.052
0.9
0.836
0.8
0.828
0.796
0.796
0.728
0.756
0.72
0.704
0.72
0.752
0.868
0.776
0.716
0.752
0.92
0.812
0.756
0.748
0.788
0.82
0.764
0.74
0.804
0.88
0.776
0.744
0.8
0.856
0.752
0.716
0.784
0.88
0.784
0.708
0.68
0.744
1.088
0.912
0.82
0.736
0.72
0.768
0.856
0.776
0.836
0.756
0.744
0.928
0.904
0.828
0.832
0.844
0.8
0.796
0.776
0.74
0.776
0.788
0.784
0.752
0.668
0.66
0.664
1
0.844
0.792
0.74
0.772
0.792
0.8
0.764
0.712
0.712
0.772
0.82
0.752
0.78
0.8
0.78
0.76
0.76
0.784
0.744
0.704
0.7
0.74
0.78
0.796
0.748
0.736
0.756
0.744
0.732
0.748
0.752
0.748
0.748
0.716
0.68
0.676
0.712
0.8
0.772
0.716
0.708
0.748
0.784
0.724
0.728
0.74
0.748
0.728
0.72
0.74
0.884
0.832
0.748
0.692
0.716
0.756
0.776
0.728
0.716
0.768
0.94
0.868
0.752
0.744
0.804
0.804
0.756
0.716
0.68
0.708
0.908
0.824
0.72
0.696
0.772
0.892
0.848
0.744
0.692
0.724
0.824
0.756
0.712
0.688
0.672
0.768
0.936
0.824
0.78
0.712
0.684
0.708
0.828
0.808
0.744
0.696
0.692
0.76
0.804
0.812
0.748
0.704
0.736
0.776
0.76
0.7
0.736
0.764
0.78
0.7
0.676
0.72
0.828
0.796
0.724
0.708
0.792
0.852
0.76
0.744
0.72
0.788
0.832
0.732
0.688
0.7
0.764
0.824
0.76
0.748
0.764
0.784
0.76
0.72
0.7
0.776
0.816
0.748
0.72
0.76
0.764
0.748
0.716
0.764
0.8
0.816
0.764
0.74
0.74
0.788
0.828
0.752
0.724
0.748
0.768
0.784
0.752
0.712
0.692
0.752
0.976
0.888
0.78
0.776
0.724
0.716
0.744
0.788
0.74
0.724
0.788
0.86
0.82
0.796
0.792
0.752
0.708
0.676
0.724
0.992
0.764
0.696
0.68
0.644
0.624
0.628
0.616
0.62
0.696
1.048
0.9
0.824
0.708
0.652
0.62
0.624
0.684
0.968
0.736
0.688
0.732
0.964
0.844
0.748
0.772
0.972
0.912
0.784
0.736
0.792
0.92
0.792
0.724
0.688
0.692
1.068
0.904
0.8
0.744
0.74
0.844
0.86
0.748
0.7
0.676
0.664
0.756
1.06
0.876
0.84
0.784
0.712
0.688
0.712
0.912
0.876
0.752
0.716
0.728
0.856
0.908
0.896
0.856
0.768
0.704
0.688
0.728
0.952
0.844
0.74
0.78
0.836
0.756
0.72
0.748
0.824
0.824
0.744
0.74
0.812
0.832
0.768
0.732
0.828
0.872
0.764
0.724
0.724
0.844
0.892
0.784
0.74
0.808
0.888
0.808
0.744
0.784
0.844
0.784
0.728
0.728
0.8
0.828
0.744
0.72
0.768
0.936
0.816
0.736
0.724
0.796
0.852
0.756
0.724
0.732
0.888
0.88
0.764
0.724
0.728
0.848
0.868
0.744
0.708
0.672
0.7
0.836
0.812
0.824
0.744
0.724
0.772
0.876
0.792
0.74
0.708
0.768
0.88
0.776
0.712
0.704
0.76
0.888
0.772
0.744
0.788
0.796
0.74
0.7
0.76
1.028
0.856
0.776
0.716
0.78
0.824
0.792
0.732
0.7
0.752
0.996
0.8
0.748
0.728
0.824
0.908
0.768
0.728
0.724
0.772
0.856
0.776
0.752
0.756
0.872
0.848
0.768
0.732
0.704
0.74
0.852
0.892
0.804
0.764
0.724
0.716
0.732
0.872
0.924
0.792
0.728
0.752
0.804
0.832
0.744
0.7
0.696
0.764
0.876
0.8
0.728
0.804
0.812
0.796
0.728
0.688
0.712
0.736
0.808
0.792
0.792
0.736
0.696
0.708
0.74
0.8
0.724
0.704
0.748
0.788
0.828
0.776
0.736
0.716
0.72
0.788
0.804
0.808
0.76
0.744
0.716
0.692
0.68
0.728
0.864
0.82
0.728
0.712
0.728
0.796
0.832
0.752
0.772
0.816
0.856
0.804
0.78
0.784
0.728
0.748
0.812
0.8
0.776
0.86
0.848
0.764
0.76
0.808
0.82
0.756
0.732
0.788
0.804
0.804
0.748
0.788
0.78
0.748
0.712
0.752
0.736
0.756
0.72
0.728
0.732
0.772
0.748
0.78
0.724
0.7
0.668
0.652
0.648
0.768
0.912
0.708
0.684
0.728
0.784
0.752
0.712
0.712
0.884
0.86
0.744
0.732
0.844
0.884
0.804
0.732
0.752
0.772
0.832
0.796
0.736
0.796
0.748
0.736
0.752
0.768
0.792
0.8
0.736
0.716
0.748
0.764
0.768
0.732
0.692
0.688
0.72
0.76
0.756
0.704
0.7
0.748
0.748
0.74
0.696
0.736
0.744
0.72
0.708
0.744
0.752
0.788
0.752
0.72
0.692
0.712
0.724
0.732
0.712
0.744
0.74
0.752
0.724
0.692
0.672
0.716
0.768
0.788
0.716
0.724
0.756
0.704
0.696
0.728
0.748
0.724
0.724
0.748
0.756
0.748
0.756
0.708
0.688
0.712
0.72
0.716
0.692
0.752
0.784
0.756
0.736
0.772
0.784
0.74
0.72
0.76
0.784
0.804
0.76
0.824
0.732
0.732
0.752
0.744
0.716
0.76
0.752
0.772
0.72
0.728
0.748
0.776
0.724
0.748
0.78
0.76
0.724
0.764
0.784
0.78
0.72
0.692
0.732
0.736
0.744
0.732
0.808
0.772
0.752
0.752
0.816
0.84
0.764
0.744
0.772
0.78
0.764
0.736
0.78
0.824
0.8
0.74
0.744
0.772
0.796
0.78
0.828
0.908
0.764
0.764
0.872
0.832
0.756
0.728
0.876
0.92
0.792
0.74
0.764
0.724
0.72
0.748
0.788
0.756
0.728
0.732
0.792
0.856
0.764
0.732
0.768
0.82
0.796
0.796
0.764
0.724
0.696
0.696
0.772
0.936
0.856
0.844
0.78
0.712
0.692
0.744
0.816
0.744
0.736
0.768
0.78
0.8
0.768
0.72
0.712
0.748
0.796
0.8
0.756
0.812
0.816
0.836
0.804
0.756
0.776
0.808
0.828
0.752
0.744
0.784
0.816
0.824
0.752
0.776
0.768
0.764
0.788
0.72
0.716
0.684
0.696
0.896
0.864
0.824
0.78
0.724
0.708
0.744
0.76
0.78
0.8
0.744
0.736
0.732
0.768
0.768
0.776
0.776
0.756
0.752
0.712
0.696
0.76
0.844
0.788
0.764
0.796
0.8
0.796
0.728
0.696
0.708
0.744
0.748
0.744
0.804
0.896
0.812
0.784
0.788
0.788
0.752
0.752
0.772
0.82
0.788
0.724
0.724
0.784
0.864
0.82
0.74
0.72
0.736
0.76
0.808
0.764
0.724
0.696
0.732
0.788
0.788
0.74
0.768
0.78
0.756
0.744
0.78
0.856
0.852
0.812
0.844
0.8
0.764
0.776
0.824
0.772
0.788
0.82
0.788
0.744
0.76
0.8
0.768
0.752
0.78
0.76
0.732
0.736
0.78
0.836
0.796
0.728
0.748
0.756
0.772
0.744
0.752
0.784
0.86
0.8
0.764
0.74
0.724
0.696
0.672
0.7
0.852
0.944
0.856
0.752
0.704
0.712
0.764
0.848
0.744
0.74
0.792
0.788
0.752
0.744
0.764
0.828
0.8
0.748
0.712
0.724
0.808
0.92
0.852
0.772
0.72
0.724
0.748
0.764
0.752
0.72
0.704
0.744
0.996
0.848
0.744
0.736
0.756
0.752
0.732
0.736
0.756
0.736
0.728
0.764
0.76
0.784
0.732
0.716
0.716
0.744
0.768
0.728
0.764
0.736
0.704
0.716
0.776
0.82
0.748
0.74
0.784
0.816
0.764
0.792
0.836
0.808
0.736
0.78
0.784
0.764
0.72
0.752
0.812
0.872
0.792
0.74
0.796
0.836
0.864
0.76
0.752
0.776
0.8
0.748
0.696
0.668
0.708
0.7400217
0.968
0.852
0.728
0.752
0.888
0.896
0.824
0.88
0.832
0.768
0.804
0.916
0.788
0.768
0.864
0.88
0.776
0.72
0.776
0.888
0.864
0.784
0.864
0.908
0.88
0.804
0.848
0.896
0.888
0.82
0.804
0.912
0.908
0.784
0.76
0.876
0.944
0.828
0.768
0.832
0.876
0.824
0.784
0.732
0.696
0.724
1.08
0.924
0.892
0.836
0.812
0.728
0.676
0.648
0.64
0.64
0.7
0.82
0.744
0.716
0.728
0.78
0.696
0.656
0.644
0.636
0.652
0.752
0.84
0.796
0.788
0.716
0.744
0.68
0.668
0.7
0.696
0.716
0.964
0.864
0.776
0.816
0.8
0.772
0.716
0.696
0.744
0.8
0.72
0.716
0.744
0.824
0.868
0.844
0.744
0.732
0.716
0.672
0.64
0.628
0.632
0.692
1.112
0.976
0.96
0.908
0.78
0.788
0.856
0.832
0.78
0.852
1.032
0.82
0.748
0.784
0.892
0.832
0.756
0.788
0.84
0.876
0.78
0.784
0.832
0.916
0.872
0.796
0.792
0.788
0.748
0.82
0.992
0.94
0.888
0.796
0.716
0.752
1.072
0.908
0.88
0.86
0.848
0.868
0.828
0.76
0.784
0.836
0.9
0.82
0.812
0.752
0.716
0.712
0.756
0.928
0.884
0.856
0.74
0.736
0.748
0.844
0.768
0.736
0.78
0.924
0.876
0.824
0.76
0.728
0.708
0.776
0.952
0.8
0.724
0.724
0.74
0.816
0.796
0.736
0.764
0.804
0.804
0.784
0.824
0.836
0.756
0.8
0.848
0.804
0.732
0.712
0.736
0.788
0.892
0.772
0.8
0.8
0.732
0.732
0.76
0.828
0.78
0.728
0.704
0.716
0.768
0.82
0.736
0.756
0.768
0.796
0.76
0.716
0.716
0.752
0.816
0.804
0.76
0.764
0.76
0.76
0.724
0.716
0.688
0.732
0.844
0.868
0.832
0.784
0.764
0.76
0.772
0.76
0.744
0.824
0.868
0.82
0.756
0.792
0.816
0.824
0.728
0.676
0.708
0.896
0.844
0.772
0.792
0.872
0.756
0.72
0.76
0.796
0.78
0.748
0.776
0.824
0.848
0.744
0.752
0.768
0.756
0.716
0.744
0.788
0.78
0.74
0.716
0.792
0.912
0.816
0.776
0.78
0.804
0.78
0.764
0.736
0.76
0.796
0.772
0.804
0.832
0.764
0.768
0.808
0.812
0.728
0.788
0.8
0.756
0.792
0.78
0.76
0.732
0.76
0.796
0.848
0.816
0.844
0.8
0.768
0.832
0.832
0.776
0.752
0.784
0.808
0.764
0.776
0.824
0.788
0.74
0.772
0.812
0.784
0.72
0.712
0.744
0.976
0.76
0.712
0.756
0.836
0.788
0.768
0.752
0.744
0.784
0.864
0.816
0.736
0.788
0.832
0.872
0.748
0.772
0.816
0.768
0.728
0.776
0.864
0.772
0.74
0.752
0.836
0.788
0.736
0.764
0.824
0.92
0.784
0.76
0.784
0.78
0.732
0.748
0.764
0.76
0.708
0.716
0.732
0.72
0.708
0.756
0.804
0.816
0.748
0.784
0.82
0.752
0.76
0.764
0.776
0.732
0.692
0.736
0.876
0.92
0.8
0.82
0.8
0.736
0.752
0.828
0.824
0.752
0.76
0.764
0.772
0.744
0.752
0.8
0.828
0.76
0.756
0.776
0.82
0.8
0.724
0.72
0.764
0.86
0.776
0.7
0.688
0.72
0.692
0.66
0.668
0.668
0.732
0.868
0.864
0.772
0.76
0.776
0.724
0.676
0.652
0.648
0.748
1.132
0.984
0.928
0.808
0.728
0.764
1.088
0.788
0.74
0.8
0.904
0.788
0.74
0.808
0.944
0.904
0.836
0.848
0.816
0.78
0.748
0.784
0.8
0.784
0.808
0.772
0.712
0.744
0.832
0.876
0.776
0.8
0.816
0.816
0.792
0.724
0.736
0.82
0.836
0.764
0.716
0.772
0.836
0.76
0.724
0.76
0.76
0.748
0.788
0.832
0.768
0.712
0.732
0.796
0.784
0.728
0.76
0.836
0.772
0.736
0.752
0.844
0.76
0.748
0.808
0.888
0.808
0.816
0.82
0.768
0.74
0.74
0.892
0.952
0.92
0.84
0.832
0.844
0.836
0.788
0.72
0.772
0.896
0.888
0.868
0.9
0.908
0.776
0.72
0.748
0.828
0.776
0.78
0.848
0.848
0.768
0.796
0.864
0.772
0.772
0.78
0.828
0.792
0.844
0.8
0.808
0.9
0.956
0.9
0.88
0.796
0.748
0.796
0.828
0.856
0.792
0.796
0.884
0.868
0.86
0.792
0.82
0.868
0.888
0.788
0.76
0.792
0.848
0.816
0.756
0.776
0.816
0.892
0.816
0.788
0.832
0.84
0.752
0.736
0.768
0.832
0.792
0.744
0.708
0.784
0.964
0.784
0.74
0.752
0.788
0.768
0.768
0.8
0.748
0.744
0.756
0.764
0.74
0.756
0.76
0.764
0.752
0.732
0.756
0.768
0.736
0.724
0.796
0.832
0.816
0.76
0.776
0.792
0.812
0.728
0.736
0.812
0.872
0.772
0.776
0.792
0.772
0.74
0.748
0.78
0.832
0.768
0.752
0.812
0.816
0.784
0.776
0.776
0.808
0.772
0.82
0.872
0.852
0.776
0.796
0.796
0.772
0.74
0.776
0.812
0.824
0.74
0.688
0.704
0.884
0.868
0.78
0.788
0.852
0.776
0.72
0.728
0.78
0.864
0.804
0.788
0.8
0.804
0.768
0.804
0.852
0.832
0.808
0.816
0.8
0.78
0.836
0.876
0.776
0.76
0.78
0.832
0.752
0.732
0.756
0.772
0.776
0.748
0.78
0.824
0.816
0.768
0.804
0.86
0.804
0.768
0.76
0.8
0.8
0.744
0.752
0.752
0.768
0.72
0.676
0.68
0.748
0.852
0.764
0.78
0.804
0.812
0.76
0.76
0.768
0.744
0.728
0.76
0.756
0.76
0.736
0.712
0.764
0.844
0.772
0.756
0.784
0.816
0.748
0.76
0.78
0.82
0.744
0.764
0.8
0.824
0.772
0.788
0.832
0.832
0.78
0.768
0.792
0.792
0.74
0.744
0.772
0.936
0.78
0.736
0.768
0.896
0.796
0.752
0.784
0.832
0.852
0.76
0.736
0.788
0.84
0.78
0.732
0.772
0.836
0.864
0.772
0.76
0.82
0.832
0.772
0.72
0.752
1.072
0.912
0.796
0.732
0.78
0.892
0.804
0.764
0.908
1.008
0.872
0.76
0.82
0.908
0.792
0.752
0.788
0.916
0.792
0.764
0.912
0.864
0.78
0.824
0.88
0.776
0.8
0.804
0.796
0.736
0.772
0.84
0.784
0.784
0.768
0.76
0.78
0.804
0.708
0.672
0.676
0.768
0.812
0.784
0.832
0.82
0.768
0.764
0.8
0.768
0.756
0.788
0.792
0.748
0.764
0.776
0.756
0.716
0.704
0.736
0.776
0.724
0.744
0.764
0.764
0.716
0.656
0.632
0.636
0.74
0.896
0.7
0.66
0.668
0.648
0.664
0.708
0.712
0.68
0.724
0.784
0.732
0.7
0.712
0.68
0.676
0.688
0.716
0.696
0.688
0.7
0.708
0.692
0.696
0.708
0.716
0.696
0.676
0.716
0.8
0.74
0.712
0.736
0.768
0.76
0.712
0.748
0.788
0.736
0.676
0.688
0.708
0.808
0.808
0.764
0.72
0.736
0.744
0.78
0.7
0.668
0.66
0.656
0.716
1
0.804
0.732
0.808
0.84
0.784
0.744
0.856
0.924
0.796
0.724
0.716
0.692
0.7884082
0.68
0.816
0.896
0.896
0.876
0.812
0.78
0.848
0.896
0.88
0.772
0.712
0.748
0.904
0.796
0.812
0.884
0.804
0.76
0.796
0.844
0.796
0.768
0.852
0.86
0.76
0.736
0.816
0.928
0.836
0.764
0.808
0.892
0.888
0.848
0.756
0.792
0.868
0.808
0.744
0.812
0.996
0.9
0.772
0.78
0.852
0.944
0.832
0.876
0.884
0.796
0.816
0.808
0.772
0.74
0.808
1.016
0.788
0.752
0.84
0.872
0.788
0.832
0.864
0.824
0.76
0.788
0.872
0.872
0.776
0.84
0.824
0.76
0.792
0.88
0.88
0.772
0.784
0.816
0.812
0.776
0.9
0.948
0.844
0.812
0.82
0.792
0.732
0.728
0.764
0.808
0.776
0.8
0.844
0.832
0.776
0.752
0.804
0.82
0.76
0.768
0.796
0.804
0.752
0.732
0.796
1.044
0.868
0.748
0.852
1.044
0.904
0.844
1.004
0.94
0.804
0.864
0.992
0.844
0.776
1.12
0.988
0.86
0.912
0.856
0.912
0.772
0.732
0.832
1.072
0.844
0.832
0.824
0.78
0.74
0.776
0.848
0.832
0.82
0.936
0.932
0.86
0.904
0.88
0.812
0.892
1.02
0.92
0.844
0.924
0.98
0.9
0.872
0.912
0.86
0.784
0.744
1.172
0.968
0.872
0.896
0.884
0.824
0.76
0.8
0.96
0.832
0.752
0.792
0.94
0.872
0.784
0.8
0.94
0.808
0.732
0.752
0.848
0.884
0.764
0.804
0.936
0.872
0.752
0.712
0.676
0.704
1.036
0.788
0.856
0.892
0.776
0.776
0.82
0.828
0.772
0.864
0.992
0.876
0.808
0.824
0.892
0.816
0.852
0.9
0.828
0.776
0.78
0.792
0.784
0.728
0.756
0.88
0.8
0.8
0.804
0.792
0.708
0.7
0.796
0.948
0.764
0.764
0.784
0.724
0.696
0.744
0.792
0.752
0.776
0.808
0.852
0.796
0.84
0.892
0.788
0.832
0.904
0.884
0.852
0.84
0.824
0.768
0.78
0.836
0.848
0.764
0.72
0.772
0.964
0.828
0.808
0.828
0.844
0.788
0.796
0.804
0.784
0.756
0.788
0.84
0.82
0.792
0.804
0.832
0.752
0.712
0.772
0.812
0.796
0.728
0.744
0.76
0.764
0.72
0.776
0.82
0.788
0.768
0.804
0.772
0.7
0.668
0.668
1.116
0.976
0.9
0.8
0.74
0.8
1.012
0.856
0.788
0.876
0.888
0.8
0.72
0.764
1.124
0.924
0.828
0.82
0.98
0.872
0.796
0.844
0.948
0.84
0.756
0.788
0.98
0.86
0.84
0.868
0.86
0.78
0.804
0.892
0.836
0.756
0.8
0.904
0.828
0.752
0.844
0.98
0.908
0.8
0.8
0.772
0.724
0.68
0.648
0.636
0.624
0.66
1.12
0.92
0.844
0.776
0.848
0.904
0.88
0.784
0.804
0.876
0.904
0.856
0.852
0.912
0.888
0.836
0.84
0.82
0.824
0.808
0.884
0.928
0.78
0.872
0.956
0.86
0.844
0.876
0.876
0.78
0.8
0.884
0.872
0.78
0.872
0.944
0.844
0.868
0.916
0.848
0.804
0.852
0.892
0.792
0.82
0.88
0.828
0.772
0.884
1.008
0.896
0.852
0.904
0.896
0.82
0.784
0.872
0.936
0.796
0.788
0.844
0.876
0.828
0.9
0.96
0.912
0.804
0.82
0.86
0.9
0.82
0.844
0.856
0.756
0.74
0.856
0.936
0.78
0.764
0.828
0.972
0.804
0.78
0.812
0.864
0.796
0.816
0.888
0.864
0.76
0.748
0.792
0.928
0.816
0.832
0.844
0.784
0.72
0.736
0.812
0.808
0.768
0.828
0.908
0.796
0.812
0.812
0.812
0.768
0.848
0.852
0.8
0.736
0.696
0.732
1.14
0.936
0.824
0.916
0.976
0.844
0.78
0.824
0.956
0.84
0.812
0.86
0.832
0.764
0.772
1.1
0.916
0.824
0.788
0.792
0.78
0.736
0.788
0.892
0.92
0.848
0.892
0.82
0.804
0.86
0.972
0.86
0.856
0.824
0.82
0.768
0.816
0.876
0.84
0.772
0.824
0.968
0.828
0.828
1.004
0.976
0.852
0.908
1
0.86
0.816
0.924
1.032
0.884
0.82
0.88
0.864
0.776
0.828
1.132
0.88
0.804
0.808
0.828
0.788
0.856
0.888
0.82
0.768
0.824
0.864
0.812
0.728
0.784
0.84
0.8
0.744
0.816
0.82
0.756
0.716
0.764
0.82
0.796
0.716
0.736
0.752
0.724
0.708
0.732
0.764
0.796
0.788
0.804
0.888
0.816
0.76
0.748
0.7
0.668
0.644
0.628
0.644
1.056
0.776
0.808
0.744
0.696
0.672
0.676
1.16
0.988
0.936
0.916
0.796
0.824
0.864
0.828
0.768
0.78
1
0.928
0.86
0.768
0.876
0.984
0.784
0.8
0.832
0.86
0.928
0.82
0.776
0.8
0.928
0.796
0.872
0.928
0.84
0.776
0.824
0.88
0.86
0.78
0.808
0.876
0.856
0.76
0.788
0.876
0.856
0.78
0.828
0.884
0.856
0.78
0.808
0.836
0.86
0.812
0.796
0.812
0.768
0.696
0.696
0.868
1.128
0.892
0.804
0.892
0.94
0.816
0.82
0.904
0.824
0.804
0.9
0.9
0.788
0.784
0.98
0.868
0.784
0.748
0.9
0.924
0.848
0.84
0.912
0.892
0.836
0.888
0.936
0.888
0.848
0.884
0.852
0.78
0.864
0.888
0.8
0.788
0.876
0.904
0.804
0.904
0.932
0.92
0.8
0.9
0.92
0.884
0.812
0.844
0.82
0.764
0.728
0.704
0.9513952
0.996
0.904
0.824
0.916
1.004
0.944
0.848
0.836
0.928
0.924
0.956
0.876
0.812
0.916
0.984
0.844
0.808
0.956
1.02
0.88
0.94
0.98
0.964
0.928
0.876
0.808
0.888
1.012
0.896
0.892
0.948
0.908
0.8
0.84
0.932
0.908
0.82
0.852
0.92
0.832
0.768
0.836
0.896
0.9
0.792
0.744
0.82
0.892
0.824
0.784
0.82
0.868
0.792
0.788
0.82
0.844
0.788
0.744
0.764
0.828
0.864
0.78
0.788
0.836
0.88
0.764
0.752
0.804
0.82
0.748
0.788
0.888
0.852
0.796
0.884
0.892
0.82
0.848
0.908
0.82
0.796
0.84
0.86
0.788
0.832
0.9
0.892
0.792
0.844
0.876
0.84
0.804
0.884
0.836
0.808
0.828
1.052
0.932
0.824
0.84
0.9
0.812
0.8
0.852
0.936
0.824
0.756
0.836
1.06
0.892
0.876
0.948
0.832
0.764
0.788
0.776
0.8
0.756
0.696
0.708
0.696
0.716
0.812
0.904
0.76
0.764
0.772
0.772
0.748
0.816
0.884
0.78
0.84
0.868
0.824
0.788
0.864
0.916
0.864
0.824
0.92
0.864
0.796
0.816
0.8
0.748
0.756
0.728
0.708
0.712
0.732
0.68
0.668
0.708
0.856
0.92
0.772
0.856
0.932
0.768
0.756
0.792
0.948
0.864
0.92
0.88
0.816
0.816
0.984
0.948
0.852
1.016
0.976
0.828
0.856
0.956
0.9
0.836
0.932
0.96
0.832
0.828
0.88
0.824
0.784
0.868
0.884
0.812
0.86
0.944
0.884
0.78
0.812
1.076
0.932
0.808
0.896
0.936
0.844
0.824
0.9
0.932
0.832
0.804
0.88
0.896
0.816
0.852
0.896
0.796
0.744
0.792
0.968
0.828
0.756
0.792
0.864
0.788
0.74
0.768
0.892
0.812
0.76
0.792
0.868
0.828
0.748
0.796
0.828
0.78
0.784
0.844
0.896
0.792
0.8
0.912
0.856
0.76
0.78
0.82
0.836
0.772
0.768
0.872
0.836
0.76
0.796
0.812
0.788
0.8
0.844
0.892
0.792
0.772
0.74
0.752
0.74
0.752
0.728
0.696
0.688
0.688
0.668
0.732
0.772
0.712
0.708
0.732
0.776
0.752
0.776
0.82
0.804
0.752
0.764
0.792
0.768
0.736
0.756
0.836
0.804
0.74
0.756
0.812
0.828
0.768
0.804
0.864
0.804
0.74
0.76
0.848
0.848
0.768
0.82
0.884
0.792
0.784
0.804
0.824
0.76
0.812
0.868
0.832
0.844
0.92
0.856
0.756
0.776
0.832
0.912
0.828
0.94
1.004
0.856
0.884
0.9
0.796
0.844
1.016
0.952
0.82
1.012
1.02
0.908
0.928
0.992
0.904
0.948
0.976
0.836
0.888
0.996
0.892
0.904
0.992
0.864
0.868
0.98
0.928
0.832
0.896
0.952
0.86
0.796
0.92
0.98
0.86
0.784
0.848
0.856
0.792
0.84
0.932
0.816
0.76
0.824
0.944
0.84
0.784
0.868
0.912
0.824
0.82
0.924
0.908
0.784
0.784
0.852
0.852
0.752
0.768
0.872
0.792
0.724
0.708
0.692
0.708
0.752
0.688
0.652
0.664
0.664
0.7
0.7
0.704
0.744
0.736
0.724
0.704
0.74
0.804
0.808
0.732
0.756
0.836
0.94
0.824
0.82
0.856
0.836
0.772
0.772
1.076
0.86
0.76
0.852
0.992
0.868
0.844
1.048
0.964
0.848
0.792
0.864
0.848
0.784
0.912
0.956
0.828
0.768
0.872
0.952
0.792
0.748
0.816
0.956
0.868
0.86
0.968
0.968
0.812
0.836
0.9
0.832
0.792
0.88
0.96
0.844
0.792
0.864
0.912
0.804
0.8
0.884
0.912
0.8
0.828
0.88
0.844
0.78
0.868
0.9
0.824
0.776
0.816
0.852
0.876
0.764
0.768
0.828
0.844
0.764
0.74
0.804
0.916
0.808
0.808
0.944
0.904
0.852
0.872
0.936
0.884
0.844
0.868
0.872
0.784
0.72
0.76
1.112
0.916
0.832
0.856
0.844
0.804
0.736
0.764
0.828
0.9
0.792
0.836
0.992
0.856
0.764
0.792
0.848
0.816
0.776
0.776
0.804
0.784
0.744
0.776
0.8
0.824
0.764
0.74
0.752
0.792
0.752
0.72
0.772
0.88
0.828
0.768
0.836
0.924
0.808
0.792
0.852
0.86
0.796
0.812
0.86
0.824
0.776
0.8
0.872
0.912
0.8
0.744
0.884
1.076
0.9
0.844
0.904
0.864
0.792
0.852
0.94
0.832
0.816
0.904
0.88
0.824
0.748
0.796
1.036
0.944
0.812
0.816
0.86
0.812
0.876
0.948
0.824
0.844
0.94
0.916
0.8
0.836
0.88
0.864
0.792
0.864
0.988
0.82
0.78
0.816
0.884
0.82
0.86
0.848
0.868
0.808
0.836
0.836
0.804
0.764
0.784
0.844
0.852
0.776
0.808
0.836
0.788
0.764
0.844
0.88
0.808
0.8
0.88
0.876
0.812
0.808
0.828
0.764
0.74
0.784
0.892
0.776
0.732
0.78
0.98
0.84
0.844
0.964
0.868
0.82
0.824
0.86
0.856
0.772
0.804
0.908
0.84
0.748
0.684
0.684
0.752
1.136
0.948
0.796
0.732
0.82
0.928
0.824
0.76
0.78
0.84
0.812
0.776
0.812
0.872
0.868
0.816
0.808
0.848
0.864
0.812
0.8
0.86
0.764
0.72
0.7
0.684
0.728
0.768
0.748
0.832
0.936
0.856
0.768
0.78
0.844
0.824
0.76
0.824
0.8
0.772
0.816
0.872
0.784
0.768
0.828
0.912
0.848
0.796
0.848
0.892
0.804
0.852
0.876
0.904
0.82
0.796
0.84
0.84
0.784
0.804
0.856
0.92
0.828
0.848
0.876
0.84
0.812
0.868
0.908
0.86
0.9
0.872
0.864
0.8
0.792
0.904
0.964
0.884
0.82
0.872
0.852
0.804
0.796
0.88
0.96
0.812
0.804
0.9
0.912
0.824
0.836
1.02
0.976
0.86
0.912
0.932
0.824
0.768
0.804
0.96
0.852
0.756
0.736
0.82
1.08
0.844
0.832
0.944
0.9
0.792
0.816
0.832
0.86
0.844
0.788
0.872
0.912
0.8
0.8
0.992
0.928
0.816
0.856
0.932
0.86
0.796
0.888
0.876
0.844
0.856
0.964
0.872
0.796
0.86
0.9
0.804
0.772
0.836
0.876
0.836
0.74
0.848
0.96
0.828
0.804
0.948
0.86
0.788
0.804
0.84
0.848
0.804
0.868
0.92
0.824
0.796
0.852
0.924
0.844
0.808
0.872
0.908
0.804
0.832
0.944
0.912
0.816
0.772
0.84
0.884
0.784
0.74
0.812
0.956
0.848
0.78
0.836
0.796
0.752
0.708
0.764
1
0.836
0.776
0.9
0.976
0.888
0.828
0.86
0.848
0.8
0.78
0.828
0.86
0.808
0.808
0.844
0.9
0.836
0.764
0.776
0.828
0.852
0.792
0.776
0.816
0.916
0.86
0.772
0.796
0.86
0.824
0.808
0.82
0.792
0.736
0.812
0.92
0.828
0.82
0.86
0.808
0.744
0.732
0.768
0.896
0.796
0.776
0.808
0.876
0.804
0.8
0.88
0.856
0.84
0.784
0.808
0.836
0.768
0.744
0.82
0.948
0.788
0.816
0.908
0.872
0.8
0.844
0.868
0.784
0.772
0.816
0.908
0.824
0.86
0.86
0.784
0.732
0.732
0.836
0.948
0.84
0.872
0.896
0.82
0.776
0.828
0.86
0.8
0.772
0.816
0.912
0.852
0.852
0.86
0.816
0.756
0.8
0.884
0.848
0.772
0.736
0.784
0.884
0.824
0.756
0.792
0.876
0.852
0.764
0.724
0.76
0.8
0.78
0.756
0.812
0.912
0.812
0.796
0.8
0.772
0.724
0.752
0.836
0.864
0.784
0.784
0.84
0.888
0.772
0.704
0.72
0.856
0.868
0.764
0.784
0.824
0.86
0.756
0.72
0.772
0.904
0.82
0.728
0.712
0.752
0.78
0.776
0.708
0.728
0.888
0.904
0.78
0.772
0.812
0.86
0.792
0.804
0.852
0.952
0.896
0.78
0.788
0.812
0.788
0.8
0.904
0.98
0.836
0.744
0.736
0.88
0.92
0.792
0.816
0.844
0.932
0.852
0.768
0.784
0.816
0.852
0.796
0.796
0.868
0.816
0.816
0.872
0.928
0.784
0.796
0.92
0.928
0.82
0.844
0.848
0.792
0.772
0.88
0.86
0.82
0.84
0.952
0.908
0.792
0.812
0.82
0.792
0.752
0.856
1.14
1.004
0.8
0.724
0.776
0.96
0.828
0.852
1.068
0.86
0.852
0.94
0.884
0.816
0.928
0.944
0.848
0.828
0.932
0.94
0.832
0.892
1.012
0.9
0.872
0.92
0.896
0.788
0.8
0.904
1.116
0.872
0.832
0.904
0.916
0.812
0.812
0.888
0.88
0.792
0.796
0.944
0.94
0.812
0.832
0.864
0.808
0.8
0.848
0.832
0.824
0.864
0.84
0.836
0.852
0.924
0.916
0.82
0.788
0.912
0.936
0.848
0.8
0.896
0.908
0.82
0.82
0.904
0.84
0.784
0.804
0.872
0.804
0.748
0.752
0.792
0.856
0.788
0.732
0.784
0.936
0.832
0.804
0.88
0.888
0.824
0.748
0.768
0.816
0.812
0.792
0.856
0.892
0.804
0.7
0.712
1.156
0.904
0.908
1.008
0.836
0.784
0.832
0.856
0.788
0.816
0.92
0.972
0.832
0.776
0.788
0.94
0.9
0.816
0.848
0.844
0.764
0.708
0.672
0.672
0.8263792
0.952
0.86
0.796
0.78
0.844
0.856
0.792
0.816
0.864
0.824
0.78
0.768
0.788
0.748
0.712
0.676
0.668
0.728
0.684
0.66
0.652
0.648
0.66
0.72
0.772
0.724
0.76
0.796
0.824
0.748
0.732
0.78
0.812
0.832
0.752
0.74
0.756
0.76
0.74
0.704
0.668
0.684
0.884
0.976
0.884
0.756
0.712
0.76
0.924
0.8
0.72
0.76
0.78
0.716
0.684
0.664
0.712
0.944
0.808
0.692
0.668
0.732
0.812
0.824
0.756
0.796
0.796
0.76
0.724
0.708
0.68
0.656
0.644
0.644
0.652
0.664
0.712
0.676
0.676
0.676
0.712
0.692
0.684
0.692
0.7
0.696
0.668
0.676
0.672
0.672
0.668
0.664
0.664
0.684
0.732
0.74
0.708
0.712
0.744
0.796
0.744
0.708
0.708
0.732
0.748
0.708
0.716
0.74
0.78
0.72
0.724
0.772
0.728
0.692
0.692
0.696
0.748
0.756
0.708
0.7
0.68
0.652
0.636
0.64
0.652
0.7
0.672
0.676
0.756
0.932
0.824
0.744
0.792
0.852
0.792
0.744
0.852
1.008
0.908
0.784
0.768
0.8
0.96
0.824
0.788
0.888
1.016
0.848
0.932
1.016
0.792
0.752
0.744
0.752
0.732
0.728
0.808
0.936
0.804
0.764
0.796
0.848
0.86
0.776
0.784
0.852
0.952
0.9
0.796
0.808
0.884
0.784
0.732
0.784
1.12
0.916
0.836
0.84
0.812
0.784
0.78
0.816
0.848
0.788
0.756
0.708
0.7
0.684
0.656
0.66
0.676
0.74
0.748
0.732
0.78
0.888
0.82
0.728
0.764
0.896
0.884
0.812
0.804
0.84
0.904
0.832
0.78
0.816
0.86
0.78
0.82
1.128
0.964
0.844
0.832
0.8
0.828
0.772
0.828
1.116
0.94
0.844
0.832
0.868
0.804
0.776
0.9
0.972
0.804
0.772
0.872
1.024
0.84
0.908
0.936
0.88
0.82
0.832
0.896
0.816
0.792
0.944
0.972
0.808
0.836
0.892
0.88
0.792
0.872
0.924
0.864
0.788
0.824
0.896
0.82
0.816
0.916
0.908
0.824
0.844
0.86
0.864
0.816
0.748
0.768
0.872
0.904
0.776
0.82
0.888
0.896
0.832
0.84
0.828
0.828
0.76
0.78
0.888
0.96
0.86
0.768
0.792
0.868
0.784
0.764
0.828
0.88
0.828
0.776
0.792
0.864
0.856
0.864
0.872
0.896
0.856
0.824
0.856
0.904
0.812
0.736
0.716
0.76
1.132
0.912
0.908
0.968
0.948
0.912
0.8
0.776
0.776
0.9
0.848
0.868
1.004
0.936
0.848
0.836
0.9
0.92
0.832
0.924
0.944
0.896
0.772
0.816
0.92
0.908
0.832
0.936
0.94
0.836
0.768
0.892
1.028
0.856
0.84
0.912
0.808
0.816
0.88
0.908
0.816
0.824
0.816
0.748
0.748
0.784
1.028
0.808
0.82
1.004
0.892
0.768
0.756
0.812
0.82
0.74
0.796
1.108
1.008
0.892
0.892
0.868
0.772
0.804
1.152
0.896
0.904
0.98
0.932
0.832
0.864
0.872
0.824
0.776
0.824
0.888
0.8
0.708
0.716
0.8448148
0.984
0.892
0.88
0.84
0.784
0.776
0.788
0.896
0.832
0.868
0.896
0.844
0.784
0.708
0.68
0.684
0.668
0.692
0.728
0.688
0.648
0.66
0.644
0.652
0.672
0.66
0.632
0.62
0.7
1.1
0.952
0.916
0.836
0.74
0.76
0.808
0.856
0.788
0.856
1.056
0.92
0.852
0.876
0.852
1.012
0.888
0.86
0.828
0.816
0.976
1.024
0.868
0.928
0.912
0.864
0.804
0.82
0.888
0.896
0.784
0.828
0.844
0.856
0.832
0.872
0.892
0.812
0.804
0.86
0.84
0.792
0.78
0.856
0.904
0.792
0.812
0.884
0.924
0.804
0.836
0.94
0.92
0.836
0.88
0.92
0.816
0.828
0.98
0.944
0.78
0.784
0.816
0.88
0.824
0.84
0.932
0.944
0.848
0.872
0.884
0.812
0.8
0.992
1.036
0.888
0.916
0.932
0.836
0.804
0.892
1.092
0.9
0.948
0.948
0.888
0.912
0.908
0.856
0.892
0.996
0.84
0.864
0.872
0.892
0.796
0.86
0.9
0.82
0.808
0.896
0.868
0.788
0.764
0.788
0.848
0.848
0.776
0.776
0.828
0.98
0.884
0.844
0.88
0.868
0.776
0.748
0.82
0.984
0.836
0.8
0.88
0.996
0.812
0.82
0.96
0.928
0.792
0.8
0.892
0.896
0.828
0.844
0.9
0.892
0.828
0.996
0.964
0.844
0.864
0.932
0.872
0.812
0.896
0.888
0.836
0.808
0.82
0.752
0.696
0.676
0.696
0.82
1.128
0.88
0.908
0.956
0.864
0.768
0.808
0.956
0.808
0.752
0.796
0.896
0.816
0.816
0.94
0.928
0.8
0.896
0.968
0.832
0.788
0.836
0.988
0.876
0.836
0.82
0.788
0.832
1.148
0.956
0.892
0.96
0.968
0.888
0.908
0.932
0.888
0.9
0.916
0.948
0.84
0.852
1.044
0.984
0.884
0.92
0.916
0.84
0.876
0.912
0.88
0.82
0.896
0.972
0.868
0.892
0.896
0.836
0.788
0.812
0.884
0.836
0.8
0.852
0.888
0.832
0.776
0.796
0.848
0.924
0.812
0.856
0.88
0.824
0.764
0.788
1.032
0.884
0.808
0.82
1.112
0.864
0.796
0.86
0.996
0.852
0.888
1.052
1
0.936
0.936
0.888
0.764
0.76
0.82
0.9
0.844
0.872
0.996
0.828
0.844
0.964
0.88
0.784
0.796
0.836
0.832
0.812
0.836
0.864
0.768
0.724
0.736
0.844
0.848
0.772
0.82
0.964
0.8
0.764
0.78
0.88
0.876
0.788
0.796
0.824
0.804
0.788
0.824
0.908
0.82
0.8
0.844
0.816
0.768
0.768
0.828
0.908
0.82
0.78
0.804
0.832
0.792
0.772
0.796
0.928
0.936
0.812
0.804
0.864
0.764
0.716
0.696
0.744
0.876
0.844
0.812
0.896
0.956
0.904
0.86
0.78
0.768
0.804
1.068
0.836
0.776
0.852
0.908
0.76
0.712
0.708
0.876
1.084
0.844
0.768
0.756
0.792
0.768
0.788
1.08
0.84
0.736
0.72
0.872
0.816
0.724
0.752
0.78
0.748
0.784
0.828
0.744
0.72
0.692
0.704
0.744
0.744
0.82
0.892
0.832
0.788
0.824
0.844
0.8
0.752
0.8
0.844
0.816
0.776
0.74
0.848
0.992
0.8
0.744
0.852
1.1
0.84
0.74
0.736
1.196
0.972
0.864
0.78
0.8
1.196
0.944
0.828
0.872
0.88
0.832
0.896
0.964
0.82
0.876
0.932
0.92
0.8
0.816
0.964
0.98
0.844
0.864
0.944
0.832
0.82
1.164
0.856
0.82
0.892
1.008
0.936
0.948
0.896
0.756
0.716
0.82
0.9832759
0.956
0.832
0.976
1.012
0.896
0.9
0.936
0.88
0.852
0.8
0.756
0.812
0.948
0.844
0.748
0.94
1.152
0.968
0.868
0.856
0.856
0.84
0.756
0.724
0.764
0.908
0.904
0.808
0.872
0.932
0.844
0.784
0.796
0.816
0.856
0.78
0.808
0.848
0.836
0.788
0.84
0.96
0.932
0.864
0.804
0.832
0.856
0.86
0.836
0.892
1.048
0.912
0.82
0.812
0.904
0.848
0.8
0.864
0.876
0.852
0.804
0.844
0.888
0.844
0.78
0.788
0.852
0.916
0.784
0.728
0.804
1.144
0.872
0.76
0.784
0.856
0.844
0.784
0.836
1.156
0.856
0.74
0.696
0.692
0.728
0.788
0.792
0.776
0.712
0.692
0.712
0.768
1.068
0.892
0.856
1.004
0.94
0.832
0.856
0.916
0.904
0.816
0.812
1.144
0.952
0.86
0.864
1.024
0.996
0.956
0.984
1.02
0.96
0.96
0.916
0.88
0.916
1.016
0.98
0.9
0.896
0.804
0.836
1.04
0.872
0.78
0.82
0.892
0.796
0.792
0.968
0.916
0.796
0.848
0.856
0.776
0.732
0.748
0.816
0.776
0.756
0.808
0.876
0.824
0.764
0.832
1.012
0.852
0.82
0.848
0.86
0.716
0.704
0.728
0.808
0.872
0.86
0.86
0.816
0.748
0.796
1.08
0.94
0.892
0.876
0.8
0.76
0.768
0.816
0.784
0.784
0.856
0.944
0.832
0.852
0.88
0.844
0.764
0.768
0.792
0.812
0.768
0.76
0.78
0.856
0.784
0.768
0.804
0.856
0.776
0.732
0.772
0.92
0.92
0.868
0.848
0.82
0.776
0.836
0.996
0.904
0.792
0.816
0.892
0.88
0.804
0.992
0.956
0.856
0.82
0.88
0.844
0.784
0.744
0.828
1.128
0.872
0.924
1.04
0.88
0.824
0.888
1.02
0.952
0.972
0.852
0.8
0.884
1.172
0.876
0.884
0.912
0.864
0.9
1.108
0.98
0.896
0.928
0.932
0.804
0.792
0.844
1
0.868
0.932
1.02
0.896
0.876
0.968
0.86
0.776
0.788
0.812
0.812
0.796
1.036
1.02
0.836
0.78
0.844
0.916
0.86
0.876
0.916
0.824
0.82
0.852
0.844
0.82
0.804
0.908
0.908
0.812
0.876
0.936
0.792
0.792
0.812
0.844
0.808
0.812
1.144
0.944
0.856
0.892
0.88
0.796
0.776
0.86
0.972
0.808
0.82
0.932
0.824
0.824
0.836
0.82
0.764
0.8
0.832
0.86
0.76
0.792
0.844
0.86
0.784
0.816
0.828
0.788
0.824
0.804
0.808
0.796
0.916
0.912
0.824
0.916
0.988
0.88
0.784
0.788
0.892
0.792
0.772
0.84
1.012
0.816
0.78
0.808
0.928
0.852
0.868
0.956
0.852
0.804
0.96
0.908
0.84
0.832
0.956
0.956
0.88
1.024
0.996
0.856
0.916
0.976
0.856
0.8
0.856
0.996
0.84
0.836
0.904
0.876
0.82
0.888
0.952
0.816
0.828
0.896
0.96
0.82
0.848
0.992
0.856
0.796
0.872
1.044
0.844
0.804
0.872
0.84
0.796
0.836
0.884
0.792
0.804
1.02
0.992
0.84
0.8
0.904
1.052
0.848
0.82
0.996
0.888
0.792
0.84
0.888
0.888
0.784
0.832
0.88
0.82
0.824
0.868
0.864
0.804
0.74
0.812
1.024
0.832
0.76
0.836
0.82
0.752
0.704
0.688
0.68
0.788
0.932
0.748
0.716
0.768
0.736
0.696
0.676
0.716
1.108
0.884
0.768
0.764
0.816
0.884
0.792
0.748
0.824
0.948
0.904
0.804
0.836
0.888
0.832
0.788
0.84
0.94
0.884
0.836
0.792
0.8
0.848
0.792
0.72
0.724
0.8905849
0.992
0.864
0.772
0.856
0.964
0.828
0.788
0.904
0.984
0.824
0.748
0.76
0.792
1.06
0.848
0.876
0.988
0.956
0.916
0.904
0.856
0.884
0.896
0.908
0.86
0.852
0.82
0.876
0.932
0.868
0.788
0.772
0.896
0.98
0.88
0.824
0.824
0.86
0.796
0.844
0.888
0.844
0.848
0.924
0.904
0.836
0.852
0.848
0.856
0.82
0.84
0.984
0.916
0.804
0.752
0.796
1.176
0.952
0.852
0.88
0.816
0.832
0.92
0.876
0.764
0.792
0.912
0.916
0.828
0.9
0.916
0.872
0.792
0.848
0.936
0.82
0.796
1.072
0.932
0.812
0.828
0.944
0.904
0.792
0.816
0.884
0.904
0.88
0.9
0.952
0.824
0.788
0.832
1.036
0.94
0.828
0.788
0.976
1.036
0.856
0.896
0.964
0.904
0.828
0.784
0.924
0.996
0.82
0.82
0.988
0.852
0.788
0.852
0.868
0.812
0.788
0.876
0.964
0.816
0.78
0.876
0.976
0.808
0.804
0.848
0.88
0.796
0.756
0.808
0.964
0.828
0.812
1.036
0.988
0.884
0.936
0.98
0.956
0.86
0.876
0.936
0.868
0.864
1.196
0.988
0.88
0.848
0.908
0.86
0.808
1.012
0.988
0.844
0.812
0.756
0.716
0.704
0.744
1.092
0.82
0.852
0.848
0.824
0.812
0.86
0.852
0.776
0.804
0.844
0.82
0.796
0.836
0.848
0.82
0.824
0.86
0.872
0.832
0.892
0.956
0.872
0.8
0.804
0.796
0.764
0.708
0.676
0.688
0.744
0.692
0.716
0.704
0.684
0.684
0.72
0.78
0.804
0.74
0.7
0.728
0.768
0.776
0.756
0.764
0.784
0.744
0.692
0.648
0.648
0.664
0.644
0.624
0.62
0.636
0.828
0.696
0.832
1.012
1.008
0.936
0.916
0.988
0.872
0.78
0.908
1.072
0.868
0.84
1.004
0.904
0.824
0.896
0.968
0.796
0.828
0.868
0.784
0.776
0.836
1.1
0.88
0.78
0.816
0.916
0.908
0.792
0.78
0.944
1.08
0.956
0.924
0.884
0.888
0.92
0.88
0.832
0.852
0.872
0.876
0.892
1.008
0.972
0.904
0.792
0.816
0.86
1.004
0.824
0.772
0.844
1.204
0.936
0.84
0.884
0.916
0.844
0.88
0.92
0.88
0.844
0.812
0.816
0.784
0.852
0.956
0.908
0.84
0.86
0.904
0.864
0.844
0.86
0.896
0.86
0.784
0.828
0.848
0.768
0.728
0.704
0.712
1.136
0.896
0.796
0.732
0.692
0.676
0.712
0.72
0.716
0.94
1.02
0.872
0.756
0.792
0.86
0.824
0.728
0.704
0.712
0.912
0.976
0.768
0.736
0.724
0.78
0.756
0.732
0.728
0.712
0.772
0.836
0.776
0.768
0.764
0.78
0.748
0.752
0.784
0.832
0.796
0.848
0.932
0.936
0.832
0.848
0.848
0.848
0.856
0.872
0.844
0.876
0.94
0.936
0.928
0.916
0.88
0.82
0.876
0.884
0.828
0.82
0.928
0.992
0.892
0.804
0.82
0.876
0.876
0.776
0.928
1.096
0.856
0.776
0.828
1.148
0.904
0.828
0.908
1
0.904
0.776
0.76
0.78
1.08
0.82
0.864
1.032
0.936
0.848
0.9
0.944
0.876
0.852
0.876
0.84
0.8
0.864
0.916
0.868
0.82
0.796
0.8
0.908
0.864
0.824
0.92
1.02
0.892
0.864
0.868
0.832
0.788
0.852
1.016
0.9
0.8
0.772
0.796
0.992
0.844
0.82
0.912
0.948
0.956
0.976
0.776
0.764
0.792
0.888
0.8
0.772
1.208
1.024
0.896
0.956
0.96
0.9
0.904
0.94
0.92
0.78
0.808
0.96
0.848
0.78
0.812
0.888
0.96
0.868
1.032
1.004
0.872
0.976
0.92
0.844
0.856
0.896
0.86
0.816
0.852
0.932
0.92
0.86
1.016
0.916
0.804
0.744
0.732
0.892
1.16
0.852
0.924
0.984
0.84
0.896
0.868
0.812
0.784
0.812
0.856
0.828
0.832
0.944
0.892
0.956
1.052
0.932
0.796
0.784
0.828
0.932
0.888
0.968
1
0.936
0.944
0.936
0.88
0.896
1.152
0.968
0.864
0.768
0.732
0.772
0.7718026
0.916
0.812
0.872
0.932
0.792
0.876
1.016
0.9
0.988
0.928
0.848
0.892
0.856
0.832
0.76
0.788
0.8134709
0.928
0.864
0.948
0.908
0.832
0.984
1.016
0.876
0.864
0.94
0.832
0.82
0.952
0.92
0.848
0.856
0.836
0.812
0.868
0.804
0.724
0.728
0.744
0.74
0.7
0.656
0.64
0.66
0.68
0.988
0.832
0.724
0.704
0.74
0.804
0.768
0.796
0.924
0.796
0.724
0.76
1.164
0.932
0.776
0.776
0.956
0.912
0.852
0.964
0.98
0.916
0.912
0.844
0.88
0.9
1.108
0.952
0.8
0.788
0.84
1.156
1.024
1.048
0.98
0.932
0.98
1.004
0.948
0.932
0.888
0.82
0.76
0.756
0.812
1.184
0.912
0.872
0.996
0.832
0.796
0.796
0.78
0.748
0.704
0.716
0.68
0.696
0.7
0.704
0.724
0.728
0.76
0.744
0.716
0.72
0.712
0.692
0.672
0.652
0.684
1.108
0.892
0.832
0.776
0.792
0.884
0.824
0.932
0.844
0.756
0.724
0.768
0.8314301
1
0.916
0.876
0.916
0.832
0.784
0.936
1.06
0.932
0.892
0.928
0.904
0.816
0.872
0.868
0.848
0.872
0.876
0.824
0.892
0.92
0.9
0.844
0.872
0.88
0.856
0.816
0.908
0.904
0.848
0.864
0.98
0.86
0.792
0.84
0.92
0.836
0.86
0.916
0.904
0.82
0.788
0.872
0.892
0.824
0.848
0.872
0.896
0.832
0.868
0.948
0.82
0.78
0.94
0.924
0.812
0.776
0.864
1.1
0.852
0.924
1.04
0.904
0.812
0.768
0.768
0.836
0.996
0.884
0.956
1.012
0.896
0.832
0.92
0.932
0.788
0.696
0.664
0.68
0.9510439
1.104
1.06
0.808
0.736
0.788
1.196
0.916
0.748
0.768
1.16
0.88
0.808
0.996
1.012
0.984
0.948
0.896
0.848
0.868
0.844
0.808
0.824
0.9
0.908
0.932
0.864
0.796
0.992
0.82
0.744
0.768
0.884
0.936
0.836
0.88
0.928
0.828
0.872
0.996
0.924
0.884
0.932
0.936
0.936
0.824
0.768
0.816
1.144
0.928
0.916
0.916
0.852
0.816
0.836
0.932
0.988
0.868
0.936
1.068
0.932
0.812
0.844
0.868
0.9
0.824
0.792
1.216
0.944
0.84
0.892
1.048
0.848
0.816
0.776
0.792
0.776
0.772
0.772
0.76
0.692
0.688
0.68
0.7
0.752
0.692
0.692
0.728
0.796
0.724
0.692
0.696
0.696
0.704
0.696
0.692
0.688
0.692
0.708
0.768
0.74
0.708
0.696
0.728
0.832
0.836
0.8
0.74
0.748
0.76
0.764
0.764
0.768
0.808
0.82
0.764
0.824
0.912
0.884
0.784
0.784
0.796
0.808
0.756
0.776
0.824
0.796
0.74
0.768
0.776
0.772
0.724
0.732
0.824
0.788
0.756
0.888
0.952
0.856
0.76
0.812
0.968
0.988
0.82
0.764
0.812
0.968
0.888
0.964
1.012
0.9
0.756
0.692
0.684
0.732
1.164
0.832
0.896
1.12
1.008
1.016
1.052
1.004
0.904
0.924
0.96
0.928
0.828
0.8
0.908
0.984
0.904
1.02
0.988
0.952
0.82
0.796
0.816
0.824
0.804
0.896
0.8852515
1.02
0.94
0.968
0.928
0.816
0.916
0.92
0.948
0.928
1
0.872
0.82
0.84
0.8879016
1.076
0.952
0.82
0.74
0.772
0.8669405
0.988
0.948
1.108
1.008
1.02
0.996
0.9
0.924
0.96
0.964
0.904
0.86
0.98
0.984
0.86
0.9
1.052
0.832
0.792
0.964
0.892
0.788
0.828
0.836
0.76
0.736
0.792
0.904
0.784
0.716
0.684
0.664
0.696
1.212
1.02
0.972
0.852
0.984
1.06
0.988
0.956
0.928
0.936
0.912
0.86
0.812
0.816
0.76
0.756
0.82
0.916
0.952
0.872
1.06
1.044
1.04
0.908
0.808
0.768
0.824
1.04
0.92
0.864
0.828
0.912
1.028
0.972
0.904
0.768
0.78
0.868
1.144
0.908
1.008
1.08
0.972
0.968
0.984
0.896
0.756
0.704
0.708
0.844
0.768
1.172
0.832
0.908
1.024
0.928
1.092
0.948
0.9
1.004
1.052
0.82
0.804
0.86
1.024
0.864
0.876
0.964
0.904
1.008
0.92
0.844
0.764
0.828
1.184
0.944
0.9
0.96
1.016
0.892
0.924
0.852
0.812
0.816
0.8164166
1.056
0.888
0.776
0.772
0.844
0.86
0.752
0.7
0.712
0.852
0.716
0.696
0.716
0.752
0.796
0.764
0.736
0.752
0.712
0.724
0.72
0.744
0.744
0.716
0.728
0.752
0.792
0.764
0.712
0.728
0.736
0.732
0.708
0.684
0.692
0.72
0.724
0.7
0.744
1.152
0.916
0.868
0.856
0.856
0.788
0.82
0.86
0.836
0.776
0.816
0.88
0.868
0.848
0.948
0.9
0.856
0.844
0.824
0.832
0.748
0.72
0.724
0.76
0.76
0.792
0.86
0.856
0.772
0.804
0.824
0.808
0.756
0.776
0.78
0.832
0.796
0.816
0.86
0.784
0.736
0.752
0.744
0.728
0.724
0.744
0.712
0.724
0.736
0.752
0.74
0.736
0.764
0.752
0.716
0.728
0.752
0.816
0.76
0.784
0.868
0.828
0.768
0.824
0.824
0.856
0.788
0.836
0.828
0.812
0.78
0.868
0.96
0.888
0.784
0.804
0.82
0.828
0.84
0.948
1.008
0.856
0.792
0.808
0.872
0.812
0.824
1.092
0.928
0.82
0.848
0.948
0.856
0.852
1.124
0.932
0.912
0.964
0.948
0.876
0.932
0.928
0.844
0.816
1.096
0.904
0.808
0.864
1.004
0.864
0.804
0.912
1
0.912
0.812
0.816
0.868
0.792
0.776
0.928
0.992
0.796
0.724
0.712
0.784
0.92
0.768
0.812
1.152
0.892
0.788
1.08
0.94
0.832
0.804
0.848
0.828
0.78
0.836
1.132
0.8
0.736
0.788
1.144
0.756
0.692
0.68
0.764
0.896
0.928
0.76
0.74
0.844
0.792
0.792
0.956
0.92
0.868
0.844
0.764
0.776
0.768
0.772
0.776
0.756
0.76
0.772
0.844
0.828
0.868
0.828
0.812
0.836
0.844
0.808
0.768
0.76
0.756
0.796
0.864
0.84
0.892
0.936
0.928
0.788
0.716
0.692
0.712
1.128
0.812
0.844
1.028
1.008
0.944
0.84
0.808
0.788
0.788
0.764
0.776
0.772
0.764
0.84
0.872
0.76
0.724
0.712
0.736
0.736
0.708
0.74
0.84
0.956
0.796
0.852
0.908
0.92
0.816
0.876
0.884
0.8
0.804
0.832
0.856
0.788
0.8
0.836
0.908
0.86
0.768
0.768
0.792
0.804
0.804
0.772
0.8
0.92
0.916
0.84
0.78
0.804
0.852
0.812
0.764
0.784
0.84
0.892
0.764
0.72
0.74
0.784
0.804
0.788
0.856
0.952
0.992
0.828
0.788
0.804
0.92
0.852
0.864
0.976
0.868
0.764
0.796
0.88
0.956
0.876
0.804
0.876
0.988
0.952
0.912
0.94
1.012
0.916
0.892
0.96
0.936
0.82
0.836
0.924
0.984
0.864
0.86
0.848
0.896
0.824
0.784
0.788
0.896
0.932
0.824
0.86
0.928
0.94
0.852
0.868
0.852
0.884
0.8
0.732
0.736
0.856
1.1
0.868
0.892
1.096
0.864
0.872
0.964
0.864
0.772
0.84
0.936
0.884
0.872
1.02
1.016
0.844
0.808
0.916
0.956
0.84
0.864
1.14
0.98
0.896
0.896
0.932
0.864
0.78
0.78
1.104
0.896
0.816
0.896
1.016
0.94
0.888
0.988
1.016
0.864
0.876
0.872
0.784
0.724
0.696
0.7
0.764
0.872
0.724
0.684
0.66
0.688
0.816
1.008
0.776
0.796
0.888
0.86
0.776
0.776
0.792
0.852
0.788
0.8
1.06
1.056
0.832
0.8
0.78
0.768
0.752
0.772
0.848
0.864
0.82
0.876
1.02
0.892
0.88
0.96
0.936
0.852
0.816
0.912
0.872
0.808
0.78
0.852
0.9771437
0.996
0.892
1.064
1.068
0.972
0.92
0.944
0.968
1.008
0.9
0.78
0.828
0.948
0.956
0.92
1.18
0.948
0.944
0.96
0.916
0.892
0.968
0.992
0.888
0.884
0.964
1.056
0.836
0.78
0.968
1.012
0.84
0.744
0.736
0.896
1.124
0.8
0.808
0.904
0.9
0.78
0.828
0.86
0.82
0.756
0.768
0.816
0.864
0.8
0.804
0.792
0.728
0.692
0.696
0.74
0.992
0.844
0.804
0.8
1.152
0.928
0.856
0.776
0.756
0.78
0.832
0.8
0.816
0.852
0.896
0.816
0.812
0.768
0.76
0.716
0.736
0.756
0.804
0.744
0.768
0.772
0.804
0.732
0.696
0.676
0.656
0.644
0.632
0.624
0.612
0.616
0.62
0.66
0.684
0.696
0.7
0.696
0.692
0.668
0.648
0.64
0.624
0.612
0.612
0.612
0.612
0.628
0.672
0.656
0.656
0.696
0.828
0.752
0.724
0.776
0.836
0.768
0.756
0.804
0.812
0.764
0.776
0.78
0.816
0.752
0.76
0.912
0.96
0.832
0.848
0.84
0.796
0.78
0.916
0.956
0.816
0.752
0.836
1
0.816
0.828
0.856
0.892
0.788
0.816
0.98
0.856
0.824
0.92
0.96
0.8
0.82
0.896
0.832
0.84
0.972
0.848
0.836
0.92
0.86
0.84
0.904
0.88
0.856
1.004
0.952
0.824
0.856
0.988
0.98
0.864
0.908
0.952
0.864
0.856
0.916
0.88
0.816
0.968
0.908
0.788
0.796
1.136
0.916
0.904
0.96
0.912
0.84
0.752
0.776
1.196
0.952
0.876
0.896
0.916
0.812
0.832
0.884
0.884
1.028
0.96
0.844
0.872
0.948
0.904
0.86
1.028
0.976
0.872
0.876
1.084
0.924
0.876
0.904
0.92
0.86
0.988
1.036
0.884
0.908
0.996
0.916
0.816
0.852
0.972
0.892
0.812
0.868
0.884
0.88
0.88
0.936
0.892
0.86
1.044
0.904
0.768
0.844
0.932
0.888
0.84
0.944
0.904
0.816
0.828
0.852
0.8
0.824
0.888
0.86
0.816
0.836
0.816
0.776
0.772
0.868
1
0.916
0.864
0.984
0.908
0.796
0.76
0.776
0.824
0.936
0.828
0.956
1.116
0.94
0.936
0.908
0.808
0.764
0.76
0.796
0.872
0.796
0.8
0.972
0.868
0.86
0.964
0.884
0.804
0.856
0.992
0.848
0.848
0.852
0.852
0.804
0.824
1.032
0.932
0.796
0.816
0.852
0.808
0.8
0.908
0.9
0.816
0.876
0.976
0.864
0.896
1.004
0.868
0.804
0.852
1
0.888
0.824
1.04
0.968
0.828
0.864
0.972
0.944
0.824
0.872
0.964
0.768
0.724
0.748
0.86
0.82
0.728
0.76
0.832
0.896
0.836
0.756
0.696
0.668
0.652
0.664
0.712
0.844
0.812
0.736
0.744
0.796
0.892
0.824
0.72
0.744
1
0.868
0.788
0.896
0.984
0.848
0.864
0.864
0.856
0.784
0.78
0.828
0.928
0.852
0.86
0.82
0.788
0.872
0.884
0.84
0.856
0.896
0.912
0.824
0.796
0.82
0.88
0.848
0.848
0.908
0.816
0.804
0.824
0.848
0.832
0.864
0.868
0.788
0.768
0.808
0.864
0.824
0.784
0.812
0.936
0.82
0.808
0.884
0.976
0.86
0.868
0.888
0.828
0.772
0.792
1.02
0.812
0.824
0.94
0.924
0.832
0.868
0.88
0.796
0.812
0.956
0.872
0.816
0.844
0.848
0.804
0.844
0.964
0.876
0.844
0.964
0.884
0.812
0.852
0.948
0.864
0.9
0.92
0.868
0.86
0.924
1.012
0.816
0.76
0.796
0.884
0.768
0.776
0.764
0.764
0.756
0.772
0.792
0.72
0.692
0.716
0.768
0.9
0.832
0.828
0.892
0.908
0.812
0.848
0.88
0.82
0.784
0.884
1.06
0.864
0.836
0.848
0.812
0.768
0.856
1.168
0.94
0.948
0.888
0.832
0.904
1.028
0.848
0.94
1
0.86
0.86
1.012
0.88
0.812
0.888
0.936
0.816
0.832
0.892
0.86
0.816
0.824
0.832
0.816
0.796
0.944
0.888
0.816
0.844
0.896
0.804
0.856
0.86
0.828
0.788
0.852
1.008
0.84
0.888
0.928
0.804
0.764
0.816
1.008
0.848
0.852
0.832
0.792
0.884
0.952
0.82
0.84
0.908
0.784
0.728
0.72
0.82
1.1
0.864
0.82
0.828
0.852
0.8
0.788
0.82
0.74
0.744
0.716
0.748
0.94
0.864
0.928
0.94
0.864
0.848
0.904
0.884
0.788
0.804
0.908
0.908
0.784
0.712
0.72
1.144
0.896
0.776
0.772
1.108
0.976
0.932
0.948
0.884
0.828
0.868
0.92
0.92
0.864
0.92
0.96
0.864
0.884
0.996
0.948
0.82
0.844
1.016
0.94
0.812
0.828
1.116
0.904
0.9
0.932
0.976
0.892
0.896
0.892
0.896
0.884
0.812
0.872
0.852
0.796
0.888
1.108
0.928
0.952
1
0.924
0.896
0.94
0.916
0.848
0.908
0.988
0.86
0.784
0.796
0.984
0.928
0.808
0.812
0.976
0.916
0.852
0.96
0.86
0.792
0.816
0.856
0.852
0.84
0.996
0.94
0.856
0.872
0.9
0.9
0.848
0.916
0.916
0.88
0.796
0.816
0.888
0.904
0.816
0.872
0.868
0.792
0.728
0.732
0.932
1.02
0.796
0.828
0.9
0.84
0.8
0.824
0.848
0.816
0.848
0.86
0.864
0.8
0.836
0.76
0.756
0.916
0.94
0.836
0.844
0.8
0.764
0.752
0.712
0.684
0.676
0.756
1.124
0.872
0.736
0.752
1.156
0.968
0.796
0.796
0.832
0.788
0.732
0.78
1.208
0.956
0.776
0.852
0.936
0.808
0.788
1.156
0.92
0.88
0.972
0.96
0.844
0.796
0.92
1.012
0.912
0.96
0.928
0.908
0.924
0.932
0.872
0.884
0.98
0.996
0.852
0.892
0.944
0.856
0.816
0.956
0.956
0.832
0.896
0.932
0.832
0.828
0.9
0.9
0.804
0.84
0.844
0.792
0.788
0.828
1.084
0.852
0.932
0.904
0.884
0.808
0.832
0.86
0.812
0.868
0.924
0.828
0.824
0.948
0.924
0.868
0.908
0.968
0.876
0.768
0.744
0.808
0.916
0.824
0.884
0.912
0.924
0.88
0.952
0.904
0.812
0.812
0.784
0.776
0.736
0.768
0.8927474
0.98
0.884
0.948
0.944
0.824
0.704
0.676
0.692
1
0.792
0.72
0.736
0.76
1.156
0.972
0.924
0.956
0.932
0.88
0.856
0.832
0.76
0.732
0.844
1.124
0.844
0.852
0.996
0.908
0.828
0.872
0.976
0.868
0.82
0.908
0.98
0.952
0.944
0.824
0.848
0.844
0.792
0.82
1.196
0.98
0.984
0.956
0.848
0.764
0.8
1.172
0.912
0.944
1.068
0.968
0.972
0.988
0.884
0.864
0.92
0.924
0.836
0.9
0.948
0.832
0.852
0.896
0.868
0.796
0.86
0.9
0.812
0.836
0.888
0.888
0.828
0.904
0.908
0.768
0.8
0.824
0.848
0.872
1.032
0.94
0.864
0.944
0.876
0.812
0.864
1
0.796
0.824
0.872
0.956
0.968
0.924
0.8
0.788
0.884
0.864
0.752
0.724
0.796
1.124
0.864
0.848
0.888
0.844
0.872
0.916
0.864
0.808
0.844
0.844
0.792
0.872
0.832
0.884
0.848
0.784
0.816
0.828
0.8
0.748
0.836
1.068
0.772
0.712
0.732
1.132
0.968
0.92
0.84
0.872
0.792
0.716
0.688
0.68
0.84
0.7121195
1.088
1.072
1.004
0.896
0.816
0.844
0.976
0.976
0.936
0.908
0.852
0.78
0.812
0.9
0.928
0.916
0.912
0.848
0.86
0.9
0.844
0.8
0.816
0.888
0.892
0.912
0.916
0.968
1.016
0.908
0.856
0.768
0.724
0.748
0.868
0.896
0.78
0.844
1.028
0.8
0.756
0.852
0.92
0.804
0.756
0.804
0.736
0.716
0.748
0.796
0.872
0.828
0.724
0.72
0.716
0.724
0.724
0.7
0.688
0.684
0.676
0.664
0.68
0.676
0.68
0.696
0.696
0.688
0.688
0.688
0.664
0.648
0.632
0.636
0.648
0.648
0.628
0.628
0.696
1.048
0.968
0.92
0.808
0.724
0.748
0.816
0.828
0.776
0.732
0.772
0.928
0.94
0.816
0.88
0.856
0.84
0.792
0.836
0.864
0.832
0.8
0.84
0.82
0.832
0.788
0.808
0.852
0.888
0.808
0.772
0.788
0.856
0.884
0.8
0.844
0.98
0.892
0.796
0.812
0.968
0.968
0.808
0.808
0.884
0.86
0.776
0.804
1.128
0.956
0.884
0.956
1
0.896
0.856
0.936
0.92
0.84
0.868
0.984
0.972
0.828
0.852
0.86
0.888
0.816
0.908
0.98
0.956
0.824
0.856
0.9
0.956
0.9
0.92
0.836
0.804
0.948
0.948
0.84
0.796
0.928
0.888
0.772
0.824
0.976
0.908
0.804
0.888
0.944
0.828
0.776
0.788
0.836
0.888
0.808
0.816
1.092
0.928
0.868
0.9
0.912
0.856
0.84
0.872
0.856
0.792
0.828
0.884
0.9
0.808
0.848
0.9
0.808
0.808
0.804
0.776
0.72
0.696
0.672
0.648
0.656
0.668
0.684
0.748
0.8
0.74
0.708
0.772
0.884
0.736
0.744
0.768
0.756
0.7
0.704
0.72
0.772
0.784
0.796
0.8
0.804
0.724
0.76
0.82
0.788
0.752
0.708
0.736
0.892
0.948
0.808
0.784
0.792
0.768
0.728
0.752
0.92
0.944
0.808
0.848
0.804
0.756
0.796
0.84
0.86
0.812
0.748
0.704
0.724
1.136
0.864
0.76
0.712
0.676
0.664
0.664
0.752
0.74
0.72
0.696
0.7
1.052
0.764
0.796
0.86
0.808
0.812
0.852
0.84
0.848
0.808
0.78
0.756
0.784
0.828
0.772
0.768
0.788
0.764
0.744
0.756
0.852
0.92
0.792
0.76
0.832
0.972
0.8
0.808
0.856
0.872
0.796
0.832
0.888
0.86
0.788
0.792
0.852
0.92
0.852
0.828
0.896
0.928
0.9
0.892
0.892
0.9
0.832
0.816
0.9
0.84
0.768
0.76
0.76
0.724
0.728
0.708
0.676
0.688
0.712
0.872
1.112
0.844
0.824
0.864
0.884
0.832
0.796
0.904
0.944
0.944
0.912
0.92
0.9
0.836
0.792
0.752
0.788
1.036
1.02
0.836
0.804
0.808
0.772
0.748
0.76
0.776
0.764
0.772
0.804
0.788
0.752
0.784
0.784
0.796
0.764
0.788
0.8
0.836
0.812
0.84
0.824
0.8
0.768
0.792
0.876
0.968
0.924
0.9
0.872
0.844
0.784
0.812
0.844
0.9
0.792
0.836
0.952
0.804
0.744
0.78
1.192
1.032
0.852
0.928
0.964
0.836
0.784
0.832
1.152
0.996
0.86
0.908
1.056
0.932
0.876
0.876
0.884
0.864
0.808
0.804
1.148
0.952
0.836
0.82
0.98
0.908
0.836
0.848
0.904
0.868
0.768
0.768
0.868
0.956
0.884
0.856
0.896
0.892
0.808
0.828
0.896
0.9
0.8
0.844
0.972
0.952
0.848
0.876
0.868
0.8
0.776
0.836
0.912
0.804
0.812
0.812
0.852
0.784
0.816
0.868
0.876
0.792
0.788
0.864
0.852
0.788
0.784
0.836
0.876
0.792
0.82
0.872
0.86
0.796
0.816
0.844
0.788
0.756
0.76
0.78
0.756
0.736
0.776
0.848
0.788
0.776
0.808
0.82
0.756
0.788
0.828
0.816
0.764
0.796
0.836
0.82
0.76
0.804
0.868
0.796
0.78
0.832
0.992
0.86
0.848
0.884
0.836
0.816
0.888
0.968
0.856
0.856
0.952
0.96
0.86
0.932
0.98
0.88
0.82
0.852
0.944
0.884
0.88
0.956
0.896
0.816
0.836
1
1.016
0.856
0.852
1.044
0.896
0.78
0.836
1.184
0.944
0.948
1.008
0.884
0.756
0.768
1.18
0.984
0.896
0.92
0.992
0.852
0.796
0.84
0.888
0.892
0.828
1
1.016
0.928
0.868
0.9
0.928
0.852
0.88
1.004
0.912
0.796
0.824
0.96
0.948
0.864
0.888
0.932
0.884
0.796
0.824
0.932
0.952
0.836
0.848
0.896
0.852
0.808
0.888
1.008
0.864
0.756
0.732
0.808
1.152
0.848
0.748
0.792
0.904
0.844
0.82
0.868
0.888
0.804
0.796
0.86
0.96
0.904
0.872
0.888
0.876
0.832
0.788
0.816
0.92
0.896
0.804
0.82
0.86
0.82
0.784
0.856
1
0.888
0.812
0.848
0.828
0.8
0.772
0.868
0.968
0.86
0.896
0.992
0.92
0.816
0.804
0.84
0.796
0.768
0.836
1.156
0.856
0.82
0.916
0.852
0.792
0.88
0.956
0.836
0.82
0.82
0.868
0.824
0.844
0.892
0.848
0.796
0.808
0.86
0.808
0.752
0.776
0.796
0.784
0.78
0.836
0.84
0.776
0.748
0.78
0.932
0.828
0.804
0.9
0.904
0.792
0.744
0.764
0.744
0.716
0.708
0.672
0.664
0.668
0.704
0.868
0.956
0.82
0.84
0.9
0.8
0.788
0.912
0.928
0.804
0.836
0.96
0.816
0.74
0.808
1.12
0.884
0.776
0.864
1.016
0.836
0.84
0.916
0.896
0.824
0.848
0.872
0.832
0.884
0.888
0.816
0.812
0.832
0.764
0.728
0.716
0.924
1.076
0.856
0.84
1.128
0.928
0.868
0.912
0.92
0.84
0.804
0.952
0.904
0.864
0.868
0.756
0.708
0.688
0.668
0.66
0.676
0.744
0.748
0.7
0.732
0.796
0.816
0.776
0.768
0.768
0.772
0.736
0.74
0.744
0.764
0.756
0.784
0.808
0.796
0.74
0.772
0.82
0.792
0.804
0.824
0.812
0.756
0.7
0.692
0.696
0.752
0.732
0.792
0.776
0.816
0.744
0.68
0.688
0.688
0.744
0.764
0.768
0.736
0.696
0.7
0.736
0.912
0.876
0.78
0.828
0.892
0.872
0.804
0.756
0.836
1.092
0.9
0.804
0.88
0.964
0.872
0.8
0.888
0.896
0.868
0.832
0.904
0.92
0.856
0.928
1.028
0.9
0.78
0.776
0.796
0.824
0.804
0.968
1.068
0.908
0.892
0.948
0.844
0.772
0.812
0.868
0.84
0.78
0.84
0.924
0.888
0.788
0.796
0.824
0.932
0.836
0.828
0.928
0.912
0.824
0.856
0.884
0.836
0.808
0.9
0.928
0.824
0.8
0.86
0.992
0.86
0.8
0.844
0.864
0.832
0.824
0.82
0.8
0.816
0.832
0.936
0.876
0.864
0.928
0.828
0.744
0.82
1.032
0.864
0.76
0.816
1.104
0.856
0.764
0.828
1.136
0.98
0.836
0.772
0.888
1.096
0.944
0.82
0.78
0.8823565
1.036
0.88
0.808
0.944
1.004
0.856
0.792
0.928
1.04
0.828
0.76
0.84
1.024
0.872
0.82
0.924
0.956
0.876
0.808
0.832
0.908
0.9
0.796
0.804
0.912
0.936
0.836
0.872
0.92
0.872
0.876
0.908
0.924
0.848
0.916
0.988
0.928
0.952
0.952
0.796
0.752
0.86
1.104
0.876
0.892
1.016
0.88
0.848
1.072
0.96
0.884
0.924
0.92
0.896
0.804
0.756
0.932
1.064
0.88
0.78
0.82
1.084
0.912
0.812
0.84
0.944
0.908
0.828
0.884
0.88
0.84
0.796
0.892
0.98
0.908
0.884
1.06
0.932
0.88
0.912
0.924
0.832
0.88
0.904
0.84
0.88
0.868
0.836
0.812
0.868
0.888
0.796
0.78
0.876
0.908
0.828
0.824
0.952
0.884
0.828
0.732
0.764
1.008
0.892
0.796
0.772
0.912
0.936
0.832
0.848
0.9
0.868
0.856
0.944
0.888
0.792
0.792
0.796
0.808
0.808
0.912
0.836
0.756
0.772
0.832
0.852
0.784
0.796
0.844
0.908
0.84
0.892
0.944
0.86
0.84
0.916
0.92
0.824
0.832
1.04
0.916
0.808
0.86
1.02
0.892
0.912
0.948
0.928
0.84
0.828
0.872
0.932
0.848
0.872
0.984
0.852
0.792
0.828
0.904
0.816
0.84
0.896
0.892
0.812
0.828
0.848
0.808
0.772
0.82
1.024
0.92
0.86
0.9
0.872
0.788
0.744
0.804
1.048
0.876
0.796
0.816
0.856
0.776
0.772
0.836
0.896
0.828
0.824
0.844
0.792
0.74
0.732
0.708
0.676
0.704
0.708
0.684
0.788
1.152
0.956
0.824
0.944
1.016
0.848
0.764
0.708
0.684
0.68
0.704
0.836
0.804
0.732
0.7
0.692
0.672
0.644
0.62
0.64
0.652
0.632
0.64
0.64
0.636
0.724
0.8
0.696
0.656
0.648
0.632
0.62
0.612
0.596
0.596
0.592
0.604
0.628
0.672
0.676
0.656
0.676
0.656
0.652
0.636
0.628
0.624
0.616
0.612
0.6
0.596
0.596
0.596
0.608
0.612
0.608
0.616
0.664
0.768
0.828
0.788
0.744
0.752
0.724
0.712
0.696
0.72
0.724
0.74
0.716
0.736
0.78
0.784
0.728
0.748
0.776
0.848
0.804
0.764
0.772
0.82
0.792
0.764
0.78
0.796
0.752
0.728
0.744
0.776
0.76
0.744
0.772
0.836
0.808
0.768
0.792
0.82
0.836
0.764
0.788
0.804
0.784
0.748
0.768
0.8
0.8
0.748
0.696
0.708
0.836
0.992
0.792
0.712
0.7
0.764
1.076
0.944
0.816
0.784
0.792
0.812
0.76
0.784
0.924
0.912
0.8
0.764
0.724
0.752
0.828
1.04
0.824
0.808
0.884
0.94
0.82
0.784
0.864
0.956
0.856
0.788
0.768
0.86
1.064
0.936
0.828
0.84
0.804
0.8
0.828
0.904
0.828
0.848
0.896
0.928
0.824
0.828
0.828
0.772
0.776
0.816
0.948
0.916
0.74
0.712
0.704
0.72
0.692
0.66
0.676
0.78
1.132
0.96
0.852
0.912
0.96
0.908
0.8
0.828
0.86
0.772
0.756
0.872
0.932
0.788
0.8
0.884
0.84
0.808
0.876
0.96
0.864
0.848
0.86
0.82
0.744
0.756
0.752
0.776
0.744
0.708
0.724
0.76
0.776
0.756
0.752
0.756
0.8
0.82
0.772
0.836
0.752
0.7
0.684
0.696
0.736
0.88
0.752
0.776
0.812
0.868
0.84
0.828
0.828
0.94
0.888
0.744
0.744
0.752
0.816
0.844
0.804
0.764
0.748
0.7
0.728
0.774921
0.848
0.724
0.752
0.7319058
0.948
0.74
0.74
0.7926969
1.04
0.808
0.752
0.7343781
1.052
0.844
0.952
