1.284
1.2
1.152
1.232
1.044
1.316
1.188
1.116
1.4
1.12
1.128
1.356
1.1
1.264
1.304
1.3
1.196
1.32
1.376
1.296
1.352
1.312
1.236
1.156
1.092
1.604
1.368
1.28
1.42
1.22
1.072
1.228
1.14
1.132
1.144
1.516
1.428
1.332
1.316
1.344
1.376
1.516
1.328
1.28
1.292
1.452
1.452
1.42
1.4
1.432
1.536
1.496
1.364
1.264
1.452
1.444
1.376
1.192
1.384
1.508
1.108
1.148
1.192
1.084
1.424
1.324
1.392
1.436
1.348
1.388
1.448
1.316
1.464
1.504
1.392
1.304
1.38
1.36
1.38
1.256
1.412
1.496
1.38
1.292
1.464
1.44
1.256
1.352
1.44
1.392
1.312
1.392
1.284
1.3
1.44
1.324
1.22
1.372
1.408
1.196
1.176
1.132
1.064
1.244
1.252
1.248
1.396
1.368
1.336
1.236
1.288
1.332
1.356
1.284
1.44
1.38
1.34
1.316
1.388
1.324
1.516
1.36
1.312
1.424
1.304
1.396
1.428
1.28
1.384
1.344
1.304
1.512
1.356
1.284
1.376
1.364
1.316
1.336
1.312
1.32
1.284
1.28
1.276
1.368
1.3
1.344
1.352
1.312
1.376
1.24
1.248
1.26
1.076
1.116
1.128
1.364
1.348
1.308
1.272
1.408
1.384
1.228
1.36
1.344
1.224
1.356
1.4
1.46
1.34
1.376
1.408
1.356
1.268
1.452
1.424
1.296
1.448
1.428
1.284
1.412
1.428
1.224
1.116
1.372
1.236
1.068
1.48
1.24
1.328
1.364
1.332
1.292
1.376
1.312
1.416
1.396
1.272
1.44
1.32
1.236
1.428
1.332
1.276
1.464
1.328
1.304
1.436
1.312
1.444
1.372
1.284
1.444
1.344
1.388
1.408
1.344
1.44
1.268
1.36
1.424
1.4
1.4
1.248
1.424
1.36
1.376
1.392
1.264
1.42
1.32
1.44
1.436
1.428
1.452
1.404
1.504
1.404
1.492
1.332
1.448
1.316
1.424
1.408
1.324
1.292
1.244
1.156
1.092
1.14
1.136
1.196
1.18
1.212
1.196
1.132
1.268
1.236
1.344
1.292
1.268
1.312
1.228
1.372
1.268
1.216
1.412
1.32
1.452
1.348
1.356
1.468
1.296
1.424
1.3
1.384
1.344
1.4
1.408
1.332
1.424
1.296
1.48
1.296
1.436
1.332
1.46
1.404
1.436
1.392
1.296
1.42
1.296
1.432
1.336
1.332
1.284
1.352
1.296
1.308
1.428
1.292
1.356
1.224
1.344
1.312
1.388
1.392
1.36
1.356
1.304
1.38
1.292
1.36
1.248
1.34
1.24
1.288
1.288
1.284
1.376
1.284
1.356
1.216
1.44
1.252
1.34
1.3
1.312
1.404
1.312
1.4
1.228
1.392
1.332
1.356
1.404
1.304
1.488
1.292
1.408
1.268
1.36
1.36
1.396
1.376
1.292
1.4
1.244
1.216
1.124
1.296
1.304
1.256
1.236
1.088
0.936
0.904
0.988
1.1
1.356
1.236
1.296
1.276
1.196
1.328
1.212
1.276
1.344
1.312
1.248
1.4
1.396
1.244
1.38
1.4
1.236
1.376
1.436
1.444
1.424
1.372
1.408
1.344
1.436
1.248
1.396
1.268
1.364
1.392
1.244
1.432
1.372
1.384
1.268
1.244
1.32
1.184
1.32
1.252
1.316
1.352
1.34
1.424
1.284
1.42
1.38
1.38
1.364
1.284
1.368
1.28
1.408
1.32
1.34
1.44
1.4
1.404
1.328
1.436
1.24
1.388
1.308
1.408
1.468
1.384
1.316
1.16
1.328
1.38
1.256
1.376
1.332
1.316
1.432
1.272
1.436
1.3
1.296
1.448
1.272
1.356
1.28
1.248
1.516
1.428
1.288
1.412
1.372
1.344
1.272
1.344
1.2
1.172
1.396
1.132
1.028
1.032
1.004
0.952
1.396
1.252
1.276
1.284
1.204
1.284
1.28
1.22
1.312
1.3
1.296
1.328
1.216
1.364
1.336
1.344
1.336
1.172
1.384
1.328
1.336
1.372
1.244
1.396
1.26
1.352
1.224
1.132
1.336
1.3
1.288
1.2
1.2
1.34
1.264
1.3
1.348
1.252
1.34
1.376
1.404
1.396
1.288
1.344
1.32
1.36
1.448
1.332
1.38
1.328
1.304
1.3
1.272
1.296
1.196
1.34
1.176
1.256
1.176
1.256
1.22
1.148
1.344
1.364
1.256
1.332
1.356
1.24
1.308
1.384
1.356
1.248
1.216
1.34
1.244
1.256
1.396
1.236
1.296
1.384
1.304
1.404
1.28
1.216
1.388
1.292
1.344
1.3
1.304
1.392
1.332
1.368
1.348
1.444
1.324
1.364
1.256
1.452
1.352
1.264
1.34
1.208
1.324
1.276
1.296
1.332
1.196
1.3
1.14
1.052
1.18
1.364
1.4
1.272
1.312
1.228
1.256
1.236
1.236
1.32
1.22
1.296
1.26
1.208
1.172
1.216
1.148
1.244
1.184
1.244
1.24
1.208
1.216
1.292
1.224
1.308
1.252
1.276
1.216
1.376
1.312
1.376
1.316
1.308
1.268
1.2
1.34
1.212
1.284
1.284
1.228
1.296
1.14
1.264
1.352
1.24
1.328
1.232
1.356
1.376
1.316
1.344
1.24
1.296
1.208
1.464
1.364
1.264
1.388
1.304
1.412
1.336
1.36
1.388
1.26
1.364
1.32
1.32
1.4
1.26
1.316
1.284
1.216
1.224
1.16
1.2
1.232
1.228
1.368
1.276
1.292
1.28
1.18
1.184
1.08
1.16
1.196
1.236
1.268
1.136
1.164
1.36
1.344
1.36
1.376
1.3
1.416
1.3
1.372
1.38
1.212
1.324
1.268
1.224
1.38
1.296
1.368
1.32
1.276
1.344
1.232
1.352
1.236
1.292
1.312
1.24
1.436
1.268
1.3
1.348
1.276
1.392
1.268
1.336
1.324
1.24
1.34
1.256
1.284
1.404
1.34
1.4
1.256
1.32
1.292
1.296
1.4
1.244
1.384
1.324
1.364
1.332
1.308
1.372
1.244
1.396
1.284
1.304
1.324
1.272
1.38
1.26
1.368
1.42
1.328
1.384
1.408
1.26
1.248
1.36
1.256
1.364
1.396
1.332
1.352
1.252
1.316
1.32
1.248
1.504
1.392
1.22
1.352
1.384
1.34
1.352
1.236
1.392
1.356
1.332
1.408
1.22
1.38
1.316
1.356
1.356
1.256
1.328
1.196
1.264
1.348
1.248
1.46
1.372
1.356
1.26
1.292
1.3
1.284
1.348
1.344
1.212
1.316
1.3
1.22
1.336
1.316
1.248
1.148
1.036
1.084
1.1
1.296
1.216
1.152
1.32
1.304
1.276
1.332
1.248
1.316
1.312
1.248
1.356
1.276
1.292
1.264
1.148
1.256
1.22
1.288
1.34
1.268
1.436
1.324
1.284
1.396
1.232
1.28
1.34
1.248
1.304
1.276
1.204
1.292
1.2
1.256
1.14
1.168
1.316
1.16
1.208
1.244
1.244
1.328
1.22
1.332
1.22
1.256
1.3
1.272
1.356
1.236
1.376
1.24
1.356
1.296
1.36
1.34
1.276
1.348
1.2
1.356
1.244
1.332
1.28
1.332
1.38
1.292
1.452
1.284
1.32
1.324
1.276
1.324
1.224
1.384
1.252
1.308
1.296
1.372
1.384
1.304
1.356
1.272
1.388
1.352
1.296
1.38
1.296
1.432
1.28
1.368
1.328
1.376
1.368
1.292
1.4
1.356
1.348
1.492
1.24
1.28
1.208
1.237203
1.128
1.056
0.948
1.02
1.144
1.356
1.28
1.256
1.332
1.252
1.288
1.308
1.204
1.232
1.196
1.14
1.224
1.168
1.224
1.248
1.172
1.34
1.276
1.284
1.3
1.172
1.312
1.248
1.236
1.268
1.2
1.328
1.328
1.324
1.352
1.276
1.288
1.308
1.316
1.328
1.312
1.42
1.296
1.392
1.344
1.308
1.392
1.316
1.252
1.388
1.34
1.432
1.236
1.268
1.34
1.252
1.348
1.216
1.384
1.296
1.268
1.364
1.272
1.316
1.272
1.404
1.372
1.332
1.356
1.288
1.408
1.4
1.284
1.264
1.152
1.272
1.26
1.264
1.224
1.412
1.34
1.284
1.416
1.264
1.344
1.348
1.244
1.344
1.34
1.244
1.424
1.292
1.344
1.38
1.308
1.42
1.32
1.38
1.416
1.372
1.404
1.268
1.336
1.244
1.376
1.376
1.232
1.46
1.452
1.408
1.42
1.324
1.404
1.256
1.356
1.296
1.332
1.352
1.236
1.396
1.252
1.424
1.412
1.404
1.392
1.276
1.388
1.272
1.352
1.436
1.284
1.36
1.364
1.404
1.388
1.26
1.34
1.256
1.248
1.38
1.272
1.22
1.228
1.18
1.3
1.276
1.26
1.324
1.2
1.188
1.312
1.288
1.192
1.42
1.328
1.324
1.476
1.304
1.376
1.252
1.216
1.408
1.252
1.26
1.148
1.18
1.144
1.008
0.94
0.916
0.912
0.948
1.008
0.976
0.912
0.916
1.188
1.224
1.108
1.116
1.196
1.116
1.164
1.24
1.172
1.284
1.256
1.216
1.328
1.236
1.16
1.34
1.324
1.24
1.276
1.276
1.276
1.352
1.288
1.292
1.416
1.372
1.208
1.332
1.352
1.432
1.312
1.28
1.332
1.256
1.388
1.408
1.336
1.488
1.296
1.452
1.272
1.352
1.28
1.336
1.32
1.284
1.376
1.204
1.388
1.288
1.34
1.368
1.324
1.432
1.312
1.332
1.388
1.356
1.448
1.328
1.312
1.224
1.26
1.44
1.34
1.48
1.308
1.368
1.336
1.284
1.392
1.28
1.348
1.412
1.3
1.396
1.424
1.472
1.48
1.336
1.524
1.452
1.292
1.424
1.288
1.416
1.388
1.372
1.388
1.228
1.348
1.308
1.284
1.448
1.32
1.34
1.364
1.212
1.416
1.352
1.32
1.444
1.364
1.296
1.376
1.196
1.372
1.34
1.404
1.304
1.208
1.196
1.132
1.232
1.14
1.216
1.288
1.156
1.232
1.26
1.136
1.18
1.284
1.208
1.264
1.172
1.276
1.268
1.24
1.316
1.268
1.224
1.32
1.3
1.296
1.348
1.24
1.284
1.408
1.332
1.404
1.416
1.364
1.392
1.216
1.124
1.248
1.216
1.28
1.348
1.308
1.348
1.116
1.08
1.012
0.976
1.344
1.292
1.384
1.224
1.332
1.292
1.308
1.396
1.296
1.344
1.408
1.276
1.492
1.42
1.404
1.408
1.372
1.404
1.524
1.416
1.428
1.504
1.232
1.432
1.504
1.372
1.344
1.396
1.444
1.56
1.368
1.296
1.268
1.184
1.316
1.152
1.216
1.184
1.044
1
1.056
1.344
1.316
1.256
1.248
1.26
1.112
0.972
0.956
1.02
1.124
1.2
1.26
1.26
1.224
1.376
1.416
1.404
1.312
1.224
1.308
1.24
1.236
1.396
1.292
1.308
1.408
1.256
1.4
1.44
1.256
1.32
1.236
1.272
1.308
1.204
1.392
1.264
1.308
1.208
1.088
1.212
1.192
1.352
1.284
1.292
1.38
1.352
1.436
1.312
1.392
1.288
1.404
1.316
1.348
1.444
1.312
1.332
1.36
1.472
1.524
1.408
1.464
1.404
1.468
1.488
1.356
1.392
1.328
1.564
1.5
1.388
1.476
1.392
1.348
1.472
1.288
1.096
1.176
1.316
1.228
1.416
1.256
1.404
1.304
1.344
1.316
1.336
1.364
1.292
1.436
1.352
1.368
1.476
1.336
1.404
1.444
1.388
1.256
1.212
1.248
1.196
1.264
1.26
1.16
1.092
0.952
1.084
1.216
1.176
1.344
1.248
1.4
1.3
1.284
1.336
1.248
1.368
1.316
1.508
1.444
1.472
1.472
1.332
1.468
1.316
1.38
1.316
1.468
1.356
1.58
1.4
1.496
1.42
1.4
1.516
1.456
1.432
1.5
1.52
1.552
1.632
1.576
1.608
1.464
1.64
1.52
1.588
1.464
1.632
1.412
1.536
1.412
1.552
1.464
1.556
1.488
1.424
1.544
1.42
1.644
1.464
1.42
1.4
1.372
1.552
1.552
1.568
1.528
1.416
1.54
1.392
1.584
1.48
1.452
1.524
1.388
1.476
1.436
1.48
1.444
1.424
1.492
1.42
1.412
1.46
1.356
1.692
1.388
1.492
1.56
1.348
1.488
1.504
1.384
1.54
1.356
1.524
1.396
1.624
1.4
1.52
1.408
1.444
1.48
1.376
1.552
1.364
1.452
1.404
1.46
1.476
1.38
1.488
1.288
1.468
1.456
1.396
1.412
1.324
1.532
1.308
1.404
1.456
1.428
1.384
1.332
1.472
1.328
1.476
1.3
1.528
1.392
1.376
1.436
1.3
1.516
1.32
1.508
1.332
1.348
1.488
1.408
1.476
1.324
1.46
1.308
1.468
1.388
1.436
1.372
1.32
1.564
1.388
1.548
1.424
1.476
1.496
1.476
1.444
1.316
1.488
1.328
1.448
1.404
1.32
1.468
1.296
1.392
1.324
1.356
1.408
1.392
1.464
1.328
1.504
1.308
1.364
1.328
1.364
1.504
1.34
1.452
1.324
1.516
1.372
1.3
1.388
1.268
1.5
1.424
1.304
1.42
1.304
1.396
1.372
1.36
1.372
1.304
1.576
1.364
1.404
1.408
1.376
1.428
1.288
1.46
1.308
1.34
1.424
1.372
1.448
1.304
1.448
1.44
1.364
1.512
1.404
1.372
1.388
1.356
1.54
1.48
1.564
1.424
1.552
1.384
1.548
1.384
1.552
1.388
1.528
1.516
1.468
1.412
1.336
1.5
1.292
1.404
1.324
1.376
1.416
1.312
1.452
1.308
1.388
1.208
1.46
1.384
1.372
1.372
1.304
1.412
1.232
1.432
1.3
1.376
1.388
1.44
1.468
1.364
1.428
1.42
1.464
1.312
1.5
1.312
1.432
1.36
1.364
1.516
1.352
1.404
1.392
1.372
1.404
1.28
1.58
1.412
1.36
1.496
1.34
1.452
1.392
1.388
1.372
1.292
1.392
1.252
1.376
1.28
1.376
1.376
1.448
1.368
1.384
1.5
1.324
1.428
1.264
1.396
1.452
1.312
1.488
1.296
1.512
1.448
1.392
1.416
1.336
1.472
1.328
1.436
1.332
1.428
1.324
1.332
1.384
1.284
1.444
1.296
1.404
1.296
1.408
1.428
1.264
1.412
1.404
1.336
1.424
1.264
1.384
1.404
1.312
1.38
1.284
1.428
1.54
1.456
1.52
1.424
1.484
1.308
1.484
1.42
1.34
1.608
1.348
1.552
1.424
1.448
1.372
1.42
1.368
1.32
1.528
1.3
1.316
1.204
1.32
1.352
1.124
1.128
1.108
1.044
1.248
1.288
1.428
1.332
1.388
1.352
1.356
1.376
1.28
1.392
1.28
1.38
1.34
1.34
1.408
1.412
1.388
1.228
1.372
1.416
1.344
1.412
1.364
1.448
1.3
1.464
1.424
1.444
1.42
1.352
1.4
1.312
1.516
1.328
1.396
1.336
1.4
1.412
1.364
1.436
1.392
1.404
1.324
1.464
1.392
1.488
1.348
1.464
1.516
1.432
1.436
1.432
1.42
1.32
1.456
1.288
1.416
1.428
1.436
1.456
1.348
1.424
1.256
1.384
1.384
1.416
1.416
1.252
1.432
1.3
1.384
1.408
1.372
1.532
1.428
1.424
1.296
1.668
1.432
1.496
1.368
1.42
1.336
1.352
1.356
1.4
1.392
1.328
1.376
1.3
1.404
1.288
1.456
1.304
1.42
1.356
1.456
1.444
1.364
1.396
1.288
1.532
1.28
1.372
1.34
1.244
1.5
1.32
1.36
1.32
1.464
1.484
1.404
1.456
1.312
1.56
1.4
1.412
1.44
1.452
1.468
1.436
1.64
1.42
1.532
1.412
1.384
1.488
1.468
1.492
1.316
1.46
1.42
1.284
1.44
1.284
1.344
1.364
1.288
1.284
1.136
1.144
1.192
1.216
1.212
1.132
1.236
1.22
1.148
1.252
1.296
1.16
1.328
1.424
1.292
1.488
1.4
1.376
1.416
1.368
1.46
1.272
1.544
1.464
1.4
1.34
1.248
1.368
1.272
1.46
1.344
1.36
1.456
1.368
1.512
1.332
1.392
1.288
1.408
1.62
1.432
1.516
1.336
1.432
1.568
1.508
1.516
1.42
1.516
1.412
1.416
1.588
1.356
1.38
1.444
1.296
1.484
1.264
1.232
1.476
1.368
1.496
1.428
1.36
1.44
1.34
1.34
1.356
1.268
1.456
1.264
1.52
1.656
1.408
1.416
1.496
1.452
1.492
1.356
1.532
1.436
1.532
1.48
1.308
1.42
1.332
1.596
1.508
1.428
1.528
1.432
1.376
1.468
1.224
1.352
1.544
1.508
1.432
1.336
1.496
1.416
1.38
1.484
1.492
1.348
1.44
1.232
1.512
1.4
1.4
1.412
1.412
1.424
1.304
1.484
1.328
1.32
1.332
1.288
1.616
1.364
1.428
1.496
1.36
1.508
1.516
1.244
1.488
1.38
1.532
1.484
1.352
1.42
1.364
1.352
1.444
1.328
1.312
1.308
1.4
1.484
1.28
1.428
1.4
1.336
1.564
1.356
1.332
1.384
1.576
1.504
1.464
1.512
1.476
1.456
1.532
1.6
1.376
1.576
1.496
1.516
1.428
1.452
1.56
1.448
1.408
1.48
1.448
1.56
1.396
1.308
1.576
1.3
1.348
1.444
1.404
1.496
1.312
1.504
1.376
1.432
1.468
1.292
1.516
1.444
1.328
1.632
1.332
1.312
1.24
1.58
1.436
1.572
1.44
1.36
1.332
1.212
1.224
1.164
1.128
1.06
1.164
1.188
1.312
1.252
1.16
1.24
1.176
1.264
1.36
1.288
1.288
1.396
1.344
1.296
1.472
1.48
1.28
1.38
1.284
1.496
1.456
1.276
1.504
1.332
1.372
1.456
1.316
1.412
1.312
1.412
1.384
1.368
1.376
1.296
1.416
1.256
1.308
1.248
1.335113
1.108
1.356
1.296
1.364
1.296
1.352
1.384
1.424
1.468
1.392
1.388
1.44
1.404
1.396
1.424
1.252
1.376
1.336
1.172
1.372
1.176
1.296
1.212
1.192
1.188
1.068
1.184
1.236
1.22
1.368
1.248
1.448
1.44
1.48
1.464
1.448
1.52
1.376
1.272
1.16
1.264
1.22
1.24
1.064
1.164
1.16
1.124
1.072
1.012
0.956
0.98
1.24
1.188
1.24
1.248
1.26
1.312
1.24
1.252
1.272
1.228
1.392
1.412
1.26
1.364
1.348
1.224
1.356
1.336
1.296
1.444
1.316
1.364
1.304
1.28
1.416
1.304
1.412
1.264
1.328
1.328
1.26
1.36
1.26
1.428
1.392
1.376
1.388
1.28
1.376
1.284
1.44
1.384
1.356
1.4
1.272
1.452
1.38
1.364
1.448
1.332
1.408
1.304
1.404
1.404
1.412
1.476
1.268
1.376
1.324
1.392
1.404
1.332
1.392
1.248
1.372
1.28
1.264
1.352
1.288
1.344
1.276
1.26
1.32
1.216
1.356
1.256
1.356
1.384
1.328
1.432
1.444
1.56
1.352
1.404
1.328
1.448
1.432
1.408
1.44
1.364
1.556
1.352
1.444
1.408
1.456
1.46
1.404
1.5
1.344
1.472
1.38
1.44
1.324
1.34
1.456
1.428
1.456
1.276
1.428
1.328
1.36
1.448
1.4
1.436
1.288
1.436
1.316
1.44
1.388
1.4
1.404
1.312
1.472
1.296
1.468
1.368
1.436
1.448
1.344
1.524
1.336
1.368
1.268
1.364
1.356
1.38
1.3
1.232
1.368
1.188
1.208
1.18
1.116
1.104
1.092
1.308
1.212
1.236
1.332
1.252
1.316
1.248
1.088
1.076
0.928
0.916
0.916
0.908
0.952
1.06
1.172
1.244
1.176
1.232
1.184
1.18
1.308
1.196
1.236
1.304
1.196
1.408
1.38
1.372
1.324
1.284
1.412
1.32
1.528
1.44
1.5
1.376
1.452
1.364
1.364
1.288
1.404
1.448
1.192
1.208
1.084
1.112
1.236
1.2
1.336
1.308
1.248
1.336
1.196
1.252
1.352
1.288
1.244
1.348
1.256
1.396
1.316
1.368
1.372
1.308
1.424
1.272
1.368
1.424
1.376
1.444
1.304
1.368
1.376
1.312
1.256
1.112
1.276
1.252
1.284
1.48
1.436
1.404
1.252
1.304
1.264
1.224
1.328
1.2
1.284
1.34
1.268
1.344
1.2
1.272
1.372
1.3
1.384
1.216
1.312
1.412
1.344
1.372
1.22
1.352
1.444
1.284
1.464
1.464
1.428
1.392
1.264
1.472
1.452
1.196
1.18
1.132
1.048
1.12
1.204
1.344
1.236
1.28
1.308
1.156
1.288
1.348
1.252
1.408
1.288
1.396
1.324
1.272
1.42
1.252
1.4
1.324
1.28
1.408
1.248
1.356
1.32
1.172
1.4
1.392
1.384
1.316
1.156
1.152
1.072
0.992
0.94
1.112
1.304
1.328
1.316
1.276
1.26
1.156
1.328
1.288
1.304
1.316
1.28
1.38
1.324
1.384
1.332
1.344
1.384
1.248
1.356
1.32
1.408
1.4
1.26
1.416
1.26
1.324
1.412
1.264
1.456
1.32
1.42
1.404
1.224
1.436
1.364
1.352
1.516
1.492
1.44
1.328
1.388
1.264
1.412
1.316
1.276
1.4
1.228
1.328
1.336
1.236
1.356
1.332
1.352
1.356
1.26
1.388
1.268
1.464
1.32
1.368
1.368
1.388
1.388
1.296
1.416
1.304
1.436
1.352
1.364
1.368
1.26
1.376
1.328
1.344
1.432
1.244
1.348
1.372
1.328
1.4
1.256
1.408
1.28
1.436
1.284
1.336
1.292
1.308
1.38
1.26
1.404
1.28
1.316
1.348
1.480535
1.352
1.356
1.408
1.276
1.456
1.332
1.336552
1.444
1.412
1.284
1.408
1.252
1.34
1.304
1.308
1.476
1.412
1.5
1.332
1.372
1.368
1.342859
1.332
1.384
1.368
1.18
1.212
1.176
1.044
1.8
0.96
1.164
1
0.964
1.064
1.192
1.208
1.256
1.296
1.256
1.232
1.236
1.244
1.244
1.252
1.252
1.284
1.304
1.208
1.536
1.4
1.332
1.46
1.28
1.344
1.22
1.316
1.4
1.36
1.376
1.276
1.392
1.284
1.428
1.34
1.312
1.4
1.388
1.496
1.364
1.404
1.272
1.42
1.344
1.416
1.428
1.296
1.432
1.3
1.404
1.316
1.336
1.4
1.264
1.396
1.272
1.444
1.368
1.364
1.428
1.392
1.392
1.236
1.312
1.264
1.272
1.472
1.328
1.436
1.308
1.38
1.336
1.344
1.452
1.276
1.436
1.34
1.388
1.368
1.28
1.332
1.212
1.372
1.352
1.316
1.5
1.42
1.34
1.46
1.348
1.536
1.304
1.416
1.344
1.36
1.376
1.22
1.316
1.224
1.308
1.316
1.22
1.356
1.216
1.272
1.236
1.22
1.324
1.24
1.344
1.212
1.168
1.104
0.98
0.948
1.104
1.348
1.296
1.2
1.248
1.22
1.2
1.3
1.244
1.232
1.308
1.252
1.404
1.352
1.3
1.444
1.384
1.292
1.552
1.328
1.46
1.328
1.304
1.376
1.208
1.408
1.428
1.48
1.4
1.352
1.452
1.272
1.34
1.304
1.364
1.448
1.32
1.42
1.228
1.332
1.54
1.34
1.464
1.412
1.544
1.388
1.424
1.424
1.344
1.432
1.26
1.412
1.412
1.332
1.448
1.276
1.368
1.344
1.38
1.396
1.276
1.412
1.276
1.412
1.316
1.392
1.32
1.296
1.312
1.224
1.4
1.304
1.392
1.424
1.264
1.364
1.3
1.256
1.216
1.152
1.52
1.324
1.336
1.296
1.204
1.3
1.184
1.288
1.304
1.212
1.432
1.332
1.388
1.368
1.332
1.388
1.284
1.396
1.268
1.364
1.288
1.256
1.308
1.112
1.092
1.032
0.972
0.972
1.352
1.18
1
0.968
1.084
1.192
1.288
1.304
1.284
1.296
1.176
1.264
1.26
1.188
1.344
1.388
1.236
1.464
1.352
1.292
1.408
1.308
1.432
1.424
1.348
1.5
1.452
1.372
1.508
1.356
1.484
1.32
1.376
1.512
1.328
1.428
1.496
1.256
1.42
1.332
1.476
1.476
1.472
1.512
1.332
1.396
1.32
1.344
1.448
1.408
1.32
1.412
1.336
1.516
1.608
1.36
1.408
1.492
1.396
1.452
1.324
1.436
1.264
1.372
1.296
1.364
1.352
1.308
1.48
1.368
1.372
1.42
1.468
1.532
1.324
1.44
1.44
1.312
1.62
1.408
1.54
1.516
1.34
1.492
1.428
1.228
1.564
1.356
1.436
1.324
1.356
1.3
1.3
1.336
1.22
1.332
1.156
1.28
1.268
1.236
1.372
1.204
1.356
1.252
1.344
1.464
1.384
1.5
1.448
1.42
1.312
1.42
1.42
1.376
1.376
1.292
1.404
1.26
1.272
1.464
1.368
1.4
1.26
1.504
1.364
1.34
1.372
1.252
1.372
1.308
1.36
1.436
1.408
1.472
1.32
1.4
1.256
1.364
1.36
1.364
1.5
1.364
1.336
1.48
1.396
1.428
1.34
1.176
1.56
1.376
1.512
1.3
1.412
1.4
1.288
1.4
1.36
1.32
1.356
1.172
1.448
1.38
1.324
1.36
1.252
1.352
1.176
1.172
1.116
1.064
1.064
1.148
1.144
1.268
1.16
1.244
1.36
1.284
1.396
1.24
1.296
1.32
1.336
1.5
1.372
1.484
1.344
1.372
1.412
1.284
1.42
1.28
1.292
1.196
1.244
1.216
1.052
1.096
1.132
1.024
1.06
1.26
1.232
1.364
1.28
1.324
1.272
1.22
1.244
1.16
1.308
1.38
1.204
1.332
1.376
1.34
1.436
1.332
1.356
1.344
1.32
1.4
1.276
1.416
1.268
1.356
1.364
1.32
1.616
1.356
1.324
1.464
1.22
1.368
1.292
1.292
1.396
1.268
1.344
1.216
1.156
1.08
0.972
0.94
1.04
1.352
1.276
1.196
1.2
1.224
1.164
1.04
0.948
0.968
1.16
1.304
1.272
1.276
1.204
1.268
1.28
1.232
1.26
1.18
1.064
0.968
0.952
0.956
1.132
1.212
1.212
1.132
1.3
1.3
1.284
1.368
1.304
1.248
1.3
1.224
1.272
1.252
1.216
1.368
1.232
1.3
1.38
1.296
1.392
1.244
1.388
1.348
1.296
1.504
1.344
1.4
1.384
1.3
1.412
1.288
1.412
1.296
1.412
1.44
1.416
1.396
1.448
1.32
1.444
1.5
1.348
1.476
1.364
1.352
1.284
1.364
1.5
1.352
1.428
1.388
1.244
1.424
1.276
1.252
1.148
1.092
1.124
1.052
1.02
0.976
1.104
1.224
1.256
1.148
1.192
1.2
1.244
1.252
1.196
1.276
1.18
1.332
1.352
1.196
1.34
1.268
1.384
1.456
1.456
1.42
1.276
1.372
1.348
1.428
1.5
1.388
1.428
1.456
1.324
1.46
1.456
1.36
1.352
1.316
1.512
1.396
1.284
1.328
1.208
1.428
1.376
1.252
1.396
1.312
1.304
1.272
1.272
1.516
1.292
1.392
1.32
1.38
1.432
1.268
1.5
1.416
1.284
1.288
1.124
1.132
1.1
1.16
1.284
1.156
1.28
1.244
1.196
1.304
1.16
1.208
1.204
1.256
1.312
1.204
1.28
1.352
1.26
1.416
1.356
1.348
1.228
1.32
1.364
1.324
1.232
1.376
1.336
1.208
1.216
1.308
1.224
1.068
1.104
1.096
1.052
0.952
0.976
1.124
1.264
1.312
1.248
1.312
1.3
1.304
1.372
1.244
1.332
1.352
1.296
1.38
1.172
1.388
1.34
1.384
1.452
1.404
1.412
1.288
1.436
1.316
1.376
1.468
1.404
1.456
1.424
1.336
1.468
1.324
1.408
1.316
1.412
1.324
1.336
1.392
1.24
1.32
1.336
1.216
1.392
1.24
1.348
1.28
1.196
1.288
1.128
1.196
1.148
1.092
1.116
1.076
1.06
1.064
1.036
1.276
1.236
1.232
1.304
1.2
1.28
1.316
1.316
1.32
1.304
1.396
1.26
1.356
1.34
1.364
1.408
1.292
1.452
1.396
1.448
1.296
1.428
1.348
1.496
1.404
1.428
1.384
1.424
1.34
1.404
1.368
1.384
1.38
1.412
1.456
1.276
1.308
1.252
1.408
1.324
1.348
1.316
1.36
1.316
1.388
1.288
1.304
1.324
1.188
1.324
1.22
1.24
1.284
1.332
1.42
1.324
1.412
1.26
1.384
1.288
1.376
1.34
1.34
1.404
1.308
1.412
1.28
1.356
1.296
1.404
1.368
1.376
1.384
1.348
1.424
1.356
1.412
1.276
1.388
1.28
1.368
1.368
1.352
1.36
1.304
1.436
1.272
1.416
1.304
1.324
1.332
1.264
1.408
1.244
1.332
1.304
1.348
1.38
1.316
1.4
1.284
1.42
1.288
1.348
1.324
1.296
1.396
1.26
1.4
1.352
1.356
1.364
1.24
1.344
1.316
1.28
1.344
1.192
1.308
1.304
1.288
1.376
1.236
1.328
1.3
1.364
1.388
1.304
1.4
1.336
1.392
1.296
1.36
1.348
1.32
1.36
1.284
1.348
1.272
1.356
1.216
1.192
1.064
0.992
1.02
1.184
1.224
1.196
1.132
1.104
1.084
1.064
1.168
1.1
1.064
1.04
1.004
1.088
1.124
1.02
1.092
1.152
1.028
1.048
1.216
1.22
1.284
1.168
1.244
1.26
1.276
1.312
1.196
1.304
1.24
1.3
1.328
1.284
1.348
1.224
1.336
1.288
1.36
1.344
1.292
1.34
1.236
1.36
1.232
1.372
1.308
1.288
1.376
1.212
1.336
1.292
1.324
1.336
1.34
1.404
1.376
1.464
1.268
1.36
1.3
1.288
1.36
1.248
1.412
1.332
1.332
1.44
1.352
1.352
1.252
1.352
1.3
1.544
1.312
1.32
1.26
1.324
1.336
1.328
1.344
1.24
1.48
1.324
1.352
1.312
1.316
1.316
1.176
1.172
1.136
1.084
1.292
1.308
1.316
1.304
1.232
1.324
1.232
1.324
1.212
1.276
1.284
1.296
1.356
1.26
1.336
1.228
1.324
1.228
1.332
1.336
1.34
1.34
1.328
1.28
1.328
1.28
1.32
1.268
1.316
1.292
1.308
1.312
1.252
1.384
1.204
1.344
1.332
1.332
1.396
1.224
1.404
1.38
1.392
1.424
1.436
1.348
1.2
1.276
1.212
1.376
1.32
1.284
1.344
1.236
1.336
1.212
1.24
1.24
1.156
1.232
1.224
1.44644
0.908
0.988
1.052
1.192
1.332
1.28
1.204
1.212
1.152
1.252
1.216
1.244
1.292
1.208
1.284
1.236
1.3
1.364
1.344
1.376
1.264
1.36
1.368
1.364
1.32
1.304
1.428
1.248
1.312
1.248
1.276
1.428
1.292
1.4
1.308
1.464
1.312
1.392
1.268
1.364
1.252
1.384
1.272
1.344
1.364
1.348
1.356
1.34
1.348
1.372
1.34
1.404
1.34
1.364
1.38
1.308
1.464
1.316
1.464
1.344
1.368
1.308
1.28
1.372
1.252
1.436
1.276
1.296
1.344
1.296
1.408
1.324
1.412
1.472
1.388
1.356
1.268
1.172
1.428
1.264
1.4
1.172
1.168
1.172
1.24
1.36
1.248
1.4
1.268
1.368
1.42
1.296
1.396
1.296
1.444
1.448
1.4
1.504
1.444
1.416
1.412
1.38
1.48
1.296
1.396
1.268
1.256
1.38
1.312
1.428
1.22
1.368
1.208
1.336
1.364
1.312
1.304
1.244
1.324
1.128
1.216
1.228
1.196
1.14
1.136
1.224
1.1
1.028
0.944
0.932
0.876
0.888
0.952
0.952
0.932
0.864
0.836
0.804
0.84
0.816
0.804
0.816
0.828
0.844
0.884
0.916
0.912
0.9
0.9
0.872
0.856
0.868
0.904
0.988
1.148
1.176
1.208
1.336
1.26
1.188
1.212
1.124
1.196
1.132
1.26
1.28
1.196
1.272
1.172
1.34
1.188
1.316
1.284
1.28
1.404
1.352
1.38
1.344
1.392
1.38
1.456
1.352
1.444
1.34
1.468
1.352
1.444
1.304
1.428
1.396
1.344
1.432
1.324
1.364
1.332
1.364
1.372
1.34
1.42
1.324
1.44
1.272
1.392
1.268
1.364
1.304
1.292
1.408
1.248
1.36
1.228
1.372
1.396
1.36
1.376
1.312
1.428
1.288
1.248
1.296
1.388
1.472
1.388
1.396
1.328
1.352
1.228
1.36
1.212
1.344
1.22
1.26
1.32
1.292
1.348
1.28
1.42
1.3
1.372
1.356
1.352
1.364
1.22
1.22
1.092
1.108
1.088
0.968
0.992
1.316
1.392
1.252
1.304
1.268
1.244
1.284
1.192
1.3
1.296
1.3
1.456
1.304
1.42
1.328
1.412
1.344
1.352
1.444
1.428
1.512
1.456
1.404
1.4
1.456
1.344
1.452
1.34
1.452
1.3
1.448
1.308
1.304
1.424
1.292
1.328
1.26
1.452
1.404
1.296
1.448
1.368
1.376
1.248
1.22
1.344
1.248
1.388
1.276
1.32
1.18
1.232
1.264
1.344
1.284
1.176
1.236
1.18
1.312
1.22
1.24
1.2
1.228
1.272
1.224
1.28
1.192
1.416
1.272
1.324
1.2
1.292
1.28
1.268
1.292
1.244
1.34
1.236
1.312
1.268
1.356
1.384
1.236
1.392
1.356
1.244
1.36
1.34
1.492
1.288
1.352
1.372
1.42
1.432
1.324
1.336
1.18
1.356
1.332
1.4
1.296
1.288
1.244
1.104
1.14
1.12
0.968
0.908
0.888
0.908
0.952
1.032
1.284
1.224
1.116
1.112
1.012
1.068
1.3
1.172
1.256
1.32
1.26
1.36
1.236
1.292
1.244
1.368
1.3
1.348
1.484
1.328
1.42
1.412
1.264
1.536
1.42
1.276
1.3
1.112
1.164
1.212
1.436
1.356
1.36
1.352
1.34
1.348
1.256
1.344
1.212
1.3
1.196
1.336
1.344
1.292
1.344
1.24
1.392
1.472
1.396
1.436
1.376
1.436
1.42
1.344
1.388
1.26
1.216
1.276
1.24
1.588
1.332
1.396
1.236
1.336
1.236
1.268
1.4
1.212
1.44
1.248
1.392
1.376
1.3
1.312
1.380009
1.12
1.164
1.292
1.236
1.336
1.204
1.268
1.224
1.216
1.268
1.144
1.116
1
0.968
1.332
1.336
1.292
1.24
1.296
1.168
1.16
1.276
1.256
1.272
1.416
1.272
1.44
1.38
1.248
1.336
1.292
1.436
1.484
1.316
1.42
1.436
1.352
1.548
1.348
1.268
1.356
1.332
1.56
1.324
1.276
1.124
1.156
1.208
1.068
1.064
0.96
0.932
0.932
0.944
1.152
1.232
1.192
1.192
1.156
1.196
1.196
1.112
1.108
1.304
1.292
1.34
1.328
1.288
1.392
1.288
1.412
1.216
1.436
1.396
1.384
1.36
1.392
1.432
1.368
1.492
1.388
1.492
1.52
1.604
1.528
1.604
1.572
1.496
1.428
1.52
1.416
1.536
1.58
1.564
1.524
1.48
1.484
1.464
1.432
1.336
1.524
1.42
1.432
1.512
1.52
1.488
1.504
1.496
1.56
1.6
1.604
1.6
1.6
1.576
1.572
1.536
1.524
1.528
1.44
1.62
1.388
1.608
1.448
1.584
1.388
1.468
1.428
1.408
1.492
1.388
1.484
1.256
1.5
1.408
1.444
1.42
1.484
1.428
1.388
1.44
1.312
1.424
1.308
1.672
1.428
1.528
1.388
1.448
1.396
1.544
1.524
1.5
1.536
1.512
1.488
1.444
1.532
1.42
1.436
1.424
1.476
1.416
1.352
1.32
1.424
1.296
1.56
1.384
1.484
1.368
1.344
1.4
1.396
1.52
1.42
1.46
1.36
1.416
1.356
1.5
1.336
1.452
1.332
1.488
1.376
1.436
1.36
1.408
1.384
1.476
1.4
1.44
1.384
1.448
1.444
1.472
1.544
1.54
1.524
1.428
1.5
1.392
1.524
1.332
1.464
1.412
1.496
1.372
1.372
1.448
1.344
1.388
1.22
1.432
1.284
1.4
1.384
1.42
1.508
1.264
1.408
1.256
1.392
1.232
1.352
1.268
1.288
1.352
1.3
1.424
1.34
1.4
1.272
1.436
1.4
1.424
1.388
1.408
1.408
1.524
1.452
1.428
1.512
1.344
1.508
1.34
1.472
1.484
1.424
1.464
1.46
1.424
1.292
1.52
1.34
1.504
1.308
1.516
1.476
1.368
1.312
1.336
1.404
1.376
1.352
1.32
1.368
1.22
1.308
1.2
1.224
1.328
1.336
1.396
1.356
1.496
1.46
1.432
1.376
1.564
1.388
1.436
1.476
1.4
1.544
1.396
1.504
1.416
1.532
1.492
1.328
1.476
1.308
1.488
1.344
1.444
1.34
1.368
1.288
1.472
1.26
1.34
1.196
1.652
1.36
1.416
1.356
1.336
1.42
1.608
1.452
1.328
1.384
1.36
1.5
1.44
1.552
1.412
1.384
1.288
1.368
1.472
1.436
1.448
1.44
1.36
1.16
1.28
1.168
1.092
0.996
1.04
1.268
1.36
1.196
1.336
1.264
1.3
1.264
1.292
1.38
1.368
1.364
1.296
1.38
1.18
1.404
1.336
1.388
1.376
1.424
1.46
1.384
1.48
1.428
1.596
1.472
1.38
1.524
1.384
1.428
1.56
1.192
1.34
1.468
1.328
1.432
1.34
1.416
1.388
1.28
1.324
1.296
1.336
1.216
1.24
1.308
1.168
1.26
1.14
1.14
1.1
1.136
1.3
1.228
1.336
1.228
1.324
1.244
1.376
1.276
1.328
1.276
1.3
1.236
1.236
1.48
1.3
1.416
1.316
1.532
1.38
1.272
1.36
1.228
1.42
1.292
1.392
1.456
1.424
1.456
1.372
1.488
1.324
1.464
1.368
1.356
1.36
1.164
1.28
1.248
1.372
1.22
1.368
1.292
1.48
1.344
1.432
1.288
1.456
1.352
1.396
1.324
1.34
1.468
1.376
1.396
1.372
1.46
1.38
1.464
1.4
1.388
1.316
1.504
1.26
1.416
1.364
1.452
1.364
1.36
1.504
1.332
1.404
1.364
1.472
1.456
1.336
1.36
1.26
1.432
1.38
1.28
1.284
1.136
1.26
1.212
1.224
1.344
1.188
1.312
1.396
1.34
1.456
1.228
1.16
1.104
0.988
1.484
1.328
1.404
1.32
1.408
1.328
1.384
1.384
1.404
1.4
1.38
1.424
1.304
1.356
1.356
1.436
1.288
1.372
1.256
1.4
1.304
1.316
1.292
1.376
1.42
1.348
1.484
1.336
1.32
1.344
1.428
1.5
1.32
1.452
1.504
1.308
1.448
1.224
1.404
1.256
1.364
1.28
1.372
1.34
1.312
1.34
1.284
1.388
1.276
1.352
1.284
1.348
1.488
1.292
1.384
1.292
1.308
1.296
1.216
1.28
1.204
1.42
1.296
1.368
1.308
1.396
1.384
1.236
1.404
1.38
1.352
1.384
1.28
1.476
1.316
1.3
1.408
1.388
1.468
1.328
1.436
1.38
1.372
1.568
1.384
1.444
1.26
1.34
1.28
1.364
1.388
1.396
1.44
1.312
1.452
1.38
1.324
1.3
1.232
1.316
1.232
1.252
1.156
1.268
1.224
1.288
1.264
1.356
1.32
1.216
1.276
1.16
1.276
1.28
1.232
1.296
1.22
1.276
1.248
1.188
1.324
1.292
1.172
1.28
1.348
1.324
1.316
1.212
1.424
1.268
1.336
1.324
1.276
1.492
1.332
1.42
1.3
1.424
1.428
1.38
1.468
1.368
1.46
1.288
1.384
1.28
1.384
1.184
1.244
1.2
1.24
1.3
1.124
1.072
0.972
0.944
1.032
1.392
1.332
1.24
1.3
1.32
1.216
1.26
1.144
1.256
1.336
1.296
1.4
1.284
1.452
1.364
1.328
1.364
1.168
1.308
1.344
1.324
1.432
1.184
1.16
1.208
1.26
1.32
1.168
1.304
1.388
1.288
1.412
1.384
1.448
1.448
1.356
1.332
1.444
1.348
1.444
1.32
1.356
1.52
1.38
1.38
1.196
1.404
1.304
1.392
1.404
1.304
1.356
1.208
1.412
1.3
1.316
1.312
1.284
1.404
1.188
1.166382
1.244
1.16
1.248
1.22
1.312
1.252
1.16
1.264
1.376
1.308
1.28
1.224
1.16
1.212
1.088
1.072
0.98
0.916
0.908
0.96
1.132
1.136
1.112
1.152
1.068
1.012
1.032
0.944
0.908
0.936
1.18
1.152
1.144
1.332
1.288
1.276
1.324
1.24
1.32
1.364
1.288
1.364
1.324
1.348
1.428
1.296
1.348
1.42
1.272
1.372
1.464
1.209408
1.268
1.228
1.324
1.192
1.352
1.188
1.288
1.36
1.312
1.472
1.364
1.324
1.48
1.284
1.416
1.464
1.376
1.5
1.516
1.28
1.432
1.227787
1.172
1.264
1.096
1.272
1.252
1.292
1.28
1.216
1.336
1.204
1.208
1.204
1.032
0.98
0.924
0.908
1.064
1.252
1.32
1.184
1.224
1.088
1.144
1.34
1.236
1.304
1.396
1.296
1.396
1.272
1.384
1.348
1.192
1.176
1.14
1.1
1.06
1.024
0.96
0.968
0.976
1.056
1.2
1.2
1.164
1.248
1.196
1.244
1.356
1.184
1.324
1.256
1.284
1.352
1.216
1.564
1.276
1.404
1.372
1.3
1.392
1.196
1.368
1.28
1.392
1.332
1.288
1.48
1.372
1.468
1.284
1.36
1.312
1.28
1.428
1.38
1.332
1.42
1.38
1.464
1.464
1.332
1.32
1.164
1.244
1.14
1.244
1.24
1.228
1.296
1.16
1.244
1.12
1.144
1.06
0.936
0.916
0.9
0.944
1.336
1.288
1.264
1.152
1.232
1.208
1.188
1.252
1.276
1.3
1.288
1.292
1.196
1.408
1.208
1.212
1.256
1.152
1.264
1.192
1.144
1.228
1.156
1.156
1.168
1.08
1.008
1.024
1.256
1.204
1.348
1.344
1.336
1.364
1.212
1.34
1.244
1.228
1.312
1.176
1.336
1.284
1.296
1.432
1.264
1.464
1.348
1.312
1.34
1.244
1.424
1.404
1.324
1.392
1.244
1.284
1.52
1.344
1.392
1.304
1.312
1.46
1.368
1.376
1.436
1.332
1.324
1.352
1.412
1.432
1.352
1.392
1.224
1.316
1.236
1.3
1.368
1.224
1.268
1.136
1.196
1.34
1.252
1.368
1.204
1.324
1.328
1.212
1.32
1.244
1.44
1.324
1.32
1.324
1.312
1.48
1.364
1.348
1.512
1.38
1.364
1.464
1.368
1.308
1.292
1.308
1.196
1.224
1.136
1.228
1.256
1.26
1.328
1.196
1.252
1.152
1.18
1.272
1.196
1.3
1.204
1.276
1.184
1.044
0.976
0.976
1.28
1.192
1.112
1.068
1.084
1.004
1.132
1.164
1.204
1.096
0.936
0.888
0.848
0.82
0.816
0.828
0.852
0.86
0.876
0.928
0.904
0.944
1.06
1.076
1.136
1.128
1.12
1.012
1.032
1.076
1.04
1.092
1.044
0.984
1.028
1.228
1.14
1.244
1.14
1.148
1.156
1.08
1.204
1.12
1.016
0.952
0.916
1.048
1.1
1.1
1.008
1.012
1.132
1.212
1.292
1.236
1.224
1.296
1.168
1.348
1.312
1.292
1.284
1.132
1.148
1.12
1.092
1.304
1.268
1.3
1.308
1.18
1.32
1.268
1.296
1.272
1.236
1.296
1.132
1.224
1.36
1.348
1.284
1.18
1.204
1.3
1.428
1.38
1.36
1.312
1.3
1.344
1.292
1.36
1.256
1.356
1.252
1.32
1.336
1.296
1.284
1.268
1.356
1.14
1.064
1.304
1.348
1.284
1.276
1.156
1.252
1.208
1.276
1.232
1.284
1.304
1.208
1.264
1.208
1.188
1.192
1.1
1.156
1.28
1.288
1.164
1.212
1.168
1.192
1.24
1.112
1.228
1.268
1.26
1.308
1.188
1.316
1.208
1.24
1.208
1.164
1.268
1.2
1.288
1.328
1.316
1.332
1.296
1.372
1.22
1.228
1.184
1.204
1.324
1.232
1.228
1.324
1.18
1.244
1.204
1.168
1.12
1.06
1.216
1.276
1.2
1.308
1.272
1.312
1.264
1.124
1.208
1.18
1.296
1.352
1.232
1.368
1.316
1.28
1.36
1.312
1.292
1.232
1.36
1.304
1.332
1.352
1.172
1.168
1.232
1.148
1.316
1.208
1.248
1.32
1.264
1.344
1.196
1.256
1.272
1.36
1.3
1.28
1.312
1.196
1.308
1.292
1.18
1.276
1.216
1.204
1.292
1.152
1.184
1.08
1.084
0.972
0.924
0.94
1.088
1.248
1.248
1.24
1.148
1.2
1.224
1.212
1.256
1.124
1.204
1.152
1.2
1.376
1.164
1.088
1.012
1.08
1.168
1.268
1.208
1.144
1.1
1.04
0.98
0.988
1.064
1.12
1.168
1.22
1.112
1.136
0.972
0.9
0.896
0.988
1.344
1.156
1.216
1.252
1.088
1.12
1.144
1.076
1.084
1.056
1.028
1.16
1.18
1.22
1.264
1.24
1.32
1.348
1.356
1.192
1.24
1.132
1.26
1.288
1.14
1.208
1.296
1.256
1.172
1.252
1.224
1.284
1.36
1.308
1.412
1.268
1.272
1.344
1.272
1.4
1.324
1.348
1.348
1.168
1.332
1.24
1.3
1.348
1.264
1.3
1.188
1.28
1.196
1.196
1.244
1.136
1.264
1.212
1.32
1.192
1.132
1.312
1.232
1.324
1.248
1.34
1.412
1.284
1.284
1.284
1.304
1.232
1.288
1.184
1.252
1.184
1.244
1.292
1.296
1.4
1.3
1.356
1.236
1.272
1.256
1.156
1.232
1.224
1.232
1.248
1.14
1.348
1.308
1.284
1.332
1.204
1.348
1.268
1.304
1.384
1.3
1.376
1.324
1.224
1.328
1.212
1.348
1.184
1.372
1.244
1.288
1.276
1.12
1.2
1.24
1.168
1.256
1.232
1.32
1.316
1.276
1.372
1.236
1.256
1.288
1.26
1.34
1.2
1.356
1.288
1.184
1.24
1.144
1.088
1.008
0.908
0.952
1.348
1.188
1.276
1.172
1.172
1.128
1.08
1.088
1.176
1.132
1.168
1.228
1.148
1.116
1.1
1.028
0.944
0.936
0.976
1.26
1.208
1.184
1.24
1.2
1.192
1.288
1.2
1.228
1.304
1.168
1.316
1.428
1.304
1.292
1.148
1.188
1.204
1.184
1.456
1.28
1.324
1.304
1.336
1.248
1.324
1.336
1.36
1.208
1.284
1.316
1.288
1.36
1.204
1.36
1.224
1.292
1.336
1.26
1.368
1.344
1.364
1.316
1.34
1.372
1.324
1.376
1.22
1.324
1.224
1.096
1.172
1.116
1.104
1.108
1.06
1.148
1.196
1.22
1.096
0.992
1.024
1.144
1.072
1.236
1.148
1.092
1.168
1.016
1.108
1.164
1.028
1.04
1.108
1.136
