1.048
0.956
0.908
0.876
0.848
0.892
0.924
0.892
0.82
0.844
0.904
0.98
0.98
0.948
0.968
0.94
0.94
0.92
0.988
0.984
0.996
0.94
0.876
0.876
0.916
0.908
0.94
0.932
0.964
0.972
1.004
0.972
0.88
0.896
0.944
0.976
1.024
0.968
0.964
1.032
0.944
0.904
0.86
0.808
0.756
0.72
0.728
0.724
0.772
0.792
0.868
0.916
0.908
0.896
0.94
0.844
0.824
0.84
0.856
0.82
0.82
0.836
0.868
0.908
0.944
0.892
0.896
0.804
0.772
0.804
0.912
0.992
0.98
0.992
0.956
0.96
0.964
1.012
0.976
0.916
0.964
1.06
1.076
1.06
1.076
1.024
1.008
1.032
0.956
0.908
0.992
0.988
0.952
0.964
0.968
0.976
1.024
1.012
1.008
1.004
1.016
1.024
0.96
0.968
0.984
1.028
1.032
1.02
0.948
0.948
0.86
0.808
0.764
0.808
0.956
0.984
0.976
0.976
0.996
0.968
0.928
0.848
0.792
0.852
1.024
0.992
1.06
1.072
1.016
0.988
0.972
0.988
1.024
0.992
0.984
0.948
0.96
0.996
0.968
1.004
1.016
1.032
0.968
0.948
1.02
1.016
1.02
0.964
0.96
1.004
0.928
0.952
0.928
0.948
0.968
0.932
0.936
0.968
0.976
0.996
1.008
0.94
0.956
0.956
0.96
0.94
0.896
0.94
0.988
0.968
0.996
0.956
0.932
0.952
0.96
0.928
0.964
0.988
1.028
0.916
0.976
1.04
0.904
0.96
1
0.952
0.912
0.86
0.844
0.94
0.952
0.976
0.892
0.94
0.928
0.892
0.96
1.032
1.008
0.96
0.984
0.972
0.964
0.972
1.016
0.988
1.052
1.128
1.044
1.048
1.008
0.988
1.032
0.996
1.036
1.064
0.968
1.012
0.988
0.976
1.028
0.992
0.976
1
0.956
1.008
0.996
0.956
0.996
1.02
0.996
0.96
0.996
0.952
0.964
1.004
1.004
0.996
1.04
1.008
0.964
1.012
0.98
0.916
0.88
0.784
0.792
0.904
0.932
0.956
1.012
0.964
0.972
0.984
0.992
0.992
0.976
1.04
1.06
1.028
1.036
0.98
0.98
1.036
1.052
1.04
1.028
0.996
1.004
0.96
0.94
0.912
0.968
0.94
0.988
0.94
0.916
0.936
0.94
0.988
0.968
0.972
1.02
1.028
1.044
1.012
0.976
1.016
1.028
1.032
1.052
1.024
1.048
1.004
1.028
1.024
1.004
0.888
0.828
0.8
0.808
0.772
0.812
0.8
0.86
0.892
0.94
0.844
0.868
0.844
0.792
0.796
0.848
0.8
0.76
0.808
0.8
0.864
0.892
0.94
0.96
0.968
0.944
0.936
0.992
1.008
0.988
1.032
1.02
1.028
0.988
1.036
1.016
0.908
0.988
1.092
1.096
1.088
0.992
0.956
0.932
0.92
0.996
1.032
1.008
0.944
0.888
0.948
1.048
1.004
1.016
1.004
0.924
0.968
0.996
0.988
0.98
1.004
0.944
0.96
0.996
0.984
0.968
1.004
0.968
0.892
0.92
0.828
0.824
0.98
0.932
1.052
1.048
1.028
0.976
0.964
0.936
0.86
0.832
0.88
0.968
1.004
0.972
0.976
0.948
0.872
0.892
1.032
1.032
1.032
0.996
0.964
0.936
0.96
0.928
0.852
0.916
0.996
1.036
1
0.988
1
0.944
0.9
0.904
0.944
0.976
1.012
1.012
0.94
0.952
1.008
0.968
0.96
1.008
1
1.02
1
0.944
0.944
0.952
0.916
0.968
0.976
0.904
0.936
0.952
0.9
0.94
0.948
0.884
0.864
0.88
0.924
0.92
0.988
1.016
1.024
1.056
1.008
0.928
0.964
0.924
0.86
0.872
0.872
0.824
0.796
0.908
0.896
0.948
1.044
1.024
0.944
0.88
0.836
0.912
1.024
1.024
1.004
1.004
0.972
0.872
0.924
1.024
1.044
1.044
0.968
1.024
1.02
1
0.992
0.952
0.992
1.044
1.02
0.992
1.016
1.016
1.044
0.948
0.88
0.832
0.832
0.804
0.776
0.764
0.784
0.836
0.924
0.956
0.964
0.952
0.928
0.868
0.788
0.784
0.808
0.876
0.932
0.94
0.94
0.948
0.9
0.944
1.016
1.056
1.044
1.04
0.968
0.916
0.972
1.068
1.064
1.028
1.016
1.004
1.016
1.02
1.04
1.064
1.048
0.98
1.008
1.016
1.02
1.04
0.972
0.968
0.992
1.024
0.996
1.012
0.956
0.948
1.008
0.996
0.996
0.988
0.984
0.928
0.988
1.048
1.044
1.012
0.988
1.008
1.048
0.976
0.964
1.028
1.076
1.076
1.036
1.06
1.084
1.056
1.048
1.064
1.088
0.948
0.852
0.9
1.036
1.06
0.992
0.876
0.824
0.816
0.884
1.044
1.052
1.024
1.032
0.96
0.928
0.984
1.004
1.028
1.028
0.984
0.98
0.92
0.908
0.992
1.032
1.052
1.008
1.008
1.06
1.024
0.968
0.94
1.008
1.06
1.06
1.032
0.952
0.96
1.008
1.036
1.016
0.98
1.024
1.036
1.044
1.032
1
0.988
0.956
0.872
0.932
1.004
1.044
1.016
0.952
0.98
1.012
1.016
0.992
1.008
1.032
0.996
0.932
1.012
1.036
0.996
0.98
1.052
1.084
1.056
0.972
0.988
0.984
0.996
0.996
1.016
1.028
1.048
1.004
1.04
0.968
0.948
0.892
0.82
0.844
0.952
0.92
0.984
0.992
0.952
0.956
0.964
0.936
1
1.02
1
1.044
1.012
0.988
1.004
0.96
0.924
0.948
0.988
0.992
0.948
0.972
0.98
0.992
0.908
0.976
1.024
1.024
0.996
1.012
1.02
0.948
0.86
0.856
0.98
0.996
0.936
0.84
0.804
0.792
0.824
0.948
1.024
1.02
0.976
0.852
0.792
0.816
0.976
1.04
1.016
0.972
0.948
0.944
0.956
0.956
0.9
0.988
1.068
1.084
0.96
0.972
0.984
1.012
1.016
0.988
0.912
0.964
1.008
1.044
1.06
1.04
0.952
0.972
1.048
1.036
1.028
0.992
0.94
0.952
0.98
0.988
0.976
0.964
0.992
1.02
1
0.92
0.9
0.944
1.052
1.048
1.016
0.988
0.952
0.972
0.984
1.016
0.956
0.904
0.936
0.964
0.992
0.928
0.928
0.98
0.992
0.972
0.9
0.92
0.972
0.972
1.004
0.944
0.908
0.924
0.876
0.852
0.812
0.808
0.904
0.916
0.936
0.892
0.832
0.8
0.776
0.76
0.748
0.788
0.888
0.836
0.836
0.8
0.78
0.792
0.764
0.8
0.804
0.824
0.884
0.96
0.984
0.88
0.824
0.904
0.86
0.908
0.984
0.992
0.956
0.952
0.944
0.996
0.956
0.984
1.02
1.036
1.028
0.996
0.932
0.852
0.884
1.032
1.052
1.08
1.06
1.032
0.98
1.012
1.064
1.068
1.024
1.064
1.064
1.08
1.032
0.984
1.028
1.028
1.056
1.028
0.992
0.972
1.036
1.024
1.012
1.028
0.956
1.028
1.052
1.02
1.028
0.988
0.98
0.956
0.952
0.84
0.816
0.892
0.964
0.872
0.816
0.868
0.94
0.96
0.928
0.896
0.932
1
1.008
0.948
0.968
0.988
1.04
1.012
0.992
0.984
1.032
1.008
1.008
0.936
0.972
1.016
1.056
1.036
1
1.008
0.936
0.94
1.016
1.056
1.04
1.012
1
0.968
0.98
0.996
1.048
1.016
0.984
1.02
1.036
1.032
1.04
1.004
0.944
0.98
1.048
1.064
0.992
1.016
1.032
1.084
1.02
1.004
0.952
1.004
1.052
1.052
1.048
0.992
0.988
1.008
0.976
1.02
1.02
1.028
1.052
0.972
0.96
1
1.06
1.04
1.004
0.924
0.936
0.952
1.004
0.992
0.996
1.02
0.94
0.864
0.84
0.8
0.8
0.9
0.948
0.984
0.908
0.944
0.976
0.952
0.876
0.896
0.924
0.88
0.896
0.94
1
0.904
0.904
0.98
1
0.972
0.968
0.972
0.968
0.968
0.948
0.976
0.868
0.832
0.9
0.948
0.924
0.832
0.86
0.84
0.824
0.9
1
1.008
0.968
0.972
0.968
0.928
0.956
1
1.024
1.016
0.992
0.94
0.96
0.984
1.004
0.992
1.032
1.048
1.052
0.964
0.984
1
0.996
1
0.924
0.928
0.956
0.96
1.012
1.02
1.012
0.988
0.996
0.96
0.968
0.976
0.944
0.908
0.924
0.96
0.88
0.828
0.912
1.04
0.944
0.992
0.992
0.936
0.92
0.948
0.94
1
1.016
0.884
0.816
0.888
0.992
0.996
0.976
0.952
0.9
0.88
0.836
0.796
0.812
0.82
0.824
0.768
0.756
0.796
0.82
0.908
0.844
0.884
0.94
0.964
0.936
0.916
0.92
0.952
0.984
1.012
0.984
0.988
1.024
0.992
0.916
0.936
0.916
0.832
0.92
1.036
1.028
1.024
1.02
1.024
1.008
0.932
0.932
0.996
1.08
1.1
1.084
1.076
1.052
0.932
0.884
0.964
1.076
1.088
1.068
1.028
1.036
1.032
1.048
1
1.032
1.04
1.076
1.064
1
1.052
1.084
1.096
1.08
1.004
0.98
0.992
1.04
1.056
1.032
1.008
0.984
0.988
0.972
1
1.02
0.992
0.908
0.908
0.968
0.988
0.98
0.944
0.932
0.912
0.928
0.976
0.976
0.98
0.968
1.012
1.04
1.004
0.992
0.972
0.98
0.952
0.968
0.956
0.924
0.964
0.996
0.948
0.952
0.96
0.944
0.936
0.964
0.992
0.988
1.004
0.98
0.988
0.944
0.936
1
1.048
1.032
1.044
1.02
1.016
1.024
0.888
0.836
0.804
0.768
0.836
1.028
1.088
0.996
1.012
1.012
1.008
0.96
0.976
1.008
1.076
1.012
1.016
1.024
1.004
1.02
1.056
1.044
0.968
0.888
0.96
0.948
0.948
0.948
0.892
0.86
0.84
0.872
0.844
0.896
0.912
0.94
0.94
0.864
0.8
0.82
0.872
1
0.992
1.04
1.032
1.04
1.004
0.968
1.012
0.992
1.056
1.056
1.048
1.048
1
1.024
1.088
1.036
1.044
1.024
1.028
1.048
1.028
1.068
1.112
1.024
1.024
1.028
1.016
1.032
1.024
1.044
1.06
1.012
1.044
1
0.972
1.004
1.04
1.08
0.944
0.936
1
1.032
1.024
0.98
0.976
0.996
1.016
1.004
1.04
1.1
1.06
1.064
1.048
0.976
0.996
1.028
0.984
0.98
0.984
0.98
0.968
1.004
1.036
0.984
1.024
0.992
0.956
1.016
1.04
0.996
0.924
0.932
0.892
0.864
0.824
0.88
0.88
0.976
1.048
0.988
1.024
1.016
0.92
0.892
0.892
0.944
0.98
1.028
1.04
1.012
0.992
1.024
1.056
1.056
1.016
1.052
1.04
1.052
1
1.016
1.06
1.06
1.084
1.052
0.984
1.024
1.024
1.02
1.048
1.016
1.036
1.02
0.996
1
1.04
1.02
1.02
1.032
0.988
0.944
0.976
1.032
1
1.04
1.032
1.004
1.016
1.008
0.956
0.98
0.972
0.984
1.02
0.992
1
1.056
1.032
1.072
1.064
1.024
1.016
0.988
1.032
1.08
1.016
1.012
0.996
0.952
0.964
0.988
1.008
1.024
1.076
1.012
0.96
1.016
0.992
1.012
1.008
0.972
0.892
0.912
0.972
0.86
0.848
0.872
0.848
0.812
0.928
0.936
0.976
0.992
0.98
0.896
0.968
1.016
1.016
1.068
1.04
1.024
1.064
1.052
1.088
1.072
1.016
1.028
0.988
0.936
0.948
0.928
0.972
1.028
1.056
1.06
1.044
1.016
1.02
1
1.008
0.888
0.904
0.984
1.06
1.04
1
1.036
1.044
0.972
1.012
1.056
1.064
0.988
0.972
1.048
1.052
1.024
0.948
0.996
1.044
1.052
1.06
1.04
0.968
0.972
0.992
0.872
0.828
0.84
0.796
0.84
0.984
1.052
0.988
0.992
1
0.976
0.908
0.972
1.024
1.004
0.988
0.956
0.968
1.004
1.028
1.032
1.068
1.08
0.996
1.004
1.04
1.068
1.108
1.012
1.032
1.072
1.128
1.052
0.948
0.992
1.08
1.096
1
1.008
0.94
0.856
0.836
0.996
1.144
1.072
1.028
1
0.98
0.88
0.884
0.996
1.06
1.06
0.984
1.024
1.04
1.032
0.964
0.992
1.02
1.012
1.004
0.984
0.984
0.976
0.948
0.992
0.992
0.948
1.008
1.048
1.036
0.996
0.948
0.948
0.924
0.944
0.928
0.904
0.908
0.868
0.84
0.796
0.832
0.928
0.976
0.9
0.916
0.956
0.968
0.964
0.968
0.944
0.948
0.968
0.968
0.988
0.968
0.968
0.916
0.936
1
1.036
1.048
0.98
0.976
0.968
0.912
0.864
0.824
0.832
0.904
0.924
0.92
0.9
0.864
0.896
0.892
0.836
0.8
0.784
0.772
0.78
0.748
0.756
0.752
0.732
0.74
0.772
0.78
0.844
0.876
0.912
0.944
0.952
0.912
0.936
0.932
0.876
0.92
0.94
0.932
1.004
1
0.944
0.948
0.928
0.916
0.916
0.924
0.98
1.032
1.044
1.016
1.02
0.992
1
0.976
0.908
0.972
0.984
0.976
0.988
0.976
0.96
0.976
0.984
0.98
1.016
1.02
1.008
0.984
0.98
0.996
0.972
1
0.984
1.012
1.004
0.952
0.96
1.02
1.004
1.028
1.02
0.98
0.964
0.972
0.996
1.012
1.004
0.992
1.008
0.936
0.96
0.976
0.98
0.932
0.988
0.992
0.952
0.984
0.964
0.948
0.98
0.96
0.896
0.944
0.988
0.94
0.972
0.976
0.92
0.972
1
0.988
0.984
1.02
0.984
0.948
0.984
1.028
0.988
0.996
0.996
0.996
0.936
0.932
0.876
0.796
0.812
0.876
0.964
0.896
0.816
0.776
0.8
0.844
0.908
0.932
0.944
1.004
1.032
0.96
0.988
0.992
0.996
0.988
0.996
1.024
0.964
0.968
0.98
0.984
0.968
0.988
0.976
0.944
1.004
1.02
0.992
1.024
1.016
0.968
0.968
0.992
0.98
1.004
1.02
0.96
1
1.012
0.972
0.984
0.98
0.96
1
1.02
0.988
1.02
1.004
1.028
1.036
0.976
1.02
1.02
0.976
0.972
0.976
0.988
1.008
1.004
0.948
0.94
0.884
0.824
0.8
0.808
0.948
1.036
1.024
0.96
0.968
0.976
0.932
0.924
0.964
1
0.964
0.988
1.032
0.96
0.988
1.036
1.004
0.988
0.992
1.012
1.012
1.016
0.996
0.952
1.012
1.064
1.052
1.04
1
1.004
1.032
1.024
1.004
1.056
1.088
0.996
0.976
0.964
0.856
0.82
0.888
1.012
0.984
0.976
0.944
0.928
0.944
0.928
0.908
0.924
0.956
0.92
0.964
0.968
0.94
0.96
0.964
0.968
0.952
0.944
1
0.976
0.916
0.948
0.904
0.856
0.812
0.8
0.804
0.852
0.912
0.94
0.928
0.96
0.96
0.9
0.892
0.908
0.876
0.928
0.972
0.98
0.96
0.98
0.972
0.96
1
1.032
0.976
1
1.004
0.992
1.008
0.996
0.972
1.008
1.036
0.98
1
0.972
0.98
1
0.964
0.944
0.96
0.964
0.904
0.956
0.988
1
1.016
0.976
1.024
1.068
0.972
0.992
0.996
0.976
1.024
1.008
0.94
0.984
1.044
1.02
1.012
0.996
0.964
1.004
1.036
1.02
0.944
0.94
0.972
0.94
0.952
1.016
0.996
0.988
0.948
0.9
0.904
0.872
0.812
0.78
0.764
0.776
0.844
0.96
0.964
0.924
0.964
0.944
0.912
0.972
1.02
0.952
0.98
1.012
0.952
0.94
0.972
0.992
0.98
0.98
1.012
1.004
1.016
1.024
1.004
1.024
1.056
0.956
0.94
1.016
1.096
1.088
1.084
1.052
1.036
0.904
0.864
0.848
0.8
0.912
1.064
0.984
1.056
1.092
1.036
1.02
1.008
0.904
0.924
0.952
0.984
0.908
0.992
1.084
1.104
1.1
1.024
0.984
1.024
1.04
1.036
0.988
1.036
1.04
1.052
1
0.98
1.024
1.088
1.064
1.084
1.052
1.076
1.104
1.104
1.084
1.088
1.044
1.036
1.02
0.984
1.008
1.052
0.964
1.016
1.032
1.012
0.964
0.98
1.032
1.036
0.92
0.928
0.868
0.828
0.856
1.028
1.008
1.076
1.044
0.976
0.928
0.944
0.956
0.94
0.856
0.888
0.968
1.016
1
1.052
1.028
0.98
0.984
0.972
0.936
0.956
0.996
1.04
1
1.016
1.016
0.968
0.972
0.996
1.024
1.008
1.064
1.06
1.008
1.032
1.048
1.02
1.012
0.98
1.012
1.016
0.96
0.964
1.048
1.096
1.044
1.024
1.04
1.004
0.968
1
0.944
0.888
0.896
0.848
0.856
1.008
1.06
1.104
1.048
0.96
1.004
1.052
1.028
1.036
1.072
1.036
1.04
1.044
1.028
1.016
1.048
1.068
1.092
1.096
1.036
1.084
1.076
1.044
1.08
1.036
0.976
1.024
1.044
1.036
1.064
1.048
1.004
1.02
0.996
0.964
0.988
1
0.988
1.028
1.052
1.036
1.02
1.02
1.036
1.024
1.048
1.024
0.988
1.016
0.98
0.956
1.036
1.068
1.016
0.984
0.964
0.868
0.868
0.844
0.828
0.796
0.904
0.884
0.952
1.008
0.964
0.884
0.832
0.876
0.948
0.992
0.976
0.944
0.908
0.944
0.984
0.956
1.008
1.016
1.02
1.024
1.036
0.932
0.848
0.84
1.036
1.06
1.02
1.008
0.9
0.94
1.008
1.028
1.032
1.024
0.988
0.932
0.848
0.844
0.92
0.888
0.98
1.02
1.028
0.988
0.952
0.956
0.988
0.992
1.004
0.972
1.016
1.024
1.028
1.024
1.012
1.036
1.052
1.06
1.04
0.984
0.988
0.92
0.92
1.004
0.98
0.948
0.984
1.036
1
0.984
0.948
0.968
1
1.02
1.032
1.032
1
1.028
1.032
0.992
0.948
1.012
1
0.996
0.916
0.868
0.912
0.988
1.032
1.036
1.004
0.988
0.98
0.992
0.924
0.892
0.96
1.004
0.992
0.992
0.948
0.964
0.976
0.996
0.96
0.96
0.924
0.92
0.948
0.944
0.96
0.888
0.876
0.892
0.928
0.908
0.972
0.924
0.856
0.84
0.86
0.864
0.92
0.956
0.912
0.892
0.928
0.972
0.996
0.976
1.024
1.032
1.008
1.032
1.044
1.028
1.004
1.024
1.072
1.064
1.084
1.012
1.032
1.068
1.052
1.012
1.032
1.056
0.972
1.012
1
1.036
1
1.064
1.072
1.048
1.092
1.084
0.996
0.996
1.084
1.024
1
0.996
0.972
0.948
0.984
1.072
1.024
0.996
1.072
1.052
0.984
1.016
1.076
1.004
1
1.028
0.964
0.956
0.976
1.004
1.04
1.02
0.96
0.928
0.892
0.912
0.884
0.82
0.872
0.972
1.008
1.072
1.056
0.972
1.012
0.984
0.944
0.992
1.044
1.024
1.028
1.032
1.04
1
1
1.048
1.064
1.028
1.056
1.088
1.076
1.048
1.072
1.08
1.06
1.028
1.076
1.056
1.056
1.048
0.956
0.948
0.968
0.972
0.964
0.94
0.916
0.804
0.764
0.752
0.804
0.952
0.988
0.932
0.84
0.824
0.84
0.82
0.78
0.74
0.716
0.692
0.664
0.632
0.628
0.624
0.624
0.688
0.82
0.908
0.936
0.944
0.932
0.904
0.896
0.88
0.888
0.892
0.892
0.852
0.896
0.932
0.912
0.856
0.82
1
0.96
0.932
0.988
1.004
0.992
0.984
0.94
0.948
1.02
1.064
1.092
1.092
1.028
1.036
1.1
1.112
1.072
0.92
0.888
1.016
1.076
1.072
1.056
1.064
1.08
1.072
1.012
1.044
1.052
1.1
1.036
1.064
1.08
1.024
1.048
1.036
0.976
0.976
0.956
0.856
0.832
0.96
1.04
1.048
0.964
0.936
0.98
0.92
0.948
0.96
0.964
0.904
0.868
0.888
0.928
0.988
0.996
0.996
0.948
0.916
0.948
0.996
1.016
1.004
1
0.904
0.936
1.008
1.008
1.008
0.98
1.024
1.032
1.02
1.024
0.948
0.904
0.904
0.904
0.968
1.032
1.012
1.028
1.032
1.036
0.98
1.004
1.028
0.992
0.972
0.988
1.028
0.972
1.012
1.056
1.012
0.964
0.98
0.924
0.936
0.94
1.008
0.976
1.028
1.036
0.976
0.976
1.004
1.024
0.952
1.008
1.048
0.988
1.04
1.028
0.988
1.036
1.06
1.024
1.072
1.068
1.06
1.056
0.992
0.98
0.904
0.844
0.82
0.904
1.016
1.104
1.08
1.004
0.984
1
0.924
0.964
1.044
1.012
1.004
1.004
0.996
1.032
1.008
1.028
1.076
1.032
1.06
1.028
0.976
0.98
1
0.872
0.856
0.984
1.104
1.1
1.048
0.992
1.028
1.048
1.02
1
1.02
1.036
1.016
0.996
1.06
1.076
1.02
1.072
1.108
1.088
1.072
1.04
1.024
1.008
1.08
1.028
1.04
0.972
0.896
0.84
0.836
0.956
0.96
0.908
0.876
0.832
0.82
0.8
0.784
0.824
0.812
0.876
0.936
0.964
0.924
0.904
0.904
0.972
0.924
0.992
1.016
1.048
1.028
0.984
0.84
0.772
0.776
0.784
0.828
0.824
0.844
0.812
0.856
0.836
0.812
0.808
0.848
0.912
0.932
0.912
0.848
0.82
0.784
0.824
0.876
0.916
0.992
1.024
1.008
0.952
0.86
0.832
0.852
1.056
1.088
1.032
0.988
0.956
0.976
0.984
1
0.992
0.952
0.956
0.948
0.976
0.952
1.004
0.984
0.972
0.916
0.952
0.984
0.916
0.964
1.036
1
0.988
1.028
1.012
0.996
0.932
0.996
1.068
1.064
1.056
1.036
1.032
1.064
1.008
1.016
1.028
1.032
1.024
0.98
0.98
0.904
0.884
0.86
0.896
1.048
1.02
0.876
0.936
0.948
0.9
1
1.052
1.032
1.028
0.996
0.86
0.832
0.92
0.96
0.988
0.932
0.86
0.828
0.796
0.764
0.74
0.724
0.712
0.684
0.668
0.664
0.664
0.656
0.648
0.644
0.648
0.636
0.648
0.68
0.744
0.708
0.696
0.732
0.976
0.98
0.984
0.972
0.952
0.996
1.032
1.036
0.992
1.064
1.004
0.96
1.004
0.944
1.12
1.064
1.048
1.02
0.968
0.88
0.952
1.004
1.024
1.036
1.076
1.1
1.084
1.088
1.06
1.068
1.04
0.996
0.952
0.972
1.012
0.992
0.94
0.984
1
1.068
1.088
1.1
1.012
0.952
0.996
0.98
0.988
1.016
1.024
0.984
0.92
0.904
0.848
0.82
0.952
1.008
0.952
1.02
1.032
1.024
1.048
1
1.024
1.056
1.06
1.048
1.032
1.008
1.028
1.108
1.084
1.068
1.004
0.92
0.896
0.888
0.96
0.972
0.94
0.888
0.82
0.884
1.012
0.964
0.948
0.94
0.876
0.876
0.912
0.976
0.992
0.972
0.96
0.896
0.836
0.912
1.056
1.08
1.076
1.056
1.004
1.028
1.02
0.964
0.996
1.02
1.084
1.144
1.068
1.04
1.04
0.964
0.964
1.028
1.028
1.012
0.952
0.868
0.884
0.916
0.972
0.992
0.968
0.916
0.932
0.868
0.848
0.844
0.9
0.972
1.02
1.064
1.008
0.992
0.936
0.956
1
1.012
0.984
0.96
0.952
0.996
0.976
0.892
0.836
0.916
1.004
1.02
1.024
1.052
1.044
0.956
0.932
0.964
0.992
1.02
0.964
0.948
1.02
1.076
1.068
1.012
1.032
1.048
1.104
1.088
1.056
1.056
1.076
1.068
1.048
1.048
1.08
0.992
1.012
1.052
1.02
1.06
1.024
0.972
0.976
1.004
1.016
0.972
0.968
0.956
0.996
1.008
0.964
0.948
0.964
0.948
0.96
1.016
1.012
1
1.008
0.916
0.916
0.96
0.968
0.94
0.928
0.972
1.004
0.976
0.92
0.876
0.82
0.82
0.9
0.88
1.032
0.928
0.908
0.896
0.864
0.94
0.864
0.852
0.876
0.92
0.94
0.944
0.944
0.98
1
1.02
1.012
0.98
1.004
1.036
1.02
0.996
0.956
0.96
0.992
0.992
1.02
0.964
0.916
0.912
0.9
0.936
0.916
0.988
0.988
0.992
0.892
0.872
0.852
0.824
0.788
0.864
0.956
0.964
1
1.012
1.004
1.024
1.044
0.976
0.956
1.016
1.036
0.976
0.992
1.032
1.044
1.036
0.944
0.972
1.008
0.976
1.012
0.952
0.904
0.88
0.844
0.86
0.928
0.98
0.992
1
1.012
0.98
0.948
0.932
0.924
0.896
0.872
0.896
0.932
0.912
0.908
0.976
1.004
0.94
0.94
0.972
0.984
0.932
0.896
0.932
0.904
0.896
0.82
0.908
1.02
1.076
1.072
1.056
1.028
0.988
0.944
0.896
0.94
0.992
0.964
0.996
0.964
1.004
1.036
1.04
1.04
1.048
0.92
0.852
0.86
1.076
1.12
1.028
0.968
0.944
0.916
0.968
0.976
0.98
1.012
1.036
1.016
0.988
0.924
0.832
0.888
0.956
0.984
1.044
1.06
0.992
1.012
1.056
1.08
1.096
1.104
1
1.072
1.12
1.136
1.136
1.068
1.084
1.112
1.096
1.08
1.032
1.068
1.096
1.076
0.996
1.028
1.096
1.112
1.104
1.096
1.104
1.032
0.992
1.04
1.096
1.104
1.116
1.076
1.028
1
1.044
1.056
1.052
1.04
1.028
0.96
0.956
0.992
1.012
1.032
1.06
1.044
1.036
1.044
1.032
1.024
1.016
1.036
1.052
1.02
0.936
0.932
1.04
1.096
1.072
1.02
0.916
0.924
0.94
0.944
0.988
0.984
0.948
0.9
0.872
0.936
1.032
1.008
0.992
0.904
0.848
0.808
0.9
0.956
1.04
1.064
1.024
0.936
0.976
0.992
0.996
0.996
0.968
1.024
1.068
0.948
0.916
0.948
1.028
1
1
1.024
1.004
1.008
0.968
1.004
1.004
1.04
1.036
0.94
0.908
0.884
0.832
0.856
0.896
0.964
0.948
0.98
0.912
0.88
0.944
0.952
0.848
0.872
0.944
0.992
1.008
0.952
0.972
1.048
1.088
1.012
1.016
0.976
0.976
0.992
0.952
0.936
0.904
0.88
0.848
0.852
0.844
0.836
0.776
0.752
0.764
0.876
0.988
1.024
1.024
1.004
1
0.98
0.952
0.904
0.892
0.864
0.936
1.036
1.004
0.948
0.848
0.888
0.932
0.932
0.984
1.04
1.028
1.016
0.98
0.94
0.948
0.96
0.952
0.892
0.924
0.98
1
0.988
0.988
0.96
0.884
0.872
0.828
0.796
0.78
0.784
0.816
0.84
0.88
0.86
0.832
0.828
0.816
0.796
0.784
0.82
0.84
0.868
0.868
0.912
0.944
0.832
0.84
0.848
0.872
0.888
0.988
1.024
0.956
0.972
1.016
1.036
1.028
0.98
0.992
1.008
1.032
1.008
0.988
0.976
0.964
0.968
1
1.036
1.056
1.056
1.052
0.988
0.976
0.984
0.86
0.808
0.908
1.008
0.948
1.02
1.06
1.036
0.988
0.952
0.948
0.972
0.94
0.932
0.936
0.968
0.972
0.912
0.92
0.92
0.872
0.86
0.9
1.008
1.016
0.992
0.956
0.94
0.956
0.932
0.832
0.904
1.1
1.108
1.06
1.04
1.012
1.004
0.936
1.008
1.064
1.084
1.04
1.044
0.968
0.984
1.016
0.996
1
1.02
1.068
0.988
1.024
1.04
1.064
1.056
1.072
0.988
0.892
0.9
1.088
1.112
1.108
1.088
1.076
1.008
1.056
1.116
1.096
1.052
1
1.084
1.088
1.04
1.06
1
1.004
1.052
1.108
1.108
1.052
1.064
1.028
1.012
0.996
1
1.048
1.048
1.028
0.984
0.876
0.82
0.84
0.936
1.048
1.116
1.112
1.048
1.032
1.06
1.084
1.072
0.992
0.988
1.064
1.12
1.132
1.048
1.056
1.104
1.088
1.084
1.088
1.072
1.088
1.072
1.08
1.02
0.912
0.972
0.92
0.948
1
0.88
0.844
0.936
0.996
1.06
1.06
1.056
1.052
1.016
1.048
1.088
1.096
1.04
1.088
1.104
1.132
1.12
1.116
1.036
1.076
1.084
1.052
0.988
0.968
1.072
1.112
1.092
0.98
1.02
1.024
1.044
1.004
0.976
1.052
1.088
1.012
1.028
0.936
0.872
0.824
0.896
1
1.024
0.968
0.944
0.976
0.996
0.976
0.944
0.912
0.892
0.86
0.856
0.86
0.876
0.848
0.86
0.908
0.956
0.984
0.972
0.948
0.868
0.86
0.9
0.976
0.956
0.992
0.884
0.888
0.828
0.788
0.8
0.908
0.992
1.028
1.032
0.984
1
1.012
1.04
0.992
1.028
1.04
1.044
1.052
0.924
0.94
1.112
1.128
1.116
1.132
1.108
1.064
1.032
1.088
1.1
1.028
1.084
1.092
1.032
1.06
1.084
1.096
1.028
0.948
0.884
0.888
1.016
1.068
1.1
1.084
1.056
1.02
1
0.88
0.86
1.056
1.128
1.124
1.076
1.088
1.092
1.004
1.02
1.004
0.984
0.94
0.804
0.828
0.848
0.912
0.9
0.836
0.796
0.788
0.852
0.924
0.968
0.976
0.92
0.916
0.968
1.028
1.028
0.968
0.972
1.052
1.08
1.052
1.016
1.04
1.06
1.092
1.068
1.036
1.068
1.08
1.116
1.064
1.08
1.108
1.1
1.032
1.032
1.044
1.072
1.044
1.112
1.14
1.104
1.04
1.06
1.072
1.06
0.988
1.06
1.08
1.092
1.08
1
1.028
1.044
1.064
1.02
1.056
1.096
1.116
0.98
0.944
0.924
0.856
0.98
1.008
0.988
1.02
1.012
0.92
0.936
1.004
1.004
1.02
0.992
1.044
1.04
1.02
0.984
1.036
1.104
1.116
1.048
1.088
1.088
1.056
1
1.08
1.104
1.1
1.052
1.012
0.98
0.92
0.904
0.856
0.804
0.836
0.892
0.86
0.96
1.02
1.048
1.032
0.912
0.948
1.024
1.084
1.088
1.088
1.04
1.084
1.104
1.096
1.024
1.068
1.108
1.096
1.092
0.996
1.016
1.068
0.984
1.076
1.16
1.124
1.032
1
1.052
1.08
1.064
1.052
1.016
0.968
0.936
0.876
0.816
0.78
0.812
0.96
1.036
1.032
1.044
1.04
1.016
0.92
0.856
0.948
1.052
1.056
1.048
0.94
0.904
0.98
0.972
0.888
0.852
0.796
0.784
0.78
0.788
0.816
0.892
0.888
0.828
0.784
0.756
0.752
0.728
0.724
0.692
0.696
0.7
0.724
0.8
0.768
0.776
0.848
0.84
0.832
0.936
0.964
0.976
0.976
0.916
0.964
1
1.04
1.06
1.024
1.112
1.092
1.12
1.124
1.152
1.14
1.12
1.096
1.124
1.032
1.084
1.128
1.008
1.14
1.052
0.932
0.912
0.96
0.94
0.916
1.048
1.04
1.052
1.092
1.068
1.044
1.06
1.12
1.136
1.116
0.948
0.892
1.056
1.128
1.08
1.072
1.1
0.952
0.996
1.112
1.132
1.108
1.104
1.04
1.096
1.12
1.152
1.024
1.036
1.096
0.976
1.032
1.092
1.104
0.992
1.036
1.076
1.012
0.96
1.04
1.084
1.076
1.1
1.116
1.112
1.084
0.98
1.08
1.14
1.128
1.116
1.024
1.032
1.056
1.092
1.108
1.1
1.08
1.02
1.08
1.088
1.096
1.12
1.016
1.052
1.1
1.1
1.064
0.976
0.96
0.996
1.052
1.048
0.9
0.896
1.084
1.116
1.004
1.016
0.984
1.02
0.944
0.928
0.992
1.088
1.092
1.08
1.08
1.048
1.052
1.044
0.948
1.016
1.084
1.112
1.024
1.084
1.14
1.112
1.112
1.032
1.024
1.088
1.14
1.104
1.016
1.08
1.132
1.12
1.092
1.06
0.972
1.008
1.096
1.124
1.136
1.104
1.048
1.084
1.084
1.008
0.992
0.944
0.968
1.024
1.08
1.104
1.096
1.064
0.976
1.04
1.04
1.064
1.096
1.008
1.028
1.068
1.12
1.084
1
1
1.028
1.052
1.068
1.1
1.012
1.06
1.068
1.076
1.064
0.98
0.968
1
0.932
0.876
0.844
0.836
0.82
0.812
0.964
0.912
0.852
0.836
0.816
0.828
0.86
0.868
0.884
0.92
0.836
0.84
0.904
0.944
0.876
0.892
0.884
0.884
0.976
0.916
0.952
0.968
0.992
0.892
0.868
0.932
0.984
1.028
1.004
0.984
1.012
0.92
0.844
0.808
0.844
0.868
0.876
0.972
1.004
0.896
0.824
0.8
0.8
0.772
0.76
0.84
0.964
1.012
0.996
0.96
0.884
0.864
0.904
1.044
1.124
1.116
1.028
0.976
1.004
1.06
1.032
1.016
1.064
1.084
1.072
0.94
0.976
1.132
1.144
1.14
1.136
1.084
1.072
1.072
1.104
1.056
1.1
1.14
1.108
1.092
1.108
1.076
1.076
1.096
1.056
0.996
0.964
0.956
0.94
0.996
1.016
1.048
1.008
0.992
0.932
0.888
0.86
0.784
0.776
0.788
0.848
0.932
1.024
0.988
0.94
0.888
0.836
0.796
0.812
0.768
0.768
0.848
1.028
1.052
0.972
0.872
0.888
1.012
1.048
0.96
0.948
1.012
1.052
1.036
0.936
0.992
1.084
1.132
1.14
1.124
1.136
1.108
1.124
1.072
0.924
0.92
0.912
0.92
0.864
0.916
0.972
1.012
1.028
1.036
1.012
0.912
0.932
0.932
0.98
1.024
1.048
0.984
0.92
0.904
0.896
0.96
0.972
1
0.96
0.968
0.96
0.872
0.908
0.936
0.98
0.96
0.888
0.952
1.008
1.088
1.08
1.076
1.072
1.036
1.04
1.044
1.06
1.088
1.092
1.096
1.112
1.08
1.052
1.056
1.068
0.936
0.988
1.18
1.164
1.112
1.12
1.088
1.028
1.044
1.012
0.928
1.016
1.044
1.084
1.1
1.048
1.028
1.092
1.116
1.096
1.068
1.068
1.064
1.112
1.076
1.06
0.94
0.916
0.88
0.836
0.952
1.028
0.98
1.036
1.092
1.076
1.08
1.088
1.072
1.008
1.04
1.136
1.136
1.12
1.076
1.116
1.148
1.104
1.112
1.124
1.096
1.012
1.048
1.12
1.16
1.092
1.16
1.096
0.98
1.084
1.144
1.16
1.128
1.108
1.04
1.084
1.152
1.12
1.076
1.096
1.1
1.084
1.068
1.112
1.096
1.068
1.1
1.048
1.032
1.076
1.044
1.028
1.072
1.052
1.044
1.024
1.032
1.008
1.056
1.032
1.032
1.044
1.032
1.004
1.032
1.06
1.012
1.04
1.064
0.992
0.996
1.052
1.076
1.048
1.008
1.052
1.08
1.048
0.952
0.868
0.832
0.92
0.868
1.052
1.128
1.08
1.02
1.06
1.056
1.02
1.016
1.048
1.084
1.12
1.132
1.028
1.056
1.152
1.156
1.136
1.084
1.1
1.076
1.02
0.94
0.992
1.032
1.016
1
0.992
1.02
1.04
0.964
1.036
1.08
1.056
1.06
1.024
1.032
1.02
1.024
0.992
1.032
1.12
1.044
1.092
1.064
0.988
1.04
1.096
1
1.028
1.064
1.068
1.044
1.072
1.096
1.108
1.132
1.088
1.044
1.08
1.152
1.128
1.056
0.984
0.976
0.9
0.824
0.796
0.856
1.008
1.032
1.048
0.992
0.9
0.828
0.804
0.784
0.772
0.96
0.988
1.036
1.056
1.072
1.044
0.972
1
1.036
1.016
1
0.928
0.948
0.9
0.856
0.848
0.92
1.032
1.112
1.104
1.068
1.052
1.04
1.032
0.964
0.872
0.86
0.924
0.996
1.032
1.052
0.944
0.828
0.856
0.804
0.808
0.796
0.812
0.844
0.844
0.904
0.912
0.896
0.808
0.792
0.82
0.832
0.82
0.812
0.844
0.812
0.78
0.908
1.02
1.04
0.98
1.012
1.064
1.084
1.036
1.048
1.132
1.148
1.132
1.084
1.084
1.104
1.112
1.14
1.02
1.084
1.1
1.096
1.06
1.028
0.908
0.924
0.964
1.068
0.956
1.024
1.056
1.048
1.012
1.036
1.076
1.064
1.076
1.072
0.988
0.94
0.836
0.844
1.196
1.144
1.108
1.112
1.084
1.056
1.012
0.956
0.984
0.912
1.028
1.088
1.108
0.992
1.088
1.148
1.056
1.092
1.132
1.148
1.08
1.052
1.144
1.144
1.048
0.944
0.832
0.836
0.82
0.78
0.884
0.996
0.956
0.992
1.004
0.996
0.956
0.972
1.036
1.04
1.008
1.048
1.108
1.108
1.008
0.876
0.908
1.16
1.156
1.1
1.084
1.092
1.004
1.016
1.032
0.9
0.952
1.16
1.16
1.148
1.148
1.14
1.1
1.1
1.116
1.096
1.048
1.06
1.144
1.18
1.088
1.092
1.148
1.132
1.12
1.036
1.032
1.068
1.108
1.108
1.076
1.096
1.116
1.048
1.048
1.064
1.112
1.144
1.056
1.104
1.12
1.104
1.06
1.068
1.004
1.012
0.932
0.94
0.94
0.912
0.868
0.864
0.852
0.892
1.028
1
0.892
0.8
0.824
0.908
1.044
1.088
1.048
1.044
1.092
1.092
1.068
1.032
1.092
1.112
1.116
1.152
1.092
0.972
1.016
1.044
1.024
1.028
1.076
1.104
1.06
1.104
1.096
1.1
1.084
1.056
1.056
1.024
1.02
1.112
1.204
1.14
1.116
1.112
1.092
1.06
0.988
0.936
0.96
1.044
1.072
1.084
1.072
1.02
1
0.996
0.884
0.892
0.92
0.948
0.992
1.008
0.992
1.036
1.06
1.004
1
0.916
0.908
0.92
0.984
1.036
1.084
1
0.984
1.064
0.92
0.936
1.06
1.12
1.136
1.132
1.08
1.04
0.936
0.976
1.036
1.112
1.104
1.044
1.016
1.06
1.1
1.084
0.936
0.984
1.004
1.032
1.052
1.124
1.112
1.144
1.052
1.1
1.168
1.144
1.116
1.064
1.1
1.148
1.12
1.136
1.084
1.136
1.14
1.004
0.912
0.988
0.952
1.068
1.112
1.088
1.12
1.108
1.12
1.104
1.144
1.132
1.116
1.104
1.06
1.096
1.128
1.136
1.104
1.072
1.108
1.148
1.1
1.176
1.132
1.092
1.024
0.964
0.932
0.856
0.948
1.048
1.152
1.152
1.14
1.084
1.088
1.072
1.084
1.088
0.992
1.052
1.124
1.12
1.128
1.108
1.096
1.096
1.096
1.06
1.084
1.112
1.092
1.048
1.088
1.124
1.12
1.056
1.1
1.092
1.036
1.044
1.084
1.1
1.084
1.024
1.076
1.092
1.056
1.092
1.084
1.032
1.02
0.984
1.06
1.06
1.128
1.116
1.068
0.96
0.92
0.88
0.892
0.904
0.976
0.9
0.864
0.86
0.888
0.928
0.848
0.872
0.9
0.928
0.888
0.864
0.852
0.856
0.88
0.944
1.032
1.04
1.016
0.996
1.064
1.172
1.068
1.036
1.004
0.976
1.016
0.984
1.04
1.096
1.108
1.06
1.064
1.104
1.084
1.084
1.08
1.076
1.016
1.032
0.94
0.996
1.064
1.16
1.164
1.1
1.076
1.004
1.064
1.068
1.1
1.104
0.984
1.052
1.156
1.024
0.94
1.06
1.152
1.132
1.072
1.092
1.096
1.1
1.028
1.096
1.152
1.172
1.12
1.16
1.088
1.048
1.008
0.912
0.904
1.168
1.064
1.116
1.144
1.116
1.12
1.12
1.152
1.104
1.004
1.128
1.14
1.164
1.124
1.028
1.1
1.16
1.152
1.156
1.128
1.088
1.124
1.112
1.076
1.112
1.148
1.064
1.1
1.136
1.112
1.028
1.092
1.136
1.132
1.08
1.072
1.1
1.128
1.136
1.068
1.1
1.152
1.096
1.104
1.012
0.992
1.08
1.164
1.108
1.052
1.112
1.132
1.044
0.976
1.012
0.964
0.992
0.996
0.988
1.016
0.98
0.872
0.832
0.844
0.872
1.052
1.152
1.124
1.052
1.072
1.108
1.124
1.1
1.144
1.116
1.056
1.084
1.124
1.068
1.076
1.108
1.124
1.116
1.116
1.096
1.132
1.204
1.096
1.092
1.144
1.076
1.064
1.1
1.128
1.048
1.132
1.172
1.12
1.104
1.044
1.184
1.14
1.092
1.056
1.108
1.032
0.948
0.956
1.064
1.064
1.008
1.044
1.016
0.96
0.868
0.804
0.812
1.012
1.08
1.084
1.076
1.052
1.064
1.016
1
0.872
0.86
0.976
1.06
1.052
1.044
0.964
0.924
0.932
0.956
0.844
0.808
0.808
0.808
0.788
0.772
0.776
0.764
0.76
0.752
0.74
0.72
0.704
0.692
0.704
0.728
0.776
0.832
0.896
0.832
0.828
0.872
0.872
0.948
1.02
1.016
1.04
1.04
1.012
1.044
1.056
1.024
0.912
0.868
1.12
1.196
1.136
1.112
1.04
1.052
1.088
1.096
1.176
1.128
1.076
1.028
1.012
0.924
0.856
0.884
0.868
0.888
0.976
0.956
0.98
1.008
1.092
1.1
1.04
1.092
1.136
1.112
1.14
1.064
1.12
1.116
1.028
1.016
1.116
1.156
1.18
1.144
1.096
1.12
1.172
1.16
1.184
1.132
1.136
1.116
1.076
1.084
1.152
1.128
1.136
1.072
0.94
0.928
0.96
1.116
1.184
1.18
1.132
1.128
1.12
1.112
1.08
1.164
1.188
1.108
1.184
1.184
1.148
1.14
1.132
1.188
1.2
1.076
1.132
1.192
1.168
1.012
1.064
1.06
1.108
0.992
1
1.14
1.088
1.04
1.076
1.12
1.064
1.076
1.06
0.944
0.932
0.888
0.916
0.856
0.832
0.832
0.844
0.852
0.824
0.804
0.776
0.764
0.768
0.8
0.824
0.82
0.86
0.864
0.86
0.832
0.872
0.792
0.764
0.736
0.72
0.736
0.76
0.736
0.744
0.712
0.692
0.696
0.744
0.784
0.8
0.9
0.9
0.856
0.796
0.9
1.008
1.02
0.984
1.044
0.92
1.012
1.144
1.148
1.032
1.048
1.116
1.12
1.008
1.084
1.08
1.088
1.168
1.124
1.092
1.12
1.128
1.068
1.108
1.152
1.12
1.048
1.12
1.12
1.044
1
0.984
0.9
0.908
1.048
1.112
1.18
1.172
1.096
1.16
1.156
1.132
1.076
1.12
1.176
1.136
0.98
0.968
0.96
1.088
1.156
1.064
1.128
1.136
1.144
1.116
1.104
1.072
1.124
1.016
0.936
0.888
0.892
1.192
1.204
1.192
1.104
1.144
1.148
1.172
1.1
1.116
1.156
1.168
1.192
1.096
1.164
1.148
1.044
1.14
1.152
1.144
1.076
1.176
1.204
1.152
1.084
1.164
1.156
1.16
1.108
1.128
1.124
1.116
1.18
1.136
1.116
1.092
1.096
1.108
1.124
1.044
1.064
1.084
1.02
0.984
1
1.008
0.936
0.848
0.852
0.996
1.128
1.108
1.028
0.98
1.052
1.104
1.068
0.968
1.08
1.14
1.136
1.172
1.124
1.108
1.136
1.136
1.036
1.068
1.164
1.1
1.012
1.092
1.18
1.172
1.056
1.076
1.116
1.128
1.132
1.096
0.968
0.944
1.012
1.068
0.988
1.032
1.048
1.052
0.972
1.024
1.048
1.096
1.068
1.056
1.068
1.076
1.004
1.052
1.108
1.136
1.056
1.096
1.14
1.16
1.14
1.052
1.12
1.148
1.16
1.084
1.116
1.108
1.14
1.076
1.044
1.092
1.08
1.104
1.056
1.136
1.116
1.104
0.996
1.032
1.004
0.956
0.876
0.928
1.092
1.044
1.128
1.124
1.112
1.028
1.112
1.104
1.104
1.076
1.092
1.024
1.112
1.124
1.132
1.124
1.136
1.128
1.104
1.072
1.128
1.156
1.1
1.1
1.088
1.08
1.136
1.124
1.12
1.108
1.092
1.096
1.072
1.12
1.148
1.128
1.052
1.12
1.132
1.068
1.116
1.16
1.104
1.048
1.104
1.132
1.008
1.048
1.124
1.108
1.008
0.964
0.884
1.052
0.956
1.028
1.092
1.128
1.088
1.056
1.088
1.144
1.128
1.024
1.044
1.088
1.108
1.072
1.112
1.16
1.052
1.14
1.18
1.136
1.06
1.108
1.144
1.076
1.076
1.108
1.112
1.1
1.128
1.044
1.024
0.892
0.832
0.852
0.988
1.116
1.116
1.056
1.084
1.092
1.04
1.032
1.112
1.124
1.04
1.104
1.152
1.148
1.088
1.1
1.128
1.132
1.068
1.108
1.144
1.172
1.132
1.108
1.048
1.104
1.108
1.06
1.116
1.1
1.096
1.088
1.076
0.964
1.044
1.108
1.056
1.068
1.032
1.1
1.008
0.904
0.848
1
0.956
1.08
1.124
1.012
1.052
1.036
0.96
1.004
1.068
1.12
1.088
1.036
1.04
1.056
1.032
1.052
0.992
0.88
0.836
0.88
1.088
1.168
1.176
1.156
1.132
1.136
1.076
1.156
1.18
1.096
1.176
1.14
1.172
1.16
1.14
1.076
1.108
1.132
1.136
1.072
1.092
0.996
1.02
1.092
1.128
1.048
1.076
1.048
1.04
0.992
1.052
1.136
1.124
1.052
1.068
1.044
1.06
1.112
1.104
1.064
1.04
0.98
0.848
0.828
0.804
0.784
0.924
0.964
0.964
1.016
0.992
1.044
1.108
1.132
1.1
1.116
1.12
1.108
1.128
1.164
1.12
1.016235
1.18
1.228
1.16
1.072
1.024
0.96
0.92
0.852
0.792
0.792
0.892
1.04
1.016
1.02
0.92
0.944
0.864
0.828
0.928
1.024
1.012
0.972
1.072
1.128
1.164
1
1.072
1.176
1.176
1.136
1.096
1.188
1.152
1.212
1.196
1.136
1.096
1.088
1.1
1.068
1.1
1.156
1.116
1.008
1.028
1.096
0.952
1.008
1.096
1.12
1.108
1.104
0.988
1.032
1.076
1.12
1.072
1.108
0.932
0.996
1.112
1.012
1.056
1.088
1.096
1.08
1.076
1.124
1.096
1.092
1.088
1.036
1.096
1.16
1.136
1.124
1.12
1.136
1.036
1.104
1.14
1.172
1.168
1.14
1.128
1.072
1.108
1.112
1.108
0.996
1.076
1.128
1.124
0.94
0.908
0.876
0.988
1.136
1.1
0.984
0.896
0.852
0.888
1.072
1.052
0.968
0.976
0.992
0.924
0.912
0.98
1.008
1.04
1.08
1.036
0.888
0.916
0.952
0.888
0.832
0.9
1.036
1.084
0.944
0.988
1.052
1.036
1.012
1.036
1.06
1.104
1.044
1.092
1.172
1.192
1.028
1.056
1.076
1.132
1.164
1.096
1.104
1.16
1.12
1.084
1.072
0.96
0.992
1.076
1.092
1.06
1.008
0.964
1.004
1.056
1.084
1.052
1.06
1.088
1.092
1.092
1.14
1.128
1.076
1.02
1.068
1.124
1.104
1.028
1.072
1.132
1.092
0.992
1.04
1.068
1.016
1.032
1.056
1.052
1.08
1.06
1.044
1.056
1.076
1.072
1.08
1.084
1.044
0.996
1.012
0.904
0.892
0.856
0.864
0.836
0.832
0.936
1.044
1.068
1.064
1.036
1.036
1.016
0.964
0.904
0.888
0.992
1.088
1.056
1.032
0.972
1.04
1.048
1.004
1.04
1.08
1.096
1.084
1.064
1.064
1.08
1.052
1.112
1.128
1.132
1.084
1.068
1.088
1.04
1.024
1.104
1.076
1.036
1.076
1.076
1.092
1.056
1.048
0.956
0.868
0.936
0.928
1.12
1.152
1.104
1.1
1.08
1
1.036
1.068
1.044
1.1
1.132
1.064
1.124
1.112
1.072
1.092
1.084
1.072
1.116
1.108
1.072
1.12
1.132
1.108
1.124
1.104
1.104
1.132
1.056
1.072
1.076
1.036
1.096
1.12
1.076
1.084
1.08
0.972
1.044
1.148
1.108
1.116
1.132
1.104
1.104
1.1
0.964
1
1.104
0.96
1.032
1.008
1.008
0.896
0.836
0.924
0.944
0.94
1.04
1.06
1
1.032
1.064
1.036
1.064
1.076
1.036
1.084
1.132
1.072
1.12
1.16
1.136
1.14
1.192
1.1
1.064
1.136
1.152
1.004
0.98
1.18
0.984
0.992
1.012
0.976
0.984
0.912
0.884
0.832
0.8
0.776
0.772
0.844
0.944
0.92
0.936
1.008
0.964
1.02
1.056
1.084
1.072
0.996
0.988
0.836
0.904
1.032
1.064
1.076
1.044
0.988
0.968
0.984
1.032
1.12
1.068
1.088
1.164
1.02
1.048
0.976
0.992
1.02
1.02
0.94
0.928
0.932
0.98
0.904
0.9
1.008
1.116
1.144
1.136
1.116
1.112
1.036
0.992
0.96
0.912
0.872
0.864
0.856
0.816
0.8
0.808
0.792
0.78
0.864
0.904
0.884
0.952
0.904
0.864
0.896
0.976
0.912
0.94
1.048
1.1
1.092
1.036
1.04
1.088
1.124
1.04
1.112
1.208
1.132
1.144
1.192
1.148
1.2
1.212
1.212
1.136
1.18
1.176
1.148
1.12
1.204
1.216
1.14
1.168
1.228
1.148
1.192
1.148
1.12
1.012
1.088
1.164
1.112
1.1
1.136
1.1
1.168
1.144
1.092
1.164
1.176
1.076
1.104
1.036
1.08
1.132
1.096
1.136
1.16
1.12
1.124
1.144
1.14
1.08
1.108
1.148
1.136
1.136
1.164
1.128
1.168
1.096
1.108
1.112
1.052
1.08
1.052
1.024
1.02
1.084
1.16
1.064
1.032
1.056
1.1
1.028
1.032
1.06
1.128
1.036
1.064
0.908
0.952
0.96
0.904
0.836
0.828
0.876
0.92
0.992
1.004
1.004
0.976
0.94
0.896
0.88
0.892
0.924
0.972
0.968
1
1.044
1.016
1
1.012
1.096
1.08
0.944
0.968
1.02
1.016
1
1.072
1.108
1.124
1.036
1.076
1.048
0.912
0.908
1.076
1.052
1.108
1.072
1.096
1.184
1.188
1.08
1.056
1.052
1.04
0.976
0.964
1.048
1.116
0.976
0.932
0.872
0.82
0.812
0.816
0.788
0.8
0.816
0.844
1.024
1.04
1.028
0.956
1.016
1.06
1.016
0.964
0.956
0.956
1.024
0.988
1.008
1.032
1.08
0.972
1.044
1.068
1.004
1.06
1.08
1.1
0.968
1.036
1.112
1.056
0.916
0.9
0.856
0.828
1.188
1.18
1.108
1.168
1.168
1.188
1.196
1.108
1.164
1.164
1.092
1.156
1.168
1.076
1.164
1.22
1.092
1.128
1.156
1.116
1.116
1.172
1.108
1.14
1.156
1.128
1.068
1.128
1.092
1.06
1.12
1.168
1.084
1.116
1.12
1.104
1.128
1.112
1.08
1.104
1.088
1.052
1.104
1.156
1.124
1.112
1.112
0.968
0.976
1.044
1.156
1.132
1.112
1.08
1.028
1.024
1.048
1.016
1.032
0.892
0.828
0.876
1.02
1.052
1
0.9
0.876
0.92
0.952
1.056
1.128
1.088
1.112
1.148
1.152
1.088
1.18
1.192
1.172
1.116
1.156
1.152
1.14
1.112
1.136
1.132
1.108
1.136
1.12
1.1
1.148
1.08
1.084
1.068
1.1
1.08
1.084
1.044
1.056
1.02
0.988
0.992
0.948
0.948
0.916
0.952
1.004
1.048
1.08
1.016
1.024
1.052
1.076
1.056
1.052
1.016
1.116
1.128
1.08
1.112
1.104
1.112
1.092
1.096
1.16
1.064
1.032
1.124
1.152
1.128
1.116
1.168
1.148
1.116
1.028
1.052
1.068
1.096
1.068
1.088
1.08
1.068
1.024
1.056
1.024
1.044
1.056
0.976
0.896
1.012
1.076
1.084
1.044
0.96
0.928
0.908
0.94
0.992
1.024
1.088
1.092
1.132
1.136
1.064
1.104
1.072
1.04
1.084
1.104
1.096
1.108
1.1
1.128
1.136
1.128
1.116
1.112
1.08
1.092
1.064
1.124
1.1
1.076
1.108
1.052
1.068
1.088
1.076
1.036
0.96
0.992
1.028
1.004
1.06
1.076
1.068
1.072
1.04
1.032
1.048
1.016
1.056
1.064
1.048
1.064
1.004
1.028
1.06
1.024
1.072
1.096
1.032
1.032
1.036
1.02
1.048
1.052
0.956
0.872
0.836
0.796
0.832
0.916
1.048
1.08
1.008
0.984
0.936
0.956
0.928
0.944
0.94
1.032
1.052
0.996
1.108
1.048
1.048
1.044
1.028
1.032
1.052
1.052
1.032
0.996
1.048
1.084
1.048
1.108
1.084
1.06
1.092
1.096
0.996
0.88
0.868
0.964
1.088
0.98
1.016
0.884
0.844
0.836
0.82
0.996
1
1.008
1.052
1.004
1
0.936
0.904
0.896
0.824
0.828
0.848
0.968
1.028
1.064
1.028
1.004
0.98
0.932
0.948
0.988
0.96
0.988
1.1
1.092
1.068
1.036
1.008
1.104
1.108
1.044
1.064
1.048
0.96
0.944
0.844
0.792
0.832
1.008
1.052
1.068
1.04
1.02
0.956
0.988
0.976
0.984
1.028
1.02
0.936
0.888
1.156
1.1
1.112
1.108
1.02
1.008
1.048
1.092
1.004
0.98
1.024
1.068
1.1
1.064
1.144
1.136
1.12
1.076
1.088
1.148
1.144
1.028
1.144
1.164
1.148
1.084
1.028
1.044
1.128
1.108
1.048
1.08
1.044
1.036
1.072
1.064
1.008
0.988
1.004
1.056
1.036
1.048
1.02
0.944
0.916
0.92
0.948
0.948
0.936
0.868
0.82
0.78
0.788
0.852
0.948
1.04
0.996
0.956
0.988
1.012
1.004
0.9
0.944
0.992
1.052
1.008
1.02
1.02
1.064
1.068
1.06
1.116
1.112
1.088
1.12
1.124
1.14
1.048
1.076
1.128
1.112
1.076
1.148
1.164
1.116
1.064
1.088
1.108
1.056
1.068
1.084
1.092
1.108
1.108
1.084
1.112
1.132
1.04
1.04
1.04
1.1
1.104
1.032
1.06
1.072
1.08
1.108
1.04
1.06
1.084
1.04
1.08
1.044
1.036
1.044
0.992
1.076
1.06
1.056
1.092
1.02
1.004
1.036
1.012
1.044
1.024
1.016
1.06
1.012
1.064
1.104
1.052
1.064
1.08
1.04
1.064
1.064
1.084
1.104
1.092
1.12
1.088
1.024
1.064
1.04
1.048
1.084
1.12
1.02
0.884
0.832
0.844
0.84
0.944
1
0.928
0.84
0.908
0.956
0.9
0.88
0.872
0.872
0.864
0.828
0.804
0.776
0.804
0.836
0.908
1
1.02
1.012
0.956
0.916
0.932
0.912
0.984
1.024
0.988
1.012
1.064
1.08
1.028
1.06
1.016
0.968
0.92
0.928
0.968
0.988
1.004
1
1.004
1.016
1.012
1
1.048
1.056
1.032
1.052
1.06
1.088
1.12
1.064
1.084
1.092
1.032
1.096
1.068
0.964
0.988
1.04
1.032
1.06
1.104
1.052
1
1.012
0.988
0.964
1.056
1.048
1.04
1.004
1.052
1.104
1.052
1.076
1.044
0.98
1.056
1.064
1.02
1.096
1.076
1.072
1.12
1.076
1.072
1.04
0.976
1.084
1.084
1.024
1.052
0.948
0.956
0.86
0.92
0.956
0.904
0.988
1.048
1.096
1.036
1.048
1.084
1.068
1.14
1.132
1.116
1.144
1.052
1.08
1.056
1.048
0.924
1.056
1.06
1.14
1.172
1.12
1.156
1.148
1.136
1.116
1.152
1.224
1.212
1.196
1.16
1.184
1.168
1.172
1.096
1.12
1.152
1.14
1.16
1.1
1.124
1.168
1.088
1.088
1.064
1.04
1.052
1.052
1.052
0.996
1.068
1.108
1.072
1.056
1.108
1.104
1.06
0.928
0.88
0.832
0.828
0.868
0.92
1.036
1.076
1.016
1.012
1.052
1.016
0.96
1.028
1.092
1.096
1.104
1.108
1.068
1.1
1.128
1.016
1.076
1.084
1.064
1.052
1.128
1.132
1.076
1.152
1.144
1.112
1.12
1.076
1.124
1.072
1.076
1.068
1.024
0.96
0.968
1.068
1.028
1.108
1.084
1.068
1.08
1.1
1.056
1.032
1.008
1.036
1.068
1.056
1.148
1.084
1.092
1.096
1.008
0.892
0.852
1.048
1.036
0.964
0.884
0.892
0.888
0.944
1.072
1.12
1.028
1.068
1.096
1.096
1.1
1.06
1.092
1.04
1.072
1.1
1.04
1.092
1.152
1.052
0.952
0.996
0.992
0.984
0.964
0.972
0.984
0.968
0.984
1.004
1.004
0.96
1.016
1.004
0.948
1.02
1.096
1.128
1.1
1.104
1.068
1.072
1.088
1.056
1.012
1.028
1.092
1.072
1.052
1.024
0.976
0.908
0.896
0.888
0.88
0.848
0.836
0.816
0.868
0.892
0.908
0.996
1
0.992
0.936
0.984
1.032
1.048
1.016
1.06
1.072
1.064
1.116
1.136
1.088
1.084
1.02
0.932
0.996
1.076
1.072
0.968
0.904
0.872
0.78
0.764
0.78
0.764
0.76
0.756
0.804
0.82
0.808
0.808
0.784
0.78
0.764
0.756
0.816
0.868
0.904
0.848
0.8
0.76
0.748
0.752
0.772
0.768
0.772
0.816
0.808
0.804
0.856
0.848
0.924
1.02
0.948
0.888
0.804
0.8
0.852
0.888
0.896
0.948
1.008
1.084
1.02
0.976
0.976
0.872
0.82
0.836
1.004
1.048
1.076
1.028
1.072
1.084
1.04
1.024
1.036
1.028
1.104
1.14
1.152
1.132
1.172
1.152
1.156
1.152
1.124
1.048
1.136
1.116
1.004
1.004
1.048
1.044
0.98
1.076
1.064
1.044
1
1.012
0.888
0.84
0.976
1.08
0.984
1.048
0.96
0.868
0.832
0.92
1.108
1.1
1.088
1.048
1.048
0.964
1.04
1.072
1.052
1.088
1.068
1.012
1.112
1.18
1.104
1.136
1.116
1.112
1.156
1.14
1.148
1.14
1.08
1.064
1.06
1.092
1.076
0.976
0.896
0.848
0.952
1.056
1.104
1.068
1.104
1.056
1.1
1.104
1
1.104
1.136
1.104
1.052
1.084
0.976
0.988
1.04
0.956
0.988
1
1.024
0.976
0.964
1
1.08
1.068
1.06
1.084
0.98
0.984
0.976
1.008
1.012
0.96
0.94
0.928
0.976
0.976
0.96
0.932
0.904
0.852
0.852
0.88
0.876
0.828
0.816
0.924
1.044
1.064
1.032
1.012
1.012
0.964
1.016
1.064
1.04
1.104
1.04
1.056
1.032
1.072
1.08
1.048
1.056
1.072
1.096
1.024
1.008
1.032
1
0.936
1
1.136
1.028
1.008
0.96
0.852
0.82
0.828
0.896
0.94
0.98
0.988
1.056
1.024
1.012
0.992
0.956
0.924
0.948
0.908
0.932
0.98
0.996
1.024
1.028
1.028
0.94
0.944
0.872
0.836
1.024
1.108
1.004
0.948
0.848
0.876
0.924
1.004
1.044
1.068
1.08
1.032
0.984
1
0.964
0.976
1.084
1.12
1.088
1.02
0.976
0.936
0.956
0.996
1.02
0.996
0.972
0.888
0.936
1.072
1.076
1.056
1.008
0.944
0.872
0.812
0.792
0.788
0.764
0.796
0.836
0.944
1.028
1.028
1.008
0.976
1.012
1.028
1.016
1.064
0.936
0.924
0.984
1.072
1.02
0.968
1.024
1.04
0.952
1
1.06
1.08
1.016
1.016
1.092
1.1
1.056
1.112
1.036
1.048
1.08
1.112
1.02
1.104
1.136
1.164
1.108
1.12
1.092
1.02
1.052
0.992
0.952
1.036
1.18
1.108
1.096
1.12
1.06
1.028
0.984
0.912
0.844
0.84
0.932
1.14
1.16
1.112
1.048
1.092
1.048
1.084
1.112
1.096
0.948
1.028
1.132
1.044
1.056
1.04
1.024
1
1.012
1.008
1.048
1.092
1.08
0.972
0.952
0.972
0.956
1.02
1.036
0.992
0.896
0.864
1.084
1.048
1.1
1.092
1.048
1.112
1.06
1.02
1.092
1.136
1.12
1.156
1.12
1.12
1.148
1.112
1.144
1.16
1.132
1.184
1.036
1.028
1.036
1.004
0.94
0.94
0.88
0.864
0.828
0.8
0.788
0.82
0.868
0.88
0.864
0.888
0.88
0.892
0.896
0.868
0.928
1.088
1.084
1.012
0.916
0.848
0.892
0.932
1.108
1.164
1.076
1.116
1.128
1.104
1.076
1.028
1.08
1.124
1.072
1.148
1.116
1.128
1.14
1.108
1.116
1.092
1.088
1.096
1.096
1.072
1.096
1.056
1.016
0.996
0.992
0.9
0.92
0.932
0.956
0.988
1.024
1.04
1.032
0.948
0.928
0.956
1.044
1.008
0.892
0.88
1.072
0.928
0.896
0.844
0.828
0.82
0.784
0.768
0.772
0.764
0.74
0.752
0.816
0.888
0.884
0.86
0.864
0.856
0.84
0.86
0.852
0.928
0.916
0.94
0.892
0.904
0.892
0.936
1.004
0.988
0.964
0.956
0.852
0.864
0.932
0.928
1.032
1.044
1.016
1.048
1.12
1.132
1.132
1.124
1.112
1.076
0.976
0.964
0.96
0.96
0.9
0.852
0.916
1.116
1.148
1.12
1.1
1.084
1.056
1.084
1.04
0.916
0.876
0.916
0.98
0.944
0.988
1.016
1.088
1.028
0.916
0.868
0.852
0.828
0.808
0.864
0.908
0.908
0.848
0.868
0.928
0.928
0.876
0.888
0.976
1.028
0.908
0.864
0.868
0.832
0.812
0.8
0.796
