1.152
0.952
1.012
1.016
0.904
0.856
0.888
0.928
0.896
0.872
0.828
0.856
0.892
0.828
0.772
0.792
0.888
0.812
0.904
1.096
1.088
0.996
0.916
0.916
0.932
0.88
0.776
0.752
0.736
0.72
0.752
0.764
0.788
0.8
0.772
0.728
0.7
0.7
0.672
0.684
0.712
0.784
0.836
0.884
0.932
0.956
0.832
0.848
0.88
0.936
0.98
0.976
0.868
0.84
0.92
1.044
1.084
0.968
0.916
1.024
1.08
1.072
0.912
0.916
0.96
1.056
1.064
0.92
0.948
1.092
1.096
1.088
0.92
0.896
0.888
0.928
0.868
0.752
0.76
0.748
0.884
1.12
0.992
0.9
0.816
0.82
0.816
0.832
0.768
0.788
0.9
0.972
0.908
0.932
0.948
0.972
0.924
0.888
0.832
0.848
0.888
0.88
0.968
1.048
1.068
1.056
1.02
0.984
0.956
0.992
0.984
0.884
0.872
0.956
1.08
1.04
0.92
0.864
0.924
1.036
1.028
0.98
0.984
0.984
0.916
0.82
0.82
0.872
0.84
0.892
1.128
1.104
1.088
1.04
0.9
0.872
0.98
1.092
1.092
1.02
0.968
1.072
1.124
1.108
1.092
1.064
1.068
1.092
1.052
1.012
1.004
1.004
0.932
0.964
1.04
1.08
1.036
1.06
1.048
0.94
0.94
1.008
0.984
0.952
1.044
1.068
0.944
0.96
1.084
1.088
1.02
1.044
1.048
1
1.048
1.048
0.94
0.968
1.04
1.088
0.996
1.016
1.036
1.028
0.96
0.996
1.04
0.92
0.964
1.004
0.98
0.9
0.96
1.008
0.96
0.928
1.032
1.08
1.008
0.916
0.972
1.028
1.016
0.908
0.948
1.032
1.048
0.956
0.92
0.988
1.044
1.012
0.916
0.992
1.056
1.044
0.944
0.984
1.032
1.028
1.004
0.912
0.988
1.052
1.056
0.924
0.956
1.064
1.08
0.916
0.828
0.816
1.296
1.164
1.044
1.032
1.116
1.092
1.092
0.972
0.96
0.988
1
1.008
1.044
1.032
0.976
1.004
1.008
0.96
1.044
1.044
0.952
0.972
1.044
0.952
0.972
1.112
1.088
0.992
1.064
1.06
1
0.952
0.984
1.044
0.996
0.892
0.956
1.12
1.024
0.976
1.092
1.112
0.984
0.976
1.048
1.072
1.056
0.98
1.004
1.052
1.072
0.964
1.024
1.08
1.06
0.952
0.972
1.048
1.04
0.96
1.044
1.076
1.06
1.02
1.028
1.04
0.992
1.064
0.996
0.9
0.868
0.92
1.072
1.028
0.976
1.044
1.032
1.024
1.012
1.008
1.012
0.988
0.84
0.844
0.896
1.02
1.024
0.944
0.984
1.064
1.044
0.936
0.88
0.948
1.084
1.04
0.892
0.864
0.796
0.808
1.092
1.068
1.012
1.08
1.108
1.096
1.016
0.984
1.02
1.044
0.992
0.912
0.932
0.984
0.94
1.04
1.048
0.964
1.016
1.068
1.056
0.932
0.976
1.052
1
0.912
1.06
1.112
1.004
1.052
1.096
1.068
1.052
1.088
1.056
1.004
1.068
1.056
0.952
1.032
1.072
1.024
1.044
1.028
0.916
0.948
1.036
1.052
0.96
0.984
1.04
1.036
0.98
1.036
1.064
1.016
1.044
1.04
0.976
0.996
0.984
0.884
0.94
1.088
1.02
0.96
1.036
1.06
0.956
0.968
0.988
0.948
0.864
0.94
1.068
0.964
0.972
1.048
1.068
0.972
1.024
1.028
1.008
1.024
1.028
0.984
1.02
1.048
1.036
1.044
0.996
0.988
1
0.972
0.864
0.872
0.96
0.988
0.956
1
1.012
0.892
0.944
1.032
0.984
1.064
1.072
0.976
1.024
1.064
0.98
0.972
0.996
0.96
0.996
1.028
0.948
0.984
1.048
0.952
0.988
1.036
0.952
0.964
1.016
0.884
0.896
1.052
1.096
0.956
0.968
1.092
1.092
1.08
0.968
0.94
1.012
1.056
0.9538085
1.168
1.092
0.912
0.832
1.024
1.164
1.12
1.088
1.06
1.028
1.056
1.068
1.048
1.012
0.9788997
0.976
1.044
0.936
0.92
1.04
1.092
1.048
1
1.04
1.044
1.004
1.056
1.052
0.992
1.044
1.064
1.068
0.96
0.94
0.98
1.072
0.948
1.004
1.12
1.088
0.984
1.036
1.044
1.036
1.02
0.968
0.908
0.828
0.824
0.868
1.02
0.94
1.02
0.976
0.952
1.016
1.008
1.004
0.964
0.852
0.812
0.864
0.836
0.932
1.1
1.08
0.964
0.9
0.94
1
1.044
1.064
0.944
1.012
1.072
1.068
1.04
1.052
0.984
1.012
1.032
0.94
0.892
0.976
1.068
1.08
1.004
0.936
0.964
0.996
0.944
1.008
1.068
1.04
0.932
1.004
1.096
1.052
1.028
0.96
1.036
1.048
1.004
0.968
1.012
1.012
0.932
0.892
0.968
1.036
1.048
0.936
0.968
1.028
1.044
0.984
1.008
1.036
0.92
0.972
1.06
1.06
1.008
1.004
1.016
1.008
0.936
0.988
1.044
1.004
1.004
0.968
0.928
0.968
1.048
0.964
1.012
1.028
0.972
1.064
1.08
0.964
0.988
1.064
1.052
0.976
1.02
1.028
0.944
0.892
0.928
1.048
1.008
1.052
1.044
1.06
0.988
0.972
0.972
1.024
0.932
0.912
0.916
0.936
0.868
0.852
0.896
1.008
1.04
0.936
0.916
0.96
1.012
1.048
1.004
0.972
0.932
0.96
1.024
0.896
0.812
0.832
0.84
1.028
1.136
1.024
1.116
1.1
0.996
0.996
1
0.924
0.848
0.84
0.908
0.812
0.872
1.092
1.088
0.98
1.012
1.068
1.076
1.048
0.98
1.028
1.032
0.984
1.052
1.092
1
1.056
1.08
1.072
0.988
1.012
1.048
0.996
1.044
1.052
0.992
0.976
1.016
1.056
1
0.988
1.052
1.08
1.004
0.936
0.98
1.024
1.008
0.924
0.976
1.048
1.016
0.912
0.976
1.06
1.084
1.06
0.984
1.032
1.052
0.948
0.972
1
1.064
1.036
1.012
1.072
1.084
0.996
0.996
1.012
1
0.936
1.02
1.048
1.012
1.016
1.004
1
0.9
0.876
0.94
1.044
0.904
1.008
1.084
1.064
0.984
1.012
1.072
1.072
0.96
0.976
0.996
1.008
0.952
0.952
1.016
0.924
0.912
0.916
0.852
0.896
0.992
1.004
0.912
0.976
1.032
0.988
0.912
0.996
1.072
1.06
1.024
1.044
1.044
0.9
0.908
0.98
1.048
0.944
1
1.076
0.944
0.916
0.812
0.784
0.864
1.084
0.956
1.012
1.084
1.064
0.96
1.008
0.968
0.972
1.024
1.028
1.036
0.94
0.928
1.028
1.072
1.072
1.076
0.964
0.996
0.96
0.98
0.98
1.012
1.02
1.036
1.052
1.064
0.96
0.952
0.928
0.936
0.884
0.932
1.06
1.02
1.012
0.996
0.952
0.94
0.92
0.828
0.78
0.772
0.84
1.184
1.116
1.076
1.068
1.124
1.096
0.976
1.024
1.044
1.024
1.016
0.956
0.98
1.016
0.908
0.884
0.94
1.036
0.952
1.032
1.048
1.048
1.052
0.956
0.976
1.024
0.96
0.952
0.976
1
0.92
0.944
0.96
1
0.884
0.884
0.924
0.892
0.956
0.964
1.008
1.004
0.908
0.876
0.904
0.932
0.964
0.984
0.988
0.908
0.94
0.996
0.98
0.908
0.876
0.912
0.988
0.9
1.024
1.068
1.052
0.964
1.024
1.076
1.076
1.028
1.052
1.02
0.96
0.976
1.032
1.028
0.988
0.948
0.964
0.968
0.868
0.888
0.988
1.016
0.896
0.896
0.92
0.952
0.92
0.92
0.964
0.976
0.952
0.892
0.904
0.976
0.976
0.956
0.98
1.012
1.012
0.904
0.932
0.908
1.048
1.108
1.032
0.98
0.972
0.972
0.9
0.904
0.908
0.868
0.904
1.004
0.996
0.924
0.988
1.036
1.056
1.016
1
0.92
0.976
1.052
1.044
1.064
1.088
1.016
0.992
1.06
1.048
0.944
1.004
1.084
1.104
0.988
0.988
1.02
1.06
0.988
1
1.048
1.04
0.94
0.956
1.02
1.044
1.004
1.06
1.08
0.976
1.012
1.052
1.048
1.048
0.956
1.004
1.048
1.044
0.98
0.972
0.952
0.892
0.936
0.964
0.948
0.9
1
1.056
0.952
0.956
0.98
0.96
0.956
0.952
0.876
0.848
0.884
0.984
0.936
0.968
1.032
1.04
0.96
0.948
1.008
1.028
0.956
0.96
0.992
0.984
0.984
1.008
1.04
0.972
1.016
1.076
1.024
0.952
0.944
0.904
1.012
1.072
1.064
0.972
1.024
1.076
1.06
0.96
1.004
1.02
0.944
0.908
0.996
1.06
0.912
0.82
0.888
0.98
1.076
1.104
1.096
0.988
0.952
0.964
1.008
1.004
1.008
0.908
1.008
1.112
1.112
0.984
1.068
1.084
1.044
0.944
1.02
1.068
1.024
0.936
1.1
1.136
1.112
1.04
1.112
1.024
1.024
1.024
1.044
0.988
1.016
1.024
0.948
1.008
1.116
1.124
1.1
1.052
1.056
1.044
0.948
0.956
1.012
1.028
0.98
1.016
1.064
0.988
0.964
1
1.068
0.992
0.976
1.024
0.92
0.904
1.024
0.988
0.944
1.02
1.056
0.968
0.976
1.028
0.984
0.908
1.012
1.076
0.996
0.948
1.012
1.036
0.912
0.992
0.988
1.044
1.036
0.956
0.936
0.98
1.036
1.04
1.036
1.08
1.152
1.036
1.028
1.076
1.06
1.056
1.04
0.996
0.888
0.916
0.804
0.78
0.908
1.092
0.972
1.024
1.096
1.06
1.032
1.02
0.96
1.04
1.048
1.036
1.052
0.944
1.016
1.064
1.012
0.94
1.052
1.072
0.976
1.044
1.076
1.012
0.92
0.964
1.052
1.016
0.948
1.08
1.092
0.964
1.004
1.084
1.072
0.976
1.048
0.984
1.012
1.084
1.04
0.88
0.804
0.824
0.82
0.9
1.132
1.132
1.032
1.056
1.068
1.024
0.964
0.932
0.924
0.856
1.028
1.176
1.128
0.952
0.904
1.108
1.048
1.024
1.04
0.932
1.008
1.124
1.096
1.092
1.08
1.008
0.996
1.064
1.084
1.08
0.96
1.02
1.044
1.024
0.976
1.032
1.048
0.972
1.052
1.056
0.964
0.992
1.008
0.964
0.964
1.008
1.012
0.94
0.96
1.016
0.868
0.876
1
1.036
0.984
1.004
1
0.92
0.972
1.036
1.012
0.972
0.972
0.968
0.912
0.948
0.988
0.956
0.908
1.044
1.092
1.092
1.064
1.04
1.064
1.048
1.052
1.04
1.032
0.944
0.94
0.96
1
0.928
0.94
1.012
1.032
0.916
0.92
0.968
1.032
0.912
0.932
1.044
1.036
0.932
0.952
1.04
1.036
0.956
1.008
1.076
1.06
0.968
1.024
1.06
1.04
1.008
1.068
1.06
0.976
1.024
1.044
1.008
1.004
1.052
1.024
1.004
1.044
1.036
0.972
0.992
1.024
1.004
0.984
1.016
1.024
0.972
1.032
1.052
0.984
1.008
1.036
1.048
0.996
1.024
1.048
1.04
0.968
1.02
1.052
0.992
0.964
1.028
1.056
0.988
1.028
1.064
1.008
0.888
0.944
1.048
1.032
0.984
1.028
1.052
0.96
0.988
1.028
0.952
0.948
1.024
1.048
0.976
0.976
1.016
1.024
1.016
1.072
1.076
0.964
1.036
1.092
1.028
0.944
1.036
1.036
0.988
1.004
1.028
0.98
1.012
1.036
1.024
0.948
0.98
1.04
1.004
0.932
0.988
1.02
0.976
0.88
0.9
0.988
0.976
0.952
1.008
1
0.904
0.92
0.988
1
0.928
0.988
1.036
0.988
0.932
0.98
1.008
0.96
0.916
1.004
1.048
0.996
0.932
1.012
1.072
1.016
1.012
1.02
1.008
0.936
0.908
0.992
1.08
0.956
1.036
1.06
1.032
0.936
0.992
1.032
1.056
0.98
0.968
1.056
1.068
1.024
1.044
1.064
1.052
1.028
0.988
1.004
1.02
0.928
0.936
1.044
1.008
0.96
1.08
1.028
0.996
1.068
1.064
0.948
1.004
1.04
0.968
1.028
1.02
1.121477
1.056
1.096
1.036
1.1
1.124
1.084
0.964
1.028
1.06
1.016
1.024
1.044
1.012
1.012
1
0.98
0.988
0.984
0.936
0.94
0.984
0.924
0.948
0.944
0.884
0.872
0.908
0.944
0.832
0.86
0.948
0.952
0.952
0.984
1
0.976
0.976
0.888
0.944
1.032
1.04
0.924
0.904
0.972
1.036
0.972
1.148
1.128
0.988
1.044
1.084
1.012
1.056
1.048
0.992
0.868
0.944
1.06
0.988
1.036
1.064
1.052
1.064
1.056
1.064
1.036
0.92
0.956
1.056
1.064
1.004
1.044
1.076
0.984
0.992
1.012
0.928
0.92
1.016
1.072
1.032
1.044
1.052
1.012
0.94
0.976
1.012
1.044
1.028
0.976
1.036
1.068
1.06
0.92
0.876
0.976
1.132
0.944
1.016
1.152
1.092
0.988
1.072
1.096
0.964
0.98
1.088
1.048
1.024
1.096
1.104
1
1.032
1.072
1.068
1.084
1.104
1.084
1.044
1.048
1.036
1.02
1.052
1.032
1.016
1.028
1.032
0.928
0.952
1.084
1.072
0.972
0.996
0.996
0.972
0.964
1.024
1.028
0.952
0.884
1.008
1.108
0.968
1.008
1.06
0.988
0.976
1.036
1.044
0.904
0.952
1.02
0.92
0.96
1.04
1.04
0.964
1.032
1.06
1.036
0.988
1.024
1.052
1.076
1.076
1.06
1.032
1.032
0.964
0.908
1.072
1.132
1.012
1.04
1.056
1.024
0.98
1.004
1.036
1.052
1.012
1.024
1.016
1.015361
1.26
1.076
1.02
1.12
1.1
0.94
1.032
1.092
1.036
1.084
1.1
1.068
0.908
0.82
0.784
0.816
1.004
1.084
0.952
0.976
1.112
1.092
0.996
0.904
0.92
0.968
0.956
0.908
0.948
0.956
0.884
0.78
0.764
0.744
0.756
0.84
0.936
0.952
0.944
0.94
0.932
0.928
0.936
0.932
0.928
0.932
0.928
0.932
0.904
0.88
0.816
0.828
0.88
0.956
0.884
0.86
0.92
1.004
0.952
0.928
1.012
1.024
0.972
0.96
1.004
1.004
1.004
1.02
1.012
0.92
0.956
1.004
0.964
0.992
1.088
1.072
1.016
1.056
1.036
0.96
0.992
1
0.936
1.024
1.052
1.044
1.048
1.04
1.04
1.092
1.096
1.088
1.068
1.032
0.992
0.86
0.88
1.148
1.028
0.98
1.068
1.012
0.996
1.096
1.088
1.016
1.136
1.1
1.02
0.972
1.044
1.056
1.056
0.98
1.052
1.124
1.072
1.028
1.076
1.06
1.036
1.044
1.076
1.02
0.932
0.868
0.932
1.14
1.104
0.944
1.016
1.124
1.056
0.996
1.04
1.044
0.964
1.024
1.048
1.024
1.052
1.04
1.028
1.044
1.036
0.988
1.012
1.076
1.104
1.084
1.024
0.968
1.028
1.036
1.004
0.9
1.008
1.128
0.96
0.972
1.068
1.04
1.016
1.092
1.076
0.924
0.932
0.98
0.984
0.924
1.096
1.136
1.068
1.112
1.128
1.052
1.052
0.996
1.02279
0.728
0.716
0.696
0.684
0.676
0.656
0.648
0.644
1.140091
1.047428
0.9198979
0.9626383
0.9804743
1.103875
1.040022
1.043061
1.021638
0.9723973
1.14553
0.652
0.652
0.716
0.792
0.872
0.912
0.876
0.844
0.884
0.956
0.964
0.952
1.008
1.068
1.068
1.064
1.08
1.084
1.1
1.088
1.072
0.928
1.028
1.168
1.16
1.148
1.16
1.136
1.088
0.948
1.108
1.2
1.184
1.14
1.136
1.192
1.196
1.128
1.008
1.012
1.144
1.156
1.184
1.124
1.16
1.164
1.144
1.12
1.104
1.104
1.144
1.128
1.12
1.12
1.12
1.088
1.064
1.144
1.156
1.04
1.04
1.104
1.088
0.94
1.048
1.096
0.948
1.04
1.132
1.072
1.064
1.088
1.064
0.996
1.048
1.08
1.028
1.06
1.056
1.008
1.004
1.044
0.96
0.972
0.972
0.888
0.948
0.924
0.94
1.08
1.112
1.104
1.02
1.068
1.088
0.984
0.94
0.872
0.932
1.064
1.116
1.004
1.076
1.132
1.076
1.064
1.068
1.104
1.028
1.076
1.064
0.98
1.036
1.084
1.028
1.04
1.072
1.072
1.06
1.052
1.008
1.032
1.024
0.968
1
1.02
0.96
1.004
1.028
0.952
0.996
1.04
0.972
0.98
1.04
0.996
0.912
0.976
1.024
0.94
0.948
1.032
1.012
0.932
0.98
0.992
0.936
1.008
1.064
1
1.044
1.044
1.004
0.996
1.036
1.012
0.952
0.984
1.012
0.924
0.952
1
0.952
0.964
1.032
1.04
0.996
1.068
1.044
0.972
1.004
1.04
0.992
0.964
1.02
1.036
1.004
1.068
1.08
0.988
1.028
1.052
1.008
1.016
1.068
1.076
0.98
1.04
1.072
1.048
1
1.044
1.028
0.932
0.964
1.068
1.012
0.988
1.032
1.012
0.924
1.012
1.06
1.032
1.052
1.048
0.952
0.868
0.932
1.06
0.988
0.96
1.076
1.084
0.964
1.044
1.072
0.98
0.956
1.048
1.068
0.996
1.052
1.064
1.008
0.968
1.028
0.98
1.048
1.072
0.968
1.008
1.14
1.124
1.064
1.06
1.104
1.088
1.004
1.016
1.076
1.08
1.032
1.108
1.112
1.108
1.096
1.084
1.052
1.04
1.088
1.072
0.98
0.98
1.02
1.036
0.988
1.008
1.056
1.02
1.016
1.072
1.052
0.988
1.076
1.096
1.092
1.072
1.092
1.076
0.988
1.032
1.076
1.08
1.024
1.052
1.072
1.012
1
1.048
1.06
1.044
1.096
1.104
1.056
1.008
1.044
1.056
1.004
1.048
1.104
1.048
0.904
0.912
1.056
1.112
1.008
1.104
1.1
0.952
1
1.092
1.088
0.96
1.008
1.096
1.032
1.004
1.108
1.076
1
1.08
1.116
0.992
0.956
0.968
0.912
0.936
0.932
0.828
0.804
0.796
0.808
0.828
0.936
0.892
0.936
1.06
1.104
1.104
1.104
1.116
1.108
1.092
1.084
1.008
1.056
1.064
1.044
0.944
0.98
1.112
1.132
1.084
1.096
1.108
1.072
1.052
1.092
1.064
0.932
1.048
1.148
1.096
1.072
1.104
1.1
1.012
1.088
1.072
0.936
1.012
1.096
1.076
1.088
1.14
1.132
1.068
1.112
1.1
1.056
1.068
1.112
1.1
1.06
1.096
1.06
0.996
1.028
1.04
1.004
1.024
1.08
1.1
1
1.056
1.064
1.02
0.952
1.036
1.072
0.964
0.948
0.968
0.872
0.976
1.104
1.036
1.068
1.08
1.032
0.936
1.048
1.088
0.964
1.028
1.096
1.044
0.964
1.024
1.036
0.96
1.036
1.08
1
1.024
1.044
0.936
0.988
1.048
1.032
1.016
1.076
1.044
1.024
1.052
1.036
1.028
1.046307
0.796
0.78
0.744
0.748
0.776
0.748
0.768
0.772
0.784
0.788
0.776
0.788
0.8
0.808
0.804
0.816
0.812
0.808
0.796
0.78
0.776
0.78
0.74
0.716
0.728
0.78
0.86
0.812
0.856
0.944
0.924
0.948
0.916
0.816
0.78
0.768
0.748
0.764
0.86
1.128
1.116
1.032
1.128
1.152
1.128
1.112
1.028
1.048
1.088
1.128
1.056
1.004
0.892
0.904
0.956
0.92
1.028
1.14
1.164
1.148
1.132
1.1
1.048
1.06
1.06
1.072
0.912
0.928
1.1
1.112
1.008
0.88
0.9
1.084
1.148
1.148
1.152
1.128
1.036
1.06
1.012
1.02
1.112
1.128
1.064
1.068
1.008
1.064
1.108
1.092
1.06
0.992
0.948
1.056
1.092
1.072
0.94
1.044
0.984
0.952
0.96
0.928
0.996
1.084
0.968
0.888
0.86
0.928
1.084
0.972
1.016
1.088
1.1
1.064
1.028
0.928
0.976
0.976
0.984
0.98
0.976
0.888
0.812
0.808
0.884
1.016
0.924
0.92
0.972
1.02
0.944
0.86
0.864
0.908
0.952
0.956
0.892
0.864
0.872
0.98
0.868
0.832
0.828
0.856
0.964
0.96
0.996
1.048
1.044
0.976
0.984
1.048
0.892
0.812
0.78
0.792
1.024
1.084
1.088
1.072
1.08
1.008
1.06
1.048
1
0.92
0.892
1.012
0.984
0.964
1.104
1.132
1.1
1.056
0.964
0.92
1.028
1.136
1.112
1.128
1.056
0.972
1.064
1.096
1.064
1.084
1.056
1.044
1.064
1.116
1.108
1.08
0.992
1.084
1.124
1.096
1.056
0.924
0.956
1.112
1.06
1.016
1.092
1.108
0.952
0.992
1.056
1.028
0.968
1.08
1.108
1.024
0.94
0.996
1.096
1.104
1.052
1.104
1.08
0.984
1.024
1.104
1.1
1.08
1.076
1.072
1.06
1.06
1.012
0.892
0.904
1.048
1.092
0.956
1.14
1.16
1.08
1.004
1.124
0.8675961
0.716
0.78
0.816
0.812
0.808
0.756
0.764
0.828
0.784
0.732
0.756
0.816
0.944
0.912
0.876
0.816
0.832
0.792
0.788
0.8
0.78
0.792
0.932
1.076
1.064
1.052
0.98
0.924
0.936
0.948
0.92
0.916
0.94
0.916
0.852
0.848
0.856
0.884
0.896
0.808
0.78
0.768
0.768
0.8
0.816
0.876
1.136
1.116
1.104
1.064
0.92
0.936
0.932
0.856
0.832
0.76
0.748
0.72
0.704
0.736
1.36
1.252
1.196
1.168
1.176
1.164
1.148
1.136
1.136
1.088
1.084
1.052
1.056
0.944
0.884
0.972
1.068
0.908
0.964
1.1
1.056
0.92
1.052
1.128
1.112
1.008
1.052
1.088
1.088
1.08
1.036
0.96
1.016
1.072
1.06
1.02
0.896
0.948
1.048
1.088
0.96
1.012
1.088
1.068
1
1.064
1.068
1.06
1.048
1.044
1.044
1.012
0.96
0.896
1.008
1.064
1.044
1
0.864
0.912
1.108
1.02
0.948
1.084
1.108
0.98
1
1.112
1.104
1.004
1.076
1.092
1.1
1.06
1.048
1.056
1.032
1.068
1.04
1.072
1.064
1.012
1.016
1.032
1.032
0.956
0.892
0.96
1.056
0.952
0.94
1.036
1.084
0.94
0.944
1.036
0.992
0.872
0.872
0.952
0.968
1.036
1.124
1.096
1.024
1.056
1.04
1.036
1
1.06
1.064
1.02
0.92
0.916
1.076
1.128
1.04
1.108
1.124
1.04
1.052
1.044
1.008
1.06
1.092
1.008
1.02
1.072
1.064
1.044
1.092
1.08
0.984
1
1.048
1.04
1.076
0.952
0.88
0.904
1.052
1.088
0.952
0.996
1.06
1.084
1.008
1.08
1.096
1.084
0.968
1.072
1.12
1.108
1.004
1.088
1.1
1.04
1.092
1.08
1.068
1.068
1.084
1.06
1.016
0.996
1.084
1.12
1.076
1.079003
0.992
1.108
0.944
1.044
1.12
1.12
1.052
0.956
1.036
1.088
0.988
1.072
1.092
1.088
1.064
1.112
1.076
1.044
1.108
1.116
1.076
0.98
0.964
1.192
1.152
1.032
1.1
1.088
0.996
0.96
1.152
1.144
1.012
1.104
1.088
1.072
1.108
1.076
1.056
1.092
1.088
1.072
1.096
1.096
1.084
1.08
1.04
1.084
1.052
1.036
1.116
1.108
1.052
0.9970455
1.252
0.968
1.04
1.18
1.064
0.9535424
1.18
1.116
0.996
1.112
1.144
1.064
1.088
1.084
1.024
1.128
1.096
1.012
1.112
1.116
1.1
1.128
1.116
1.12
1.104
1.032
1.1
1.1
1.084
1.012
1.096
1.076
1.064
1.088
1.1
1.104
1.064
1.06
1.052
1.056
1.14
1.092
0.948
0.872
0.988
1.18
1.124
1.048
1.108
1.104
1.104
1.072
0.988
0.852
0.832
0.98
1.076
0.992
0.856
0.764
0.744
0.736
0.76
0.728
0.716
0.728
0.732
0.72
0.692
0.696
0.692
0.712
0.776
0.86
0.888
0.832
0.892
0.96
0.98
0.912
0.988
1.044
1.052
0.944
0.816
0.8
0.836
1.268
1.2
1.228
1.2
1.22
1.208
1.172
1.14
1.064
1.188
1.144
1.18
1.164
1.156
1.144
1.164
1.152
1.048
1.16
1.184
1.156
1.112
1.144
1.124
1.012
1.08
1.084
1.108
0.964
0.896
0.832
0.808
0.768
0.744
0.74
0.728
0.732
0.728
0.72
0.704
0.708
0.716
0.756
0.808
0.776
0.776
0.792
0.82
0.78
0.752
0.776
0.852
0.94
1.004
1.036
1.04
1.032
1.024
1.028
0.968
1.024886
0.752
0.772
0.956
0.884
0.876
1.052
1.064
0.964
0.888
0.94
1.068
0.96
0.94
1.112
1.16
1.12
0.988
1.136
1.168
1.052
0.98
1.144
1.16
1.072
1
1.112
1.184
1.12
1.044
1.156
1.164
1.116
0.976
1.044
1.184
1.172
1.18
1.216
1.168
1.124
1.152
1.132
1.108
1.188
1.156
1.112
1.092
1.14
1.1
1.008
1.124
1.136
1.044
1.096
1.12
1.06
1.18
1.156
1.116
1.06
1.132
1.12
1.02
1.096
1.112
1.056
1.096
1.104
1.084
1.036
1.116
1.132
1.04
1.088
1.06
1.032
1.084
1.044
0.976
1.12
1.124
1.032
1.088
1.104
1.036
0.932
1.02
1.096
1.024
0.984
1.096
1.112
1.068
1.064
1.072
1.032
1.076
1.08
1.028
1.088
1.108
1.036
1.084
1.072
1.004
1.024
1.088
1.048
0.912
0.984
1.112
1.02
1.04
1.128
1.12
1.016
1.068
1.092
1.04
1.02
1.052
1.116
1.076
1.012
1.112
1.108
1.092
0.948
1.02
1.132
1.104
0.992
1.08
1.128
1.024
1.1
1.112
1.076
1.096
1.128
1.08
1.12
1.092
1.052
1.076
1.032
1.04
1.096
1.08
1.04
1.088
1.088
1
1.044
1.092
0.996
1.084
1.136
1.08
1.128
1.124
1.064
1.1
1.112
1.1
0.992
1.088
1.088
0.996
1.064
1.112
0.976
0.932
1.016
1.016
0.988
1.084
1.108
1.04
1.136
1.14
1.012
1.04
1.112
1.044
0.956
1.044
1.12
1.108
1.012
1.12
1.168
1.148
1.068
1.068
1.108
1.104
1.06
1.008
1.044
1.056
1.056
1.072
0.9
1.032
1.176
1.088
1
1.128
1.116
1.076
0.9744547
1.156
1.036
1.108
1.156
1.1
1.076
1.124
1.08
1.08
1.108
1.1
1.092
1.132
1.152
1.108
1.092
1.116
1.108
1.028
1.088
1.1
1.044
1.016
1.088
1.096
0.996
1.056
1.104
1.024
1.116
1.104
1.012
0.916
0.992
1.14
1.116
1
1.156
1.136
0.96
0.928
1.028
0.9
0.832
0.8
1
1.224
1.076
1.044
1.124
1.128
1.064
1.044
1.036
1.04
1.068
1.036
0.912
1.004
1.132
1.052
1.04
1.12
1.12
1.108
0.968
1.012
1.176
1.168
1.044
1.18
1.208
1.16
1.092
1.152
1.052
0.932
0.876
0.776
0.752
0.728
0.704
0.708
0.732
0.884
0.956
0.932
0.828
0.816
0.788
0.776
0.808
0.832
0.82
0.816
0.772
0.796
0.804
0.808
0.796
0.788
0.764
0.724
0.712
0.712
0.732
0.84
0.996
0.816
0.78
0.784
0.952
0.98
1.056
1.092
1.12
1.092
1.096
1.1
1.108
1.108
1.108
1.104
1.124
1.072
1.02
1.108
1.128
1.052
1.116
1.132
1.056
1.048
1.14
1.092
1.152
1.144
1.068
1.116
1.104
1.048
1.128
1.14
0.968
1.136
1.14
1
1.104
1.18
1.168
1.1
1.156
1.164
1.08
1.14
1.136
1.084
1.136
1.088
1.044
1.092
1.072
1.032
1.1
1.06
0.956
1.012
1.072
1.028
1.02
1.116
1.132
1.056
1.104
1.096
1.02
1.068
1.084
1.052
1.048
1.1
1.104
1.072
1.064
1.084
1.004
0.96
1.036
1.096
1.032
1.096
1.088
1.024
1.024
1.108
1.04
1.064
1.104
1.068
1.044
1.092
1.1
1.084
1.076
1.088
1.064
0.992
1.052
1.1
1.084
1.064
1.096
1.108
0.952
0.948
0.996
1.016
0.884
0.988
1.18
1.132
1.084
1.112
1.144
1.06
1.108
1.112
1.048
1.08
1.144
1.116
1.052
1.132
1.12
1.044
1.088
1.008
0.944
1.1
1.164
1.036
1.156
1.136
1.04
1.076
1.04
1.036
0.944
0.936
0.98
1.048
1.104
0.992
1.016
1.116
0.996
0.968
0.956
0.968
0.864
0.832
0.82
0.868
1.028
1.084
1
1.04
1.068
1.056
1.056
1.044
0.964
0.988
1.056
1.112
1.08
0.968
1.06
1.148
1.144
1.124
1.036
1.12
1.144
1.12
1.088
1.14
1.156
1.076
1.148
1.176
1.132
1.104
1.12
1.104
1.092
1.14
1.156
1.152
1.072
1.128
1.124
1.104
1.08
1.14
1.136
1.056
1.1
1.132
1.084
1.116
1.144
1.08
1.1
1.1
0.992
1.052
1.108
1.036
1.092
1.156
1.116
1.092
1.144
1.124
0.976
1.004
1.14
1.156
1.112
1.148
1.16
1.104
1.116
1.1
0.968
1.044
1.096
1.04
1.08
1.152
1.128
1.064
1.108
1.084
1.048
1.096
1.1
1.016
1.076
1.1
1.076
1.12
1.128
1.116
1.024
1.08
1.096
1.064
1.08
1.116
1.108
1.044
1.108
1.084
0.996
1.044
1.092
1.008
1.024
1.092
1.064
0.9978672
1.04
1.036
0.968
1.148
1.156
1.036
1.096
1.128
1.06
1.072
1.096
1.044
1.092
1.072
1.016
1.06
1.06
0.976
1.1
1.068
1.1
1.104
0.944
0.904
0.88
0.844
0.832
1.064
1.028
0.904
1.024
1.072
1.02
1.108
1.092
1.02
1.072
1.08
1.028
1.1
1.084
0.996
0.968
1.048
0.976
1.008
1.1
1.1
1.024
1.08
1.02
1.016
1.176
1.152
1.032
1.016
1.076
1.016
0.864
0.8
0.876
1.192
1.088
1.08
1.136
1.032
1.116
1.112
1.036
1.104
1.036
0.904
0.912
0.98
0.948
1.104
1.108
1.104
1.088
1.068
1.112
1.088
0.976
1.036
1.112
1.092
1.1
0.996
1.036
1.128
1.112
1.004
1.12
1.148
1.028
1.068
1.116
1.06
0.996
0.944
1.092
1.128
1.084
1.064
1.124
1.14
1.08
1.12
1.124
1.028
1.064
1.14
1.14
1.052
1.056
1.088
1.092
0.968
1.084
1.156
1.084
0.984
1.144
1.188
1.156
1.104
1.076
1.004
1.144
1.156
1.132
1.02
1.084
1.124
1.116
1.112
1.004
1.068
1.04
1.1
1.112
1.092
1.032
1.1
1.108
1.092
1.048
1.096
1.088
1.124
1.112
1.104
1.06
1.006277
1.196
1.16
1.132
0.984
1.08
1.148
1.016
0.9279883
0.792
0.78
0.752
0.744
0.796
0.96
0.992
0.956
0.9
0.96
1.008
1.024
0.936
0.996
1.108
1.092
1.08
1.02
1.076
1.1
1.096
1.072
1.092
1.136
1.14
1.076
1.072
1.144
1.164
1.164
1.156
1.132
1.028
1.092
1.116
1.104
0.98
1.056
1.128
1.116
0.96
1.048
1.176
1.088
1.06
1.036
0.94
0.964
0.944
0.844
0.812
0.792
0.788
0.8
0.812
0.828
0.756
0.724
0.752
0.808
0.952
1.02
0.996
0.932
0.896
0.908
0.92
0.912
0.88
0.888
0.92
0.92
0.876
0.848
0.868
0.896
0.932
0.988
0.98
0.928
0.936
0.98
0.972
0.98
1.008
1.016
0.964
0.9
0.94
0.924
0.96
1.088
1.02
0.928
1.052
1.104
1.064
1.084
1
1.112
1.16
1.144
1.084
1.032
1.108
1.124
1.084
1.012
1.1
1.116
1.048
1.016
1.128
1.168
1.12
1.12
1.116
1.004
0.988
0.984
0.952
1
1.084
0.98
1.112
1.14
1.036
1.004
1.036
0.996
1.004
1.056
1.116
1.068
0.892
0.808
0.836
0.948
0.904
0.98
1.096
1.1
1.004
1.044
1.016
1.028
1.06
1.084
1.084
1.08
0.98
1.088
1.12
1.092
0.944
1.04
1.12
1.136
1.064
1.12
1.04
1.068
1.064
1.044
0.964
1.04
1.12
1.12
1.068
1.088
1.132
1.112
1.072
1.128
1.116
1.052
1.108
1.1
1.068
1.08
1.08
1.06
1.092
1.076
1.02
0.908
1.02
1.14
1.1
1.04
1.108
1.124
1.048
1.004
1.072
1.104
1.004
1.064
1.092
1.02
1.016
1.076
1.084
1.024
1.004
1.1
1.112
1.056
1.068
1.088
1.064
1.032
1.044
1.02
1.096
1.084
0.992
1.008
1.056
1.06
0.98
1.068
1.068
0.968
0.928
1.04
1.076
1.016
1.08
1.048
1.112
1.132
1.092
0.98
1.044
1.104
1.052
1.096
1.108
1.024
0.992
1.048
0.924
1.02
1.124
1.052
1.104
1.12
1.076
1.04
1.112
1.112
1.116
1.02
1.02
1.06
1.12
1.112
1.088
1.14
0.992
0.948
1.068
1.14
1.032
1.124
1.14
1.08
0.96
1.064
1.128
1.124
1.112
1.084
1.012
1.144
1.14
1.112
1.06
1.004
1.144
1.16
1.144
1.128
1.056
1.14
1.144
1.108
0.98
1.056
1.176
1.156
1.092
1.124
1.132
1.076
1.112
1.084
1.02
1.096
1.084
1.028
1.028
1.104
1.076
1.044
1.1
1.088
0.996
1.068
1.092
1.052
1.012
1.108
1.112
1.04
1.112
1.108
1.068
0.96
0.996
1.112
1.1
0.968
1.04
1.108
1.064
1.032
1.056
1.064
0.964
0.996
1.068
1.032
1.02
1.036
1.032
0.988
1.08
1.088
0.976
1.032
1.088
1.092
1.084
1.016
1.024
1.068
0.992
0.972
1.18
1.168
1.008
1.132
1.132
1.048
0.964
1.096
1.144
1.064
1.104
1.112
1.12
1.108
1.12
1.136
1.124
1.112
1.056
0.996
0.9
0.852
0.88
1.004
1.044
0.98
0.836
0.784
0.772
0.872
1.064
1.1
1.028
0.976
1.092
1.144
1.128
1.056
1.06
1.156
1.16
1.06
1.048
1.124
1.104
0.992
1.16
1.172
1.016
1.08
1.152
1.156
1
1.148
1.164
1.132
1.131288
1.136
1.076
1.092
1.164
1.136
1.016
1.12
1.148
1.024
1.228
1.224
1.188
1.204
1.196
1.152
1.084
1.168
1.184
1.144
1.148
1.156
1.1
1.036
1.06
1.112
1.14
0.988
1.064
1.14
1.104
1.14
1.156
1.128
1.128
1.136
1.116
1.052
1.124
1.144
1.124
1.184
1.184
1.128
1.116
1.124
1.08
1.04
1.096
1.076
0.948
1.108
1.152
1.06
1.092
1.136
1.06
1.056
1.108
1.092
1.172
1.132
1.076
1.124
1.108
1.008
1.096
1.116
1.008
0.924
1.116
1.132
1.008
1.104
1.136
1.068
1.088
1.112
1.072
1.088
1.124
1.096
1.036
0.968
1.02
1.048
0.94
1.016
1.036
0.968
0.876
0.912
0.96
0.976
0.896
0.948
1.032
1.048
1
1.076
1.096
1.08
0.956
0.964
1.048
1.08
0.968
1.26
1.216
1.072
1.164
1.184
1.12
1.052
1.16
1.132
1.012
1.124
1.148
1.136
1.088
1.1
1.112
1.084
1.096
1.144
1.144
1.076
1.108
1.124
0.988
1.08
1.18
1.144
0.992
0.984
1.208
1.168
1.076
1.192
1.172
1.128
1.188
1.16
1.072
1.052
1.104
1.036
1.032
1.152
1.14
1.1
1.104
1.076
1.044
1.012
1.156
1.128
1.08
0.972
1.14
1.12
0.984
1.080796
1.304
1.22
1.216
1.188
1.088
1.04
1.164
1.164
1.172
1.172
1.16
1.136
1.116
1.068
0.964
1.08
1.152
1.052
0.992
0.96
0.952
0.952
0.888
0.92
0.916
0.884
0.84
0.9
0.988
1.008
1
0.984
0.98
0.984
1.02
1.036
0.968
0.976
1.008
1.024
0.96
1.068
1.084
0.936
0.932
1.112
1.128
1.032
1.112
1.148
1.056
1.132
1.132
1.072
1.152
1.14
1.068
1.104
1.104
1.044
1.06
1.132
1.104
1.132
1.16
1.1
1.14
1.14
1.088
1.096
1.116
1.068
1
1.136
1.152
1.072
1.1
1.136
1.14
1.116
1.14
1.072
1.004
1.088
1.12
1.012
1.076
1.12
1.072
1.136
1.152
1.076
1.108
1.112
1.052
1.096
1.048
0.92
1.108
1.04
0.968
1.076
1.044
1.156
1.14
1.084
1.148
1.124
1.1
1.132
1.144
1.096
1.112
1.112
1.088
1.124
1.128
1.036
1.084
1.108
1.104
1.04
1.076
1.084
1.048
1.132
1.152
1.064
1.128
1.164
1.072
1.124
1.172
1.1
1.076
1.116
1.064
1
1.112
1.084
0.9841694
0.952
1.068
1.176
1.16
1.156
1.176
1.12
1.068
1.124
1.08
1.028
1.092
1.096
1.048
1.068
1.036
1.108
1.132
1.064
1.052
1.076
1.068
1.04
1.08
1.076
1.004
0.96
0.992
1
0.964
1.092
1.104
1.036
1.04
1.056
1.052
1.032
1.159175
0.872
1.008
1.056
1.072
1
1.02
0.908
0.908
0.86
0.924
1.052
1.068
1.088
1.024
1.004
1.128
1.036
1.004
1.052
1.108
1.072
0.94
0.892
0.84
0.908
1.044
1.052
1.132
1.084
1.096
1.092
1.112
1.008
0.976
0.904
0.98
1.092
1.108
1.032
1.124
1.1
1.12
1.128
1.08
1.064
1.044
1.068
1.104
1.108
1.108
1
0.98
0.948
1.016
1
0.924
0.88
0.816
0.864
0.904
0.872
0.764
0.744
0.7
1.094517
0.704
1.041107
0.716
0.8
0.82
0.836
0.836
0.784
0.8
0.808
0.808
0.812
0.82
0.824
0.8
0.772
0.784
0.816
0.852
0.904
0.944
0.972
0.996
1.028
0.94
0.948
1.1
1.16
1.14
1.108
1
1.156
1.148
1.136
1.064
1.172
1.164
1.124
1.24
1.208
1.2
1.136
1.148
1.22
1.196
1.104
1.028
1.204
1.184
1.12
1.18
1.188
1.148
1.112
1.14
1.152
1.044
1.136
1.164
1.124
1.1
1.132
1.124
1.096
1.136
1.136
1.052
1.132
1.136
1.064
1.088
1.084
1.048
1.012
1.144
1.132
1.052
1.08
0.996
0.944
0.86
0.852
1.244
1.188
1.152
1.068
1.12
1.12
1.036
1.104
1.12
1.068
1.084
1.096
1.108
1.06
1.096
1.104
1.024
1.068
1.104
1.052
1.096
1.108
1.016
0.992
1.032
1.068
0.996
1.028
0.984
0.98
1.124
1.148
1.064
1.104
1.088
0.988
1.112
1.136
1.076
1.076
1.096
1.056
1.056
1.068
1.048
1.016
0.892
1
1.168
1.168
1.124
1.08
1.048
1.068
1.036
0.94
0.996
1.064
1.08
0.996
0.988
1.072
1.068
0.984
1.064
1.092
1.028
1.096
1.092
1.096
1.008
1.052
1.124
1.104
1.088
1.076
1.14
1.104
1.04
0.912
1
1.184
1.108
1
1.192
1.124
0.952
1.128
1.156
1.072
1.12
1.128
1.072
1.056
1.104
1.08
1.024
1.108
1.08
1.096
1.096
1.044
1.072
1.112
1.1
1.056
1.092
1.084
1.032
1.004
1.124
1.12
1
1.072
1.096
1
1.056
1.028
1.052
1
0.928
0.864
0.936
1.136
1.06
1.016
1.132
1.136
1.076
1.1
1.152
1.128
1.052
1.088
1.092
1.072
1.056
1.1
1.1
1.08
1.108
1.06
1.036
1.12
1.084
1.024
1.076
1.02
0.952
1.104
1.096
1.02
1.108
1.104
1.072
1.08
1.096
1.068
1.072
1.084
1.088
1.124
1.04
0.98
1.048
1.172
1.072
1.137215
0.932
0.808
0.808
0.792
0.788
0.816
0.948
0.908
0.984
1.024
0.928
0.936
0.984
1.02
0.976
0.916
1.016
1.108
1.096
1.06
1.104
1.096
1.044
1.096
1.1
1.052
1.076
1.1
1.052
1.048
1.084
1.052
1.024
1.128
1.092
1.016
1.08
1.068
0.984
1.1
1.128
1.032
1.092
1.132
1.052
1.136
1.136
1.1
0.984
1.156
1.18
1.116
1.148
1.16
1.076
1.14
1.144
1.084
1.116
1.124
1.08
1.112
1.128
1.1
1.056
1.124
1.124
0.98
1.076
1.148
1.088
1.072
1.104
1.056
0.972
1.096
1.112
1.032
1.148
1.176
1.132
1.14
1.124
1.036
1.072
1.104
1.044
1.06
1.104
1.08
1.008
1.048
1.04
0.964
1.08
1.1
1.068
0.936
1.036
1.136
1.104
1.084
1.124
1.108
1.064
1.124
1.124
1.064
1.108
0.996
0.948
1.06
1.148
1.132
1.044
1.116
1.144
1.06
1.112
1.088
1.092
1.096
1.096
1.008
1.032
0.992
0.94
1.1
1.164
1.116
1.124
1.116
1.1
1.052
1.088
1.084
1.024
1.088
1.068
0.996
0.988
1.052
1.02
1.149072
1.145031
1.135345
1.125527
0.72
0.764
0.82
0.828
0.764
0.732
0.772
0.856
0.936
0.964
0.936
0.848
0.912
1.044
1.112
1.1
0.996
1.104
1.152
1.136
1
1.132
1.132
1.092
1.044
1.216
1.204
1.104
1.168
1.196
1.144
1.032
1.112
1.156
1.152
1.08
1.2
1.18
1.14
1.192
1.176
1.136
1.085612
1.184
1.052
1.092
1.196
1.168
1.148
1.172
1.136
1.092
1.16
1.148
1.108
1.168
1.168
1.144
1.068
1.164
1.208
1.16
1.116
1.152
1.128
1.128
1.164
1.144
1.092
1.16
1.168
1.08
1.132
1.136
1.084
1.088
1.124
1.096
1.036
1.112
1.116
1.04
1.104
1.064
0.96
0.872
0.972
1.196
1
1.12
1.176
1.06
1.06
1.124
1.092
1.072
1.176
1.136
1.088
1.04
1.092
1.128
1.124
1.12
1.056
1.104
1.132
1.136
1.112
1.016
1.012
1.088
1.164
1.004
1.048
1.148
1.132
0.94
0.928
0.976
1.008
0.904
0.88
0.904
0.812
0.788
0.804
0.924
0.86
0.848
1.124
1.112
0.992
0.912
1.02
1.096
1.08
0.996
0.992
1.068
1.084
1.004
0.952
1.004
1.06
0.88
0.976
1.204
1.148
1.088
1.16
1.148
1.108
1.02
1.088
1.156
1.06
1.152
1.188
1.152
1.116
1.12
1.112
1.092
1.096
1.108
1.112
1.12
1.048
0.924
1.3
1.172
1.036
1.212
1.16
0.984
1.128
1.148
1.116
1.156
1.164
1.132
1.076
1.168
1.184
1.16
1.124
1.188
1.14
1.104
1
0.98
1.28
1.224
1.144
1.176
1.156
1.104
1.12
1.176
1.12
1.052
1.072224
1.22
1.108
1.144
1.2
1.152
1.04
1.024
1.124
1.112
1.064
1.176
1.164
1.152
1.148
1.156
1.168
1.12
1.08
0.996
1.06
1.14
1.124
1.1
1.132
1.096
0.952
1.108
1.18
1.08
0.992
1.12
1.132
0.976
1.028
1.14
1.124
1.012
1.14
1.156
1.18
1.192
1.168
1.128
1.076
0.992
1.196
1.208
1.172
1.164
1.116
1.168
1.132
1.056
0.936
1.256
1.18
0.988
1.204
1.132
0.956
1.076
1.18
1.144
1.04
1.148
1.168
1.124
1.044
1.092
1.064
0.96
1.012
1.14
1.092
0.948
1.144
1.18
1.176
1.172
1.152
1.144
1.164
1.096
1.164
1.18
1.164
1.024
0.984
1.108
1.116
1.024
1.12
1.16
1.116
1.14
1.156
1.096
1.136
1.148
1.16
1.148
1.124
1.124
1.116
1.116
1.068
1.144
1.132
1.063919
1.224
1.008
1.232
1.172
1.052
1.104
1.204
1.2
1.132
1.1
1.112
1.008
1.192
1.196
1.156
1.192
1.172
1.188
1.184
1.16
1.124
0.98
0.916
1.08
1.112
0.944
0.928
0.948
1.012
0.92
0.824
0.876
1.18
0.988
1.039715
0.908
0.884
1.048
1.116
1.116
1.06
0.964
1.04
1.104
1.084
0.988
0.956
1.088
1.1
1.104
0.944
1.02
1.12
1.112
1.052
1.06
1.068
1.084
1.036
1.04
1.044
1.024
1.108
1.112
1.104
1.064
1.073626
1.208
1.172
1.12
0.996
1.04
1.168
0.988
0.952
1.188
1.176
0.968
1.136
1.188
1.128
0.956
1.116
1.128
1.12
1.012
1.096
1.164
1.144
1.06
1.164
1.156
1.036
1.096
1.132
1.064
1.044
1.068
1.076
1.064
1.1
1.108
1.076
1.104
1.084
1.068
1.092
1.056
1.08
1.14
1.108
1.004
1.12
1.1
0.932
1.06
1.16
1.116
1.144
1.18
1.16
1.128
1.108
1.12
1.152
1.116
1.132
1.116
1.144
1.108
1.08
1.128
1.092
0.932
0.808
0.872
1.4
1.072
1.188
1.24
1.068
1.152
1.208
1.176
1.056
1.192
1.192
1.104
1.048
1.084
0.996
0.94
0.856
0.796
0.82
1.164
1.116
1.096
1.04
0.9864743
0.964
0.888
0.812
0.772
0.756
0.876
0.936
1.252
1.244
1.088
1.148
1.164
1.144
1.12
1.004
1.056
1.14
1.156
1.112
1.168
1.164
1.12
1.116
1.116
1.036
1.02
1.072
1.068
0.952
1.1
1.004
1.196
1.184
1.132
1.148
1.144
1.148
1.156
1.152
1.172
1.148
1.064
1.236779
1.208
0.988
1.14
1.204
1.148
1.2
1.176
1.192
1.176
1.208
1.2
1.184
1.132
0.964
0.956
1.22
1.16
1.04
1.184
1.196
1.196
1.204
1.176
1.176
1.152
1.144
1.12
1
1.008
0.952
0.928
0.876
0.852
0.952
1.04
0.864
0.9
0.928
0.904
0.812
0.78
0.748
0.756
0.816
0.856
0.812
0.88
0.996
1.06
1.024
0.932
0.976
1.036
0.912
0.92
1.032
1.04
0.896
0.98
1.14
1.112
0.996
1.06
1.108
1
1.096
1.12
1.024
0.98
1.096
1.12
1.08
1.056
1.152
1.144
1.108
1.164
1.132
1.052
1.112
1.092
0.968
1.152
1.136
1.088
1.048
1.144
1.1
1.04
1.148
1.112
1.162593
1.284
1.176
1.18
1.172
1.14
1.076
1.172
1.164
1.12
1.092
1.012
1.088
1.2
1.148
1.064
1.112
1.104
1.004
1.088
1.12
1.116
1.02
1.044
1.108
1.112
0.992
1.144
1.152
1.14
1.052
1.1
1.096
1.08
0.98
1.124
1.164
1.148
1.012
1.1
1.104
1.112
0.96
0.976
0.976
0.92
0.848
0.772
0.728
0.9888111
1.042002
1.037258
1.129347
1.065519
1.090368
1.069509
0.764
0.788
0.8
0.812
0.832
0.78
0.78
0.8
0.804
0.776
0.792
0.796
0.816
0.796
0.796
0.808
0.82
0.764
0.736
0.748
0.804
1.08
1.1
1
1.072
1.124
1.128
1.12
1.068
0.956
1.112
1.196
1.168
1.08
1.144
1.196
1.172
1.036
1.136
1.196
1.196
1.056
1.024
1.076
1.02
1.164
1.148
0.972
1.008
1.16
0.956
1.012
1.156
1.124
1.096
1.036
0.972
1.06
1.076
1.016
1
1.076
1.04
1.016
0.88
0.916
1.084
1.072
1.088
1.016
0.924
0.956
1.012
1.066284
0.996
1.1
1.004
1.076
1.116
1.112
1.096
0.972
1.056
1.124
1.124
0.988
1.088
1.152
1.056
1.136
1.084
1.084
0.972
0.928
0.992
1.136
1.132
1.104
1.124
1.12
1.1
1.148
1.076
1.112
1.076
1.152
1.132
1.068
0.972
0.988
1.132
1.136
1.176
1.16
1.144
1.144
1.136
1.088
1.04
1.108
1.06
1.116
1.128
1.14
1.096
0.996
1.104
1.164
1.148
1.156
1.132
1.084
1.008
1.252
1.236
1.16
1.188
1.184
1.124
1.028
1.144
1.14
1.08
1.156
1.144
1.14
1.108
1.096
1.128
1.06
1.06
1.096
1.132
1.004
1.048
1.18
1.128
1.056
1.12
1.052
1.1
1.08
1.056
1.064
1.036
0.98
0.948
1.068
1.092
0.944
1
1.136
1.148
1.144
1.056
0.992
1.092
1.108
1.004
1.104
1.14
1.14
1.076
1.092
1.116
1.028
1.092
1.056
1.064
0.98
0.86
0.872
0.872
0.912
1.136
1.14
1.012
1.004
1.076
1.096
1.044
0.992
1.1
1.116
1.056
1.016
1.12
1.16
1.14
1.044
1.056
0.976
0.84
0.912
1.136
1.104
1.224
1.176
1.164
1.116
1.072
1.072
1.104
1.088
1.1
1.152
1.16
1.132
1.12
1.048
1.132
1.144
1.004
1.06
1.128
1.192
1.088
1.136
1.16
1.192
1.152
1.064
1.148
1.144
1.128
1.084
1.096
1.148
1.02
0.896
0.912
0.916
0.964
0.976
1.144
1.052
1.12
1.08
1.088
1.084
1.064
1.144
1.16
1.128
1.032
1.116
1.14
1.076
1.072
1.124
1.104
1.04
1.132
1.156
1.148
1.024
1.028
0.972
1.06
1.056
1.104
1.152
1.14
1.12
1.104
1.032
1.072
1.068
1.044
1.092
1.068
1.064
1.064
0.976
1.028
1.108
1.084
0.996
0.984
0.908
1.068
1.044
1.092
1.132
1.1
1.092
1.104
1.112
1.1
1.14
1.136
1.092
1.169469
1.048
1.052
1.104
0.992
0.892
0.928
0.828
0.804
0.888
1.004
0.972
0.88
0.996
1.076
0.996
0.912
0.988
1.04
0.936
0.952
1.052
1.084
0.984
1.004
1.128
1.092
1.008
1.12
1.12
1
1.072
1.144
1.144
1.144
1.032
1.044
0.98
1.128
1.168
1.12
1.016
1.096
1.148
1.084
1.092
1.044
1.044
1.08
1.032
1.104
1.132
1.096
1.044
1.112
1.092
1.024
1.084
1.06
1.008
1.12
1.136
1.076
1.084
1.064
1
1.08
1.116
1.056
1.132
1.1
0.956
1.036
0.952
1.044
1.136
1.132
1.036
1.076
1.124
1.028
0.976
1.068
1.096
1.088
1.092
0.96
1.012
0.956
1.053028
1.036
1.104
1.152
1.14
1.008
1.064
1.108
1.124
1.004
1.048
1.164
1.132
1.004
1.092
1.172
1.2
1.072
1.108
1.116
1.144
1.112
1.092
1.048
1.008
1.084
1.04
1.04
1.1
1.104
1.092
0.984
0.992
1.092
1.124
1.024
0.988
1.12
1.104
1.183043
0.98
1.152
1.076
1.024
1.172
1.084
1.072
1.008
1.008
1.12
1.148
1.12
1.028
1.136
1.176
1.156
1.076
1.12
1.1
1.036
1.032
1.128
1.168
1.156
1.064
1.124
1.136
1.092
1
1.088
1.088
1.04
0.98
0.9575575
0.856
1.032
1.168
1.184
1.136
1.088
1
1.036
1.172
1.184
1.152
1.044
1.1
1.144
1.152
1.052
1.128
1.148
1.116
1.012
1.112
1.144
1.14
1.044
1.132
1.144
1.068
1.056
1.148
1.116
1
1.104
1.132
1.06
1.112
1.108
1.084
0.996
1.108
1.156
1.1
1.052
1.1
1.076
1
1.08
1.096
1.056
0.948
1.096
1.16
1.084
0.956
1.056
1.12
1.108
0.96
1.036
1.108
1.028
1.092
1.156
1.128
1.052
1.116
1.112
1.02
1.06
1.092
1.068
0.972
1.032
1.112
1.108
1.048
1.104
1.096
1.012
1.036
1.028
0.932
1.004
1.108
1.08
1.032
1.104
1.08
1.044
1.104
1.104
1.008
1.056
1.072
1.096
1.032
1.08
1.096
1.032
1.092
1.108
1.056
1.112
1.076
0.968
1.088
1.14
1.156
1.1
1.096
1.152
1.148
1.096
1.084
1.084
1.036
0.976
0.992
1.12
1.132
1.08
1.116
1.092
0.968
1.072
0.936
0.88
0.888
0.92
0.848
0.86
0.964
1.04
0.908
0.8
0.844
1.084
1.068
1.024
1.052
1.056
1.068
1.056
0.968
1
1.136
1.148
1.136
1.02
0.956
1.044
1.112
1.096
0.96
1.064
1.156
1.12
1.024
1.072
1.088
1.096
0.96
0.976
1.06
1.02
1.012
1.076
1.036
0.936
1.032
1.068
1.068
0.992
1.028
1.092
1.052
0.972
1.012
1.036
0.98
0.924
0.992
1.08
0.98
1.112
1.112
1.096
0.968
1.024
1.1
1.1
1
1.044
1.06
0.948
1.004
1.104
1.1
0.98
1.04
1.116
1.056
0.968
1.08
1.144
1.12
1.028
1.024
1.092
1.08
0.956
1.024
1.088
1.052
0.984
1.052
1.068
0.984
1.04
1.028
0.956
1.004
1.052
1.04
0.936
0.996
1.04
1.032
1.024
0.92
1.048
1.108
1.068
0.952
0.904
0.804
0.78
0.9
0.888
1.148
1.144
1.032
1
1.076
1.044
0.94
1.044
1.108
0.944
1.076
1.056
1.024
1.04
0.944
0.94
0.916
0.892
0.848
0.964
1.06
0.928
0.984
0.968
0.908
0.856
0.832
0.9
0.98
0.988
0.956
0.984
0.992
1.04
1.032
0.976
0.98
0.904
0.912
1.088
1.136
1.104
1.104
1.088
1.032
1.016
1.128
1.116
1.114722
1.24
1.196
1.136
1.068
1.2
1.148
1.056
1.136
1.16
1.148
1.176
1.144
1.084
1.136
1.112
1.084
0.984
1.108
1.132
1.096
1.172
1.152
1.084
1.052
1.112
1.148
1.068
1.1
1.104
1.06
1.016
1.104
1.132
1.056
1.108
1.128
1.092
0.976
1.048
1.064
0.988
1.064
1.164
1.128
1.128
1.044
0.956
1.056
1.104
1.052
1.092
1.092
1.084
1.072
1.004
1.04
1.036
0.972
0.864
0.968
1.148
1.104
1.052
0.96
1.044
1.104
1.1
0.964
0.96
1.088
1.136
1.044
1.044
1.132
1.116
0.968
0.996
1.044
1.048
1.008
1.028
1.024
0.888
0.932
1.1
1.092
1.064
1.036
0.9
0.968
1.056
1.068
0.964
0.988
1.1
1.096
1.04
1.08
1.096
1.076
1.012
1.068
1.092
1.056
0.9
0.944
0.912
1.04
1.132
1.084
1.052
1.056
0.956
1.008
0.972
1.075316
1.152
1.132
1.02
1.124
1.124
1.108
1.084
0.984
1.004
1.092
1.1
1.096
1.096
0.972
1.108
1.168
1.12
0.976
1.08
1.168
1.16
1.076
1.068
1.16
1.132
1.04
1.116
1.148
1.128
1.064
1.012
1.08
1.108
1.06
0.996
1.14
1.112
1.04
0.944
1.084
1.128
1.012
1.116
1.136
1.12
1.104
1.076
1.088
1.116
1.116
1.072
1.008
1.116
1.144
1.132
1.032
1.064
1.116
1.112
1.104
1.064
1.076
1.1
1.048
1.02
1.212
1.172
1.056
1.092
1.164
1.1
1.004
1.152
1.144
1.068
1.092
1.132
1.136
1.06
1.108
1.18
1.12
1.16
1.14
1.12
1.032
1.116
1.148
1.104
1.048
1.104
1.14
1.048
1.076
1.104
1.104
1.108
1.036
1.068
1.112
1.136
1.056
1.1
1.132
1.104
1
1.072
1.132
1.128
1.06
1.044
1.108
1.096
0.956
1.032
1.124
1.076
0.972
1.12
1.156
1.076
1.116
1.12
1.1
1.024
1.116
1.148
1.144
1.092
1.06
1.136
1.068
1.07331
1.028
1.036
1.136
1.124
0.976
1.108
1.104
1.02
0.964
1.06
1.084
0.968
1.024
1.112
1.092
0.972
1.016
1.064
1.036
1.08
1.144
1.116
1.02
1.116
1.144
1.056
1.083279
1.136
1.02
1.008
1.136
1.124
1.008
1.028
1.064
1.092
1.08
0.936
1.004
1.112
1.068
1.02
1.084
1.096
1.052
0.944
1.052
1.092
1.08
0.96
1.068
1.08
0.996
0.884
0.976
1.096
1.052
0.908
1.028
1.104
1.008
1.056
1.068
0.98
1.008
1.076
1.056
0.96
1.068
1.084
0.988
0.908
1.048
1.088
1.08
0.948
0.964
1.068
1.092
1.052
0.936
1.048
1.112
1.112
1.08
0.972
1.044
1.1
1.064
0.952
0.976
1.072
1.104
1.024
1.04
1.124
1.1
1.08
0.936
0.948
1.108
1.072
1.016
1.112
1.124
0.964
1.02
1.116
1.084
0.952
1.08
1.116
1.08
1.024
1.112
1.112
1.04
1.06
1.092
1.072
1.048
1.009695
1.144
1.12
1.108
1.068
0.936
0.912
1.032
1.124
1.116
1.108
1.1
1.02
0.924
1.032
1.088
1.088
0.968
0.948
1.072
1.132
1.12
1.004
1.048
1.088
1.056
1.024
0.908
1.004
1.132
1.092
1.044
1.128
1.108
1.124
1.092
1.104
1.088
1.028
0.94
1
1.06
1.052
0.916
1.036
1.084
0.992
0.912
0.932
0.864
0.82
0.816
0.836
0.828
0.848
0.936
1.016
0.996
0.984
1
0.996
0.916
0.904
1.056
1.096
1.028
1.004
0.976
1.08
1.096
0.988
0.884
0.832
0.804
0.816
0.8
0.796
0.748
0.736
0.724
0.704
0.716
0.764
0.904
0.992
1.028
1.036
0.96
0.972
0.996
1.008
0.964
0.948
0.992
1.064
1.008
0.98
1.172
1.172
1.18
1.172
1.16
1.056
1.152
1.14
1.1
0.936
1.156
1.188
1.088
1.136
1.16
1.156
1.02
1.108
1.16
1.124
1.028
1.172
1.156
1.064
1.064
1.14
1.148
1.088
0.972
1.112
1.136
1.076
1.012
1.1
1.124
1.068
1.088
1.064
0.94
1.068
1.14
1.092
0.936
1.008
1.144
1.124
1.024
1.096
1.032
0.98
0.892
0.848
0.948
1.1
1.072
1.052
1.04
1.036
1.036
1.028
0.9
0.796
0.744
0.728
1.264
1.04
1.112
1.156
1.104
0.908
0.92
1.068
1.06
1.028
0.976
1.116
1.156
1.048
1.044
1.108
1.1
0.972
1.088
1.136
1.108
0.928
1.068
1.108
1.048
1.02
1.092
1.124
1.104
0.964
0.968
1.068
1.096
1.056
0.94
0.96
1.072
1.116
1.052
0.96
1.008
1.04
1.036
0.896
0.944
1.072
1.02
0.936
0.992
1.08
0.992
0.932
1.016
0.968
0.988
1.076
1.092
1.008
0.948
0.988
1.024
1.044
0.904
0.996
1.08
1.04
0.9956438
0.756
0.812
0.72
0.732
0.824
0.904
0.8
0.82
0.848
0.876
0.884
0.832
0.78
0.784
0.816
0.852
0.804
0.792
0.824
1.06
1.068
0.968
0.828
0.876
1.112
0.932
0.848
0.976
1.14
1.128
0.976
0.884
0.964
1.164
1.148
1.056
0.904
0.92
1.116
0.964
0.968
0.968
0.788
