0.916
0.944
0.976
0.996
0.988
0.972
0.96
0.956
0.948
0.952
0.952
0.956
0.912
0.888
0.836
0.892
0.98
1.004
1.004
1.008
0.996
0.988
0.976
0.956
0.956
0.932
0.932
0.936
0.928
0.948
0.948
0.968
0.968
0.94
0.908
0.912
0.912
0.904
0.896
0.908
0.872
0.844
0.848
0.892
0.916
0.932
0.944
0.936
0.908
0.952
0.956
0.916
0.956
0.952
0.904
0.936
0.94
0.924
0.96
0.968
0.936
0.972
0.964
0.932
0.952
0.936
0.892
0.924
0.94
0.916
0.948
0.856
0.832
0.796
0.8
0.984
0.92
0.984
1.032
0.956
0.98
0.976
0.924
0.948
0.968
0.964
0.964
0.98
0.992
0.936
0.984
1.004
0.956
1.008
1.004
0.98
1.012
1.012
0.968
0.992
0.992
0.94
0.944
0.872
0.904
0.872
0.908
0.9
0.88
0.968
0.944
0.92
0.976
0.988
0.96
0.996
0.988
0.972
0.996
0.96
0.972
0.98
0.928
0.932
0.908
0.924
0.952
0.92
0.968
0.968
0.94
0.984
1
0.948
0.96
0.948
0.904
0.948
0.92
0.936
0.864
0.868
0.9245339
0.756
0.776
0.844
0.92
0.988
0.976
0.976
0.948
0.972
0.972
0.948
0.976
0.972
0.928
0.964
0.984
0.992
1.008
1.016
1.012
1.008
1.012
0.972
0.944
0.972
0.98
0.964
1.008
1
0.964
0.992
0.968
0.908
0.936
0.96
0.916
0.992
0.992
0.948
0.996
1.016
0.972
1.012
1.012
0.96
1.004
0.968
0.864
0.852
0.892
1.008
0.964
1.048
1.048
1.016
1.048
0.984
1.016
0.996
0.92
0.904
0.844
0.784
0.808
0.852
1.004
1.032
0.996
1.032
1.032
0.952
0.94
0.952
0.924
0.948
0.972
0.984
0.96
1.028
1.04
0.972
1.012
1.032
0.984
1.06
1.064
1.016
1.052
1.032
0.972
1.004
1.028
0.972
1.032
1.028
0.952
1.016
1.02
0.98
1.032
1.004
0.936
0.948
0.904
0.868
0.92
0.944
0.936
1.044
1.052
0.984
1.008
0.972
0.94
0.996
1.052
1.02
1.068
1.048
0.988
0.968
0.932
0.872
0.888
0.984
0.968
1.112
1.128
1.036
1.032
0.996
0.896
0.876
0.88
0.88
0.968
1.012
0.992
0.984
1.012
0.996
0.972
0.988
0.992
0.992
1.028
1.028
1.008
0.98
0.96
0.944
0.96
0.952
0.884
0.896
0.9
0.928
0.908
0.964
1
0.956
1
1.004
0.944
0.964
0.976
0.924
0.956
0.976
0.936
0.992
1.004
0.968
0.984
1.004
0.964
0.984
1.008
0.968
0.932
0.972
0.98
0.932
0.976
1.004
0.944
0.928
0.96
0.956
0.968
1.032
1.04
1.024
1.036
0.996
0.98
1.008
0.988
0.956
0.976
0.956
0.94
0.984
0.968
0.96
1.012
1.016
0.956
0.984
0.944
0.964
0.984
0.948
0.92
0.98
1.004
0.98
1.028
0.992
0.968
0.984
0.944
0.928
0.912
0.864
0.82
0.82
1.072
0.956
1.024
1.068
1.02
1.052
1.056
0.984
0.996
1
0.98
0.964
0.996
0.992
0.98
1
0.996
0.952
0.988
1.016
0.98
1.004
1.012
0.956
0.996
0.992
0.944
0.98
1.004
0.96
0.992
1.004
0.952
0.948
0.984
0.976
0.932
0.968
0.964
0.932
0.984
1.012
0.964
1.008
1.016
0.964
1.004
1
0.956
1
0.972
0.94
0.972
1.044
0.992
0.996
1.04
1.016
1
1.04
1.02
1.02
1.052
0.992
0.984
0.984
0.936
0.972
1.004
0.976
1.06
1.052
1.012
1.04
1
0.968
0.988
0.98
0.96
1
0.976
0.956
0.988
0.976
0.96
1.008
0.992
0.964
0.988
0.96
0.948
0.976
0.94
0.932
0.96
0.952
0.944
0.988
0.972
0.948
0.984
1.036
0.98
0.996
0.976
0.916
0.94
0.952
0.936
0.992
1.028
1
1.036
1.036
0.968
0.98
0.956
0.92
0.936
0.964
0.924
0.956
0.984
0.952
0.94
0.976
0.972
0.944
0.98
0.948
0.92
0.952
0.956
0.9
0.912
0.92
0.9
0.94
1.032
1.008
1.008
1.032
0.992
0.964
1
0.928
0.864
0.784
0.744
0.756
0.756
0.764
0.944
0.908
1
0.948
0.928
0.984
1
0.96
1
0.992
0.936
0.952
0.98
0.956
0.98
1.02
0.98
1.004
1.024
0.98
1.008
1.028
0.996
1.04
1.068
1.012
1.028
1.004
0.94
0.976
0.992
0.96
1.004
1.044
0.984
1.028
1.012
0.984
1.004
0.944
0.908
0.94
0.92
0.904
0.964
0.988
0.936
0.992
0.984
0.936
0.968
0.948
0.928
0.976
0.952
0.892
0.936
0.956
0.972
1.128
1.048
1.076
1.088
1.048
1.072
1.008
1.048
1.044
1.004
1.064
1.068
1.032
1.048
1.012
0.988
0.992
0.976
0.952
0.972
0.976
0.952
0.984
0.972
0.928
0.948
0.972
0.94
0.984
0.988
0.94
0.964
0.944
0.916
0.94
0.952
0.924
0.956
0.984
0.96
0.968
1.016
0.984
0.96
0.976
0.952
0.932
0.956
0.968
0.92
0.952
0.948
0.92
0.932
0.976
0.936
0.928
0.956
0.936
0.92
0.964
0.96
0.944
1
0.988
0.944
0.952
0.972
0.868
0.836
0.784
0.788
0.792
0.88
1
0.932
0.848
0.784
0.804
0.968
1.08
1.088
1.024
1.032
1.024
0.984
0.952
0.96
0.96
0.916
0.952
0.972
0.96
0.98
1.004
0.956
0.984
0.988
0.98
0.988
0.98
0.968
0.988
0.996
0.992
0.952
0.88
0.86
0.824
0.86
0.94
0.964
1
1.004
0.968
0.988
0.984
0.928
0.96
0.984
0.948
0.996
0.992
0.964
1.012
0.984
0.984
1.02
0.96
0.992
1.004
0.956
0.992
0.968
0.94
0.976
0.968
0.96
0.996
0.984
0.956
0.984
0.972
0.976
0.98
0.944
0.968
0.992
0.948
0.976
0.972
0.94
0.98
0.976
0.924
0.964
0.964
0.936
0.972
0.98
0.94
0.988
1
0.96
1.008
0.988
0.948
0.984
0.988
0.952
0.956
1
0.98
0.976
1.004
0.976
0.952
0.976
0.988
0.944
0.964
0.972
0.944
0.912
0.952
0.984
0.952
0.984
0.98
0.944
0.948
0.984
0.952
0.94
1.004
0.996
0.964
1
0.988
0.944
0.976
0.96
0.904
0.94
0.932
0.9
0.952
0.956
0.924
0.976
0.972
0.948
1
0.96
0.94
0.972
0.968
0.948
1.012
1.032
0.996
1.02
0.988
0.932
0.968
0.98
0.956
1.012
1.02
0.984
1.012
1.016
0.96
0.976
0.984
0.96
1
1.056
1.028
1.032
1.04
0.98
0.984
0.996
0.972
1.028
1.044
1.004
1.024
1.016
0.972
0.988
0.984
0.948
0.964
0.984
0.968
1.004
1.028
1.004
1.032
1.048
0.988
0.964
0.984
0.984
0.944
0.98
0.956
0.92
0.96
0.98
0.96
0.924
0.976
0.968
0.932
0.976
0.992
0.96
0.964
1.004
0.96
0.948
1
0.96
0.932
0.968
0.972
0.932
0.968
0.992
0.944
0.988
0.964
0.956
1.016
0.992
0.94
0.952
0.912
0.884
0.924
0.936
0.908
0.976
0.976
0.908
0.868
0.852
0.812
0.796
0.812
0.86
0.864
0.956
0.9
0.828
0.832
0.836
0.804
0.816
0.868
0.888
0.896
1.008
1.044
0.948
0.952
0.988
0.996
0.984
0.992
0.94
0.864
0.776
0.744
0.812
1.24
1.092
1.072
1.008
1.012
1.02
1.008
0.988
1
1.008
0.984
1.004
1
0.992
1.008
1.024
1.052
1.048
0.956
0.936
0.94
0.912
0.964
0.992
0.992
0.94
0.96
0.972
0.98
1.032
1.052
1.032
1.044
1.02
0.944
0.936
0.968
1.004
0.976
1.02
1.044
0.984
1.028
1.012
0.936
0.96
0.944
0.904
0.984
1.064
1.016
1.108
1.108
1.048
1.096
1.072
1.028
1.032
1
0.976
1.016
0.984
0.984
1.012
0.98
0.96
0.984
0.98
0.936
0.992
1.016
0.964
0.992
0.988
0.948
0.992
0.964
0.912
0.94
0.948
0.92
1
1.032
1.048
1.048
1.064
1.044
0.996
1.02
0.992
0.944
0.972
0.96
0.912
0.948
1.016
1.024
1.112
1.096
1.02
1.052
1.008
1
1.036
0.984
0.964
0.984
0.972
0.956
1.012
1.04
1.004
1.012
1.02
0.984
1
1
0.968
0.972
0.98
0.98
0.948
0.98
0.964
0.9
0.88
0.916
0.996
1.004
1.032
1.112
1.076
1.096
1.104
1.008
1.028
1.012
0.968
1.02
1.056
1.008
1.044
1.032
0.912
0.932
0.992
1.012
1.036
1.06
1.004
1.044
1.048
1.008
1.028
1.02
0.972
0.996
1.008
0.972
1.012
1.004
0.96
0.984
0.992
0.956
1
1
0.976
1.004
1
0.948
0.976
0.996
0.952
0.992
1.012
0.972
0.992
1.004
0.964
0.972
0.984
0.972
0.924
0.968
0.992
0.988
0.976
1.004
1
0.896
0.9
0.828
0.8
0.768
0.792
0.824
0.952
0.952
0.836
0.848
0.872
0.832
0.904
0.972
0.956
0.928
1
1.028
0.988
1
0.972
0.948
1.012
1.052
1.004
1.044
1.028
1.004
1.056
1.016
1.008
1.044
1.008
0.948
0.968
0.96
0.948
1.032
1.048
1.072
1.092
1.024
1.064
1.072
0.952
0.872
0.828
0.884
1.28
1.108
1.052
1.06
1
0.996
1.012
1
1.076
1.144
1.132
1.092
1.1
1.068
1.04
1.036
1
0.988
0.996
0.996
1.004
1
1.012
1.04
1.032
1.02
1.02
0.996
0.96
0.96
0.904
0.852
0.864
0.952
1.024
0.936
0.908
0.956
0.964
0.928
0.972
0.988
0.932
0.984
0.992
0.948
0.972
1.008
0.956
0.928
0.96
0.964
0.932
1
1.044
0.996
1.04
1.048
1
1.024
1.024
0.964
0.988
0.992
0.952
1.016
1.036
0.992
1.036
1.04
1.008
1.072
1.072
1.024
1.04
1.016
0.984
0.996
0.992
0.968
1.024
1.032
1.016
1.056
1
0.98
0.976
0.94
0.932
1.016
1.008
1.004
1.072
1.064
1.036
1.1
1.076
1.036
1.048
1.024
0.988
1.016
0.996
0.976
1.008
1.02
0.964
1.012
1.02
0.96
0.992
0.984
0.956
1.004
1.024
0.98
1.012
1.008
0.952
0.976
0.972
0.94
0.904
0.948
0.976
0.956
0.992
1.048
1.032
1.06
1.072
1.028
1.06
1.004
0.876
0.804
0.792
0.792
0.812
0.852
1.152
1.044
0.944
0.964
1
0.956
0.996
1.056
1.036
1.06
1.096
1.108
1.076
1.08
1.024
0.956
0.952
0.992
0.972
1.036
1.008
0.92
0.932
0.976
1.02
1.068
1.128
1.072
1.068
1.112
1.084
1
1.016
1.02
0.972
1.024
1.044
0.992
1.024
1.02
0.932
0.912
0.868
1.02
0.956
0.972
1.056
1.032
0.98
0.912
0.952
0.944
0.868
0.788
0.744
0.784
1.012
0.92
0.86
0.964
1.012
1.02
1.052
1.056
1.04
1.088
1.092
1.092
1.096
1.084
1.068
1.068
1.04
0.984
1.032
1.076
1.1
1.12
1.068
0.976
0.984
1.016
1.036
1.072
1.092
1.048
1.052
1.044
0.992
1.028
1.076
1.08
1.104
1.072
1.004
1.02
1.004
0.948
1.008
1.024
0.992
1.076
1.128
1.04
1.084
1.04
0.972
1.012
1.016
0.968
1.036
1.036
0.996
1.056
1.048
1.008
1.032
0.996
1.012
1.044
1.016
0.964
1.016
1.016
0.952
0.98
1.004
0.988
0.98
1.016
1.024
0.972
0.988
0.992
0.96
0.98
0.992
0.98
1.04
1.06
1.028
1.064
1.04
0.98
1.004
0.984
0.956
0.988
0.984
0.944
0.996
1.012
0.96
1
1.02
0.956
0.976
0.972
0.924
0.952
0.988
0.968
1.04
1.044
0.956
0.964
0.996
1
0.98
1.028
1.028
0.996
1.044
1.056
1.024
1.056
1.04
0.972
1
1.016
0.976
1.028
1.104
1.032
1.076
1.064
1.008
1.008
0.944
0.9
0.908
0.984
1.012
1.184
1.164
1.14
1.136
1.092
1.08
1.072
1.008
0.932
0.94
0.956
0.964
1.044
1.104
1.048
1.1
1.072
1.056
1.068
1.016
1.052
1.016
0.988
1.036
1
0.988
1.016
0.968
0.96
0.976
0.936
0.924
0.968
0.944
0.968
1.02
0.992
0.964
1.008
1.008
0.976
0.992
0.984
0.976
1.068
1.088
1.044
1.064
1.036
0.968
0.98
0.996
0.96
0.992
1.032
1.012
1.048
1.04
0.984
1.02
1.04
0.98
1.024
0.996
0.956
0.992
1.02
0.956
1
1.044
0.98
1.012
1.016
0.952
0.892
0.824
0.76
0.808
1.248
1.1
1.004
0.984
1
0.948
0.968
0.996
1.004
0.996
1.036
1.044
1.036
1.064
1.076
1.08
1.056
1.076
1.064
1.036
1.072
1.064
1.036
1.036
1.024
0.98
1.004
1.012
0.984
1.008
1
0.96
0.984
1.008
1.044
0.996
1.032
1.024
0.948
0.948
0.916
0.876
0.904
0.984
0.94
0.992
1.064
0.972
1.008
1.056
0.904
0.892
0.908
0.848
0.768
0.736
0.732
0.708
0.688
0.696
0.988518
1.102613
1.007819
0.7
0.692
0.716
0.764
0.8
0.84
0.828
0.876
0.92
0.9
0.876
0.972
1.04
1
0.924
0.948
1.028
1.008
0.888
0.844
0.864
0.912
1.024
1.016
0.964
0.868
0.852
0.9
1.012
0.988
1.076
1.124
1.048
1.052
1.04
0.996
1.04
1.06
0.944
0.988
1.044
1.044
1.08
1.016
1.036
0.944
0.944
0.9
0.824
0.856
0.888
0.86
1.092
1.072
0.972
0.98
0.984
0.892
0.86
0.812
0.88
0.968
1.024
1.012
1.016
0.968
0.992
0.988
0.944
0.968
0.976
0.968
1.028
1.096
1.068
1.024
1.068
1.06
1
1.032
1.032
0.988
0.988
0.992
0.928
0.952
0.976
0.932
0.968
0.968
0.94
1.008
1
0.944
0.98
0.948
0.976
0.964
0.976
1.032
1.044
1.044
1.016
1.008
0.992
0.944
0.968
0.98
0.964
0.952
1.032
1.052
0.972
1
1.076
1.004
1.028
0.992
0.972
1.012
1.016
0.968
1.004
1.008
0.96
1.012
1.044
0.992
1.044
1.052
1.028
1.076
1.056
0.976
0.952
0.876
0.804
1.06
1.216
1.224
1.24
1.14
1.168
1.128
1.084
1.124
1.14
1.112
1.108
1.104
1.06
1.08
1.088
1.056
1.108
1.12
1.084
1.112
1.132
1.104
1.112
1.076
1.024
1.004
0.988
1.032
1.092
1.08
1.108
1.072
1.024
1.048
1.064
1.036
1.092
1.06
1.048
1.088
1.08
1.064
1.092
1.072
1.032
1.024
1.016
0.98
1.072
1.172
1.148
1.164
1.132
1.012
0.908
0.812
0.82
0.82
0.968
0.96
0.872
0.948
0.956
1.016
1.064
1.012
1
1.028
1.036
1.032
1.06
1.056
1.032
1.064
1.084
1.088
1.048
1.072
1.1
1.084
1.088
1.02
1.008
1.06
1.104
1.076
1.084
1.116
1.116
1.084
1.108
1.1
1.056
1.096
1.1
1.068
1.1
1.108
1.068
1.08
1.072
1.024
1.056
1.072
1.024
1.06
1.084
1.044
1.092
1.096
1.032
1.024
1.02
1
0.964
1.064
1.156
1.084
1.124
1.132
1.068
1.088
1.08
1.056
1.096
1.072
1.04
1.104
1.044
0.9
0.864
0.82
0.812
0.856
0.768
0.972
0.956
0.836
0.808
0.8
0.792
0.836
1.036
0.984
0.972
0.944
0.92
0.884
0.856
0.892
1.08
1.24
1.192
1.156
1.104
1.108
1.116
1.088
1.084
1.08
1.072
1.084
1.096
1.112
1.1
1.096
1.092
1.084
1.076
1.092
1.08
1.076
1.052
1.06
1.052
0.996
1.012
1.04
0.988
1.036
1.04
0.944
0.892
0.924
1.004
0.976
1.072
1.04
1.032
1.088
1.052
1.044
1.036
0.968
0.992
1.012
1
1.012
1.06
1.056
1.032
1.06
1.024
0.988
1.012
0.996
0.936
1
1.036
1
1.052
0.948
0.944
0.96
0.94
0.864
0.88
0.948
1.012
1
1.104
1.108
1.048
1.068
1.112
1.044
1.052
1.088
1.088
1.096
1.128
1.108
1.104
1.1
1.06
1.096
1.12
1.104
1.124
1.112
1.08
1.1
1.064
1.036
1.076
1.044
1.024
1.076
1.08
1.088
1.08
1.02
0.992
1.028
1.032
1.016
1.064
1.048
1
1.036
1.024
0.988
1.028
1.028
1
1.036
1.016
0.988
1.036
1.064
1.02
1.048
1.012
0.964
1.036
1.048
1.012
1.08
1.096
1.06
1.084
1.096
1.04
1.048
1.06
1.068
1.108
1.092
1.048
1.092
1.088
1.024
1.056
1.072
1.008
1.048
1.06
1.028
0.936
0.904
0.956
1.088
1.116
1.044
1.1
1.104
1.032
1.044
1.032
0.98
1.012
1.052
1.024
1.064
1.08
1.028
1.08
1.076
1.012
1.048
1.06
1.032
1.096
1.088
1.02
1.044
1.024
0.968
1.06
1.112
1.08
1.144
1.116
1.06
1.076
1.044
1.044
1.068
1.064
1.008
1.044
1.064
1.024
1.044
1.04
0.988
1.02
1.072
1.016
1.076
1.068
0.996
1.044
1.056
0.988
1.036
1.08
1.036
1.048
1.048
1
1.048
1.064
1.02
1.092
1.112
1.096
1.128
1.12
1.076
1.096
1.06
1.032
1.1
1.116
1.056
1.108
1.084
1.012
1.036
1.064
1.016
1.104
1.148
1.088
1.116
1.088
1.048
1.084
1.06
1.036
1.088
1.06
1.032
1.056
1.036
1.016
1.072
1.04
1.044
1.076
1.032
1.06
1.108
1.044
1.072
1.116
1.108
1.116
1.12
1.052
1.092
1.092
1.04
1.08
1.12
1.12
1.204
1.192
1.14
1.124
1.092
1.048
1.092
1.112
1.096
1.156
1.148
1.104
1.096
1.1
1.088
1.132
1.1
1.056
1.088
1.1
1.068
1.116
1.04
0.936
0.976
1.068
1.052
1.112
1.108
1.068
1.096
1.072
1.04
1.076
1.052
1.024
1.084
1.024
1.02
1.092
1.088
1.08
1.124
1.108
1.044
0.948
0.992
1.136
1.16
1.08
1.116
1.108
1.06
1.1
1.092
1.06
1.044
1.008
1.012
1.068
1.084
1.104
1.136
1.16
1.124
1.108
1.072
1.068
1.088
1.064
1.12
1.156
1.08
1.068
1.06
1.012
1.088
1.116
1.064
1.12
1.104
1.024
1.056
1.048
1.004
1.032
1.056
1.016
1.072
1.104
1.028
1.056
1.116
1.088
1.1
1.088
1.016
1.052
1.064
1
1.04
1.084
1.044
1.108
1.124
1.068
1.108
1.06
1.044
1.08
1.052
1.004
1.048
0.98
0.892
0.84
0.864
1.256
1.256
1.18
1.12
1.156
1.144
1.104
1.116
1.1
1.072
1.048
1.048
1.04
1.08
1.124
1.124
1.124
1.124
1.104
1.112
1.088
1.088
1.104
1.088
1.056
1.064
1.064
1.06
1.076
1.084
1.048
1.088
1.096
1.056
1.064
1.084
1.032
1.02
1.028
1.008
0.972
1.044
1.116
1.072
1.104
1.076
1.02
1.068
1.072
0.984
1.032
1.076
1.036
1.1
1.104
1.048
1.092
1.112
1.056
1.104
1.044
0.924
0.9
0.9
0.836
0.84
0.828
1.204
1.1
1.08
1.096
1.064
1.04
1.052
1.048
0.996
1.012
1.04
1.012
1.052
1.084
1.092
1.1
1.048
0.976
0.92
0.888
0.9
1.132
1.136
1.076
1.044
1.052
1.02
1
1.024
1.044
1.028
1.036
0.932
0.932
0.892
0.856
0.844
0.904
1.044
1.028
0.984
0.972
0.968
0.948
0.964
1.016
1.052
1.016
1.084
1.104
1.1
1.032
1.04
1.036
0.984
1.072
1.112
1.032
1.08
1.12
1.076
1.096
1.132
1.052
1.08
1.112
1.06
1.116
1.1
1.036
1.08
0.964
0.916
0.988
1.088
1.024
1.072
1.064
0.94
0.908
0.956
1.072
1.06
1.108
1.156
1.12
1.112
1.072
0.948
0.872
0.828
0.832
1.184
1.028
1.076
1.12
1.112
1.064
1.048
1.004
0.928
0.96
0.996
1.092
1.056
1.136
1.124
0.952
0.92
0.952
0.956
0.892
0.836
0.796
0.844
1.088
1.012
0.924
0.952
0.992
1.036
1.032
0.94
0.968
0.944
1.004
1.064
1.048
1.032
0.988
0.94
0.868
0.832
0.82
0.888
1.016
1
1.02
0.988
0.996
1.1
1.184
1.204
1.176
1.164
1.14
1.104
1.128
1.156
1.168
1.096
1.072
1.104
1.176
1.032
1.024
1.072
1.164
1.084
0.952
0.896
0.888
0.968
0.904
0.88
0.9
1.06
1.08
1.104
1.068
1.08
1.036
1.004
0.96
0.988
1
1.032
0.98
1.032
1.08
1.08
1.06
1.06
1.032
0.988
0.952
0.98
0.996
0.984
0.98
1.028
1.056
1.016
1.068
1.044
0.98
0.972
0.864
0.808
0.788
0.784
0.892
0.904
1
1.088
1.056
1.02
1.036
1.016
0.964
0.98
1.04
1.092
1.072
1.148
1.148
1.08
1.132
1.144
1.084
1.116
1.136
1.084
1.116
1.108
1.06
1.136
1.156
1.104
1.164
1.136
1.052
1.04
1.008
0.972
1.02
1.044
1.012
1.08
1.116
1.044
0.984
1.06
1.112
1.084
1.108
1.104
0.988
0.976
1.032
1.064
1.02
1.084
1.124
1.112
1.068
1.12
1.12
1.048
1.004
0.964
0.88
0.828
0.852
0.904
0.94
0.928
0.968
1.016
0.988
0.936
0.936
0.972
1
0.968
1.068
1.116
1.06
1.084
1.108
1.084
1.112
1.128
1.084
1.04
0.968
0.864
0.856
0.952
1.056
1.036
1.092
1.056
1
1.044
1.052
1
1.036
1.108
1.096
1.08
1.148
1.14
1.072
1.084
1.072
1.024
1.064
1.076
1.028
1.088
1.1
1.028
1.056
1.096
1.016
1.056
1.06
0.976
1.02
1.04
1.004
1.084
1.088
1.06
1.128
1.092
1.08
1.128
1.06
1.048
1.06
1.012
1.072
1.144
1.076
1.14
1.148
1.08
1.108
1.06
0.98
0.996
1.068
1.096
1.212
1.184
1.148
1.188
1.148
1.128
1.14
1.104
1.064
1.068
1.028
1.024
1.084
1.08
1.076
1.136
1.128
1.068
1.1
1.104
1.036
1.068
1.088
1.056
1.052
1.072
1.064
1.028
1.068
1.08
1.028
1.048
1.072
1.068
1.056
1.084
1.096
1.032
1.064
0.948
0.86
0.824
0.812
0.8
0.796
0.876
0.94
1.072
1.056
1
1.02
1.036
0.984
1.004
1.024
1.008
1.044
1.128
1.156
1.148
1.216
1.152
1.12
1.136
1.108
1.084
1.124
1.112
1.092
1.112
1.124
1.076
1.096
1.1
1.072
1.136
1.128
1.096
1.128
1.116
1.072
1.096
1.076
1.008
1.052
1.136
1.096
1.168
1.168
1.108
1.156
1.14
1.108
1.152
1.092
1.02
1.056
0.968
0.86
0.82
0.876
1.228
1.048
1.12
1.132
1.068
1.064
1.06
1.004
0.964
1.02
1.072
1.04
1.108
1.124
1.048
1.076
1.064
1.024
1.068
1.092
1.064
1.088
1.076
1.052
1.06
1.044
1
1.028
1.036
0.98
1.024
1.064
1.016
1.024
1.02
0.952
0.968
0.976
0.948
0.992
0.996
0.952
1.028
1.06
0.996
1.02
1.016
0.988
1.032
1
0.956
1.016
1.048
1.008
1.056
1.044
1.004
0.92
0.924
1.016
1.144
1.036
0.988
0.916
0.876
0.9
1.076
1.02
1.016
1.068
1.076
1.028
1.048
1.076
1.016
1.016
1.06
1.104
1.1
1.092
1.116
1.108
1.108
1.088
1.068
0.912
0.848
0.84
0.852
1.112
0.904
0.832
0.776
0.764
0.764
0.768
0.824
0.928
1.052
1.02
1.024
1.036
0.968
0.9
0.888
0.956
1.18
0.988
0.98
1.244
1.192
1.18
1.192
1.164
1.14
1.092
1.084
1.068
0.932
0.892
0.848
0.924
1.16
1.084
1.196
1.2
1.152
1.108
1.104
1.112
1.056
1.08
1.108
1.108
1.052
1.112
1.088
1
1.04
1.06
1.084
1.04
1.112
1.092
1.036
1.088
1.092
1.024
1.056
1.084
1.08
1.004
1.032
1.064
0.98
0.94
0.94
0.948
0.976
0.952
1.02
1.156
1.128
1.152
1.184
1.108
1.084
1.076
1.028
0.968
1
1.088
0.972
1.02
1.16
1.136
1.1
1.096
1.012
0.996
1.012
1.088
1.076
1.156
1.156
1.068
1.092
1.092
0.976
1.036
1.064
1.024
1.092
1.076
0.932
0.916
0.844
0.808
0.784
0.848
1.112
0.988
0.976
1.028
0.988
0.896
0.856
0.864
0.912
0.972
1.096
1.072
1.052
1.048
0.94
0.916
0.964
1.06
1.108
1.052
1.1
1.12
1.052
1.032
1.064
1.084
1.024
1.076
1.088
1.048
1.06
1.072
1.084
1.036
1.056
1.056
1.048
1.004
1.028
1.004
0.968
1.012
1.068
1.1
1.052
1.076
1.08
1.056
0.996
1.012
1.032
1.032
1.072
1.104
1.096
1.048
1.1
1.088
1.028
1.044
1.012
0.976
1
0.98
0.988
1.104
1.056
0.96
0.9
0.892
0.9
0.96
0.9
0.852
0.84
0.844
0.824
0.88
0.928
0.952
0.816
0.812
0.808
0.808
0.856
1.050626
1.136
1.084
1.084
1.076
1.024
1.052
1.06
1.076
1.152
1.152
1.144
1.136
1.128
1.092
1.028
1.02
0.98
0.896
0.88
0.896
1.144
1.028
1.108
1.164
1.112
1.048
1
0.98
0.9
0.904
1.012
1.064
1.044
1.112
1.14
1.052
1.072
1.072
1.012
0.936
0.968
1.024
1.068
1.036
1.104
1.104
1.032
1.064
1.072
1.02
1.056
1.076
1.016
1.032
1.052
1.02
0.984
0.996
0.944
0.892
0.904
0.924
0.86
0.84
0.828
0.832
0.94
1.056
0.968
1.052
1.108
1.076
1.044
1.06
1.044
1.028
1.084
1.104
1.084
1.156
1.188
1.16
1.16
0.968
0.904
0.868
0.852
0.872
0.876
0.952
1.032
0.976
0.96
0.996
1.04
1.036
1.084
1.1
1.072
1.092
1.116
1.088
1.128
1.1
1.048
1.012
1.032
1.128
1.092
0.98
1.02
1.064
1.064
0.996
1.012
1.044
1.056
0.952
0.916
0.884
0.984
1.076
1.024
1.092
1.116
1.068
1.104
1.088
1.032
1.084
1.104
1.064
1.076
1.084
1.036
1.076
1.116
1.108
1.108
1.136
1.1
1.072
1.076
1.02
0.976
1.068
1.152
1.132
1.256
1.204
1.136
1.136
1.092
1.052
1.076
1.1
1.056
1.12
1.124
1.076
1.124
1.112
1.032
1.06
1.096
1.076
1.156
1.136
1.048
1.068
1.088
1.044
1.128
1.156
1.128
1.172
1.136
1.064
1.068
1.04
0.996
1.088
1.132
1.092
1.148
1.148
1.088
1.1
1.068
1.008
1.072
1.088
1.064
1.156
1.172
1.128
1.148
1.1
1.064
1.12
1.116
1.096
1.116
1.076
1.032
1.068
1.056
1.012
1.06
1.064
1.012
1.044
1.04
0.988
1.044
1.076
1.008
1.068
1.076
1.016
1.06
1.052
1.024
1.064
1.068
1
1.052
1.06
1.052
1.116
1.108
1.076
1.12
1.076
1.048
1.092
1.048
1.048
1.096
1.096
1.088
1.12
1.088
1.092
1.124
1.096
1.152
1.132
1.104
1.128
1.08
0.92
0.832
0.768
1.164709
1.084827
0.9748691
0.744
0.788
0.908
0.84
0.796
0.784
0.812
0.808
0.844
0.844
0.848
0.816
0.836
0.84
0.868
0.972
1.008
1.072
1.092
1.092
1.116
1.124
1.104
1.128
1.104
1.072
1.092
1.108
1.096
1.156
1.172
1.092
1.136
1.124
1.028
1.076
1.092
1.008
1.12
1.152
1.052
1.128
1.128
1.092
1.168
1.16
1.124
1.168
1.104
1.068
1.104
1.076
1.076
1.148
1.144
1.16
1.164
1.08
1.088
1.092
1.02
1.072
1.096
1.052
1.108
1.136
1.02
0.952
0.964
0.96
0.964
0.964
1.144
1.184
1.108
1.128
1.124
1.06
1.064
1.072
1.036
1.092
1.112
1.06
1.084
1.1
1.08
1.076
1.12
1.148
1.112
1.128
1.116
1.108
1.152
1.152
1.096
1.104
1.104
1.072
1.132
1.148
1.112
1.16
1.132
1.08
1.132
1.116
1.076
1.14
1.116
1.104
1.144
1.1
1.084
1.132
1.072
0.96
0.992
1.108
1.08
1.096
1.128
1.12
0.94
0.896
0.82
0.82
0.848
0.876
0.928
0.908
0.904
0.972
0.924
0.984
1.02
1.052
1.044
1.1
1.1
1.052
1.1
1.112
1.104
1.128
1.168
1.136
1.108
1.124
1.018366
1.052
1.056
1.116
1.204
1.16
1.148
1.144
1.08
1.108
1.104
1.052
1.128
1.156
1.088
1.148
1.184
1.144
1.184
1.156
1.112
1.16
1.132
1.008
0.956
0.972
1
1.056
1.124
1.192
1.188
1.232
1.172
1.136
1.128
1.08
1.036
1.1
1.124
1.096
1.18
1.184
1.132
1.14
1.128
1.092
1.14
1.168
1.128
1.124
1.1
1.04
1.056
1.048
0.988
0.984
1.088
1.16
1.116
1.248
1.216
1.132
1.152
1.1
1.056
1.076
1.04
0.98
1.024
1.104
1.08
1.028
1.084
1.068
1.02
1.084
1.152
1.104
1.148
1.16
1.092
1.14
1.136
1.088
1.084
1.088
1.024
1.024
1.068
1.084
1.092
1.196
1.18
1.108
1.14
1.128
1.064
1.116
1.144
1.128
1.136
1.116
1.192
1.24
1.192
1.188
1.156
1.088
1.12
1.144
1.072
1.092
1.096
1.008
1.04
1.108
1.084
1.072
1.108
1.048
1.06
1.12
1.108
1.088
1.108
1.072
1.056
1.088
1.112
1.084
1.14
1.104
1.04
1.092
1.1
1.044
1.088
1.096
1.044
1.076
1.088
1.068
1.072
1.112
1.088
1.052
1.048
0.948
0.876
0.808
0.788
0.852
0.864
0.864
1.016
1.056
1.04
0.896
0.868
0.82
0.788
0.78
0.808
0.804
0.872
1
1.04
0.984
0.984
0.976
0.956
0.948
1.088
1.124
1.072
1.032
1.016
1.012
1.012
1.008
1.008
1.012
0.98
0.972
1.012
1.052
1.084
1.096
1.096
1.072
1.068
1.064
1.088
1.052
0.988
1.012
1.06
1.148
1.212
1.212
1.184
1.104
1.084
1.084
1.108
1.096
1.124
1.144
1.164
1.132
1.08
1.06
1.036
0.996
0.964
1.02
1.172
1.192
1.08
1.12
1.168
1.092
1.164
1.132
1.036
1.032
0.984
0.912
0.86
0.848
0.916
1.112
0.992
1.068
1.132
1.116
1.136
1.16
1.04
0.94
0.864
0.864
0.868
0.828
0.8
0.772
0.788
0.796
0.784
0.8
0.808
0.844
0.9
0.988
0.996
0.992
0.984
0.984
0.972
0.968
0.992
1.004
1.024
0.996
1.052
1.072
1.04
1
0.984
1.028
1.044
1.128
1.14
1.1
1.14
1.116
1.08
1.104
1.08
0.996
1.024
1.1
1.04
1.116
1.16
1.104
1.18
1.12
1.06
1.084
1.08
1.02
1.044
0.984
0.944
1.032
1.088
1.056
1.132
1.16
1.084
1.092
1.084
1.024
1.06
1.088
1.016
1.024
0.976
0.98
0.972
0.936
0.892
0.904
1.012
1.052
0.996
1
0.96
0.972
0.944
0.992
1.072
1.156
1.164
1.184
1.184
1.164
1.164
1.12
1.064
1.076
1.08
1.052
1.072
1.14
1.124
1.124
1.14
1.108
1.06
1.096
1.152
1.12
1.168
1.172
1.136
1.18
1.104
0.972
1.028
1.18
1.156
1.152
1.016
0.956
0.928
0.896
1.06
1.036
1.048
1.052
0.992
0.98
0.964
0.952
0.956
1.056
1.148
1.112
1.184
1.128
1.088
1.104
1.1
1.008
1.06
1.132
1.144
1.224
1.212
1.164
1.176
1.152
1.1
1.112
1.08
1.084
1.136
1.104
1.104
1.12
1.08
1.036
1.084
1.104
1.096
1.168
1.132
1.008
0.956
0.948
0.968
1.032
1.144
1.16
1.108
1.156
1.104
1.044
1.052
1.068
1.048
1.136
1.144
1.14
1.216
1.192
1.148
1.2
1.156
1.152
1.164
1.108
1.06
1.104
1.092
1.024
1.004
1.008
0.992
1.116
1.12
1.052
1.084
1.028
0.976
1
1.032
1.06
1.2
1.224
1.184
1.192
1.152
1.096
1.12
1.04
0.944
0.892
0.84
1
1.152
1.112
1.176
1.172
1.1
1.12
1.12
1.076
1.088
1.088
1.044
1.128
1.108
1.052
1.096
1.108
1.052
1.072
1.1
1.084
1.192
1.172
1.06
1.08
1.176
1.14
1.12
1.14
1.056
1.06
1.084
1.016
1.04
1.18
1.148
1.096
1.136
1.112
1.056
1.076
1.1
1.04
1.076
1.12
1.084
1.06
1.08
0.992
0.908
0.852
0.796
0.884
1.168
1.088
0.988
0.928
0.888
0.916
0.936
0.876
0.896
0.976
1.016
0.996
0.948
0.936
0.908
0.916
0.896
0.944
1.02
1.028
1.052
1.072
1.084
0.98
0.932
0.912
0.96
0.964
1.028
1.088
1.1
1.096
1.048
1.084
1.084
1.072
1.08
1.08
1.04
1.04
1.044
1.02
1.08
1.104
1.036
0.972
0.952
0.976
0.928
0.98
1.108
1.084
1.176
1.164
1.092
1.14
1.068
1.084
1.128
1.108
1.096
1.056
0.992
1.088
1.208
1.2
1.2
1.16
1.16
1.172
1.132
1.12
1.132
1.092
1.088
1.092
1.044
1.024
0.944
0.948
0.968
0.952
0.908
0.876
0.824
0.804
0.876
1.056
0.916
0.904
0.968
1.012
1.008
1.032
1.06
1.04
0.992
1.052
1.12
1.144
1.2
1.212
1.176
1.16
1.088
1.04
1.056
1.036
1.044
1.008
1.064
1.152
1.136
1.112
1.112
1.084
1.008
1.008
1.02
1.096
1.072
1.08
1.072
0.952
0.92
0.884
0.868
0.936
0.896
1.008
1.084
1.136
1.1
1.06
1.044
1.088
1.088
0.948
0.912
0.88
1.092
1.112
1.164
1.192
1.144
1.136
1.132
1.112
1.14
1.164
1.136
1.184
1.18
1.128
1.16
1.152
1.152
1.184
1.156
1.144
1.16
1.112
1.192
1.192
1.096
1.092
1.008
1.032
1.088
1.128
1.14
1.208
1.156
1.188
1.136
1.108
1.132
1.084
1.076
1.076
1.052
1.12
1.128
1.084
1.168
1.132
1.08
1.004
0.932
0.868
0.884
1.076
1.048
1.08
1.124
1.08
1.084
1.096
1.04
1.048
1.068
1.008
1.032
1.06
1.088
1.144
1.216
1.196
1.18
1.212
1.16
1.152
1.156
1.108
1.144
1.156
1.164
1.188
1.164
1.06
1.044
1.024
1.004
1.092
1.112
1.104
1.168
1.12
1.144
1.164
1.188
1.212
1.128
1.044
1.052
1.076
1.036
1.152
1.176
1.14
1.16
1.108
1.108
1.124
1.112
1.14
1.164
1.132
1.084
1.036
0.94
0.96
1.004
1.032
1.008
1.072
1.108
1.06
1.12
1.124
1.056
1.08
1.084
1.044
1.084
1.1
1.076
1.08
1.096
1.068
1.076
1.088
1.036
1.084
1.06
0.98
0.992
1
0.972
1.064
1.132
1.052
1.132
1.124
1.1
1.02
1.108
1.008
0.908
0.928
0.916
0.952
0.996
0.964
0.964
0.908
0.884
0.832
0.808
0.804
0.932
1.004
1.036
1.052
0.936
0.912
0.892
0.888
0.964
1.008
0.976
1.048
1.096
1.096
0.98
0.896
0.844
0.828
0.856
1.024
1.024
0.948
1.036
1.1
1.136
1.152
1.164
1.148
1.132
1.108
1.148
1.144
1.16
1.184
1.22
1.212
1.192
1.172
1.08
0.936
0.856
0.848
0.828
0.832
0.836
1.064
1.088
1.052
0.924
0.832
0.796
0.78
0.776
0.796
0.98
1.352
1.128
1.272
1.304
1.276
1.212
1.156
1.132
1.136
1.152
1.18
1.224
1.216
1.18
1.184
1.224
1.224
1.14
1.18
1.212
1.256
1.224
1.188
1.208
1.216
1.196
1.168
1.148
1.156
1.152
1.184
1.2
1.232
1.188
1.18
1.12
1.008
1.024
1.104
1.172
1.064
1.176
1.18
1.08
1.1
1.116
1.128
1.116
1.168
1.128
1.128
1.124
1.036
1.04
1.024
1.016
1.088
1.168
1.124
1.172
1.176
1.116
1.136
1.12
1.044
1.056
1.064
1.028
1.072
1.112
1.06
1.104
1.136
1.092
1.108
1.068
0.96
0.908
0.884
1.02
0.96
1.044
1.076
1.076
1.116
1.112
1.092
1.144
1.132
1.092
1.14
1.116
1.08
1.148
1.12
1.096
1.136
1.056
1.052
1.028
1.008
0.936
0.98
1.016
0.988
0.968
0.928
0.956
1.028
1.14
1.12
1.132
1.132
1.076
1.088
1.076
1.016
1.092
1.148
1.092
1.092
1.04
1.088
1.144
1.056
1.128
1.16
1.124
1.196
1.188
1.14
1.144
1.096
1.072
1.14
1.188
1.136
1.188
1.18
1.136
1.2
1.196
1.136
1.168
1.108
1.048
0.988
0.932
0.9
1.1
1.308
1.176
1.208
1.136
1.116
1.164
1.164
1.124
1.152
1.16
1.132
1.208
1.2
1.144
1.164
1.18
1.156
1.196
1.2
1.132
1.196
1.228
1.168
1.192
1.2
1.14
1.16
1.18
1.144
1.196
1.176
1.168
1.116
1.124
1.124
1.148
1.116
1.124
1.18
1.096
1.148
1.2
1.132
1.18
1.16
1.112
1.144
1.124
1.104
1.128
1.096
1.112
1.184
1.116
1.116
1.148
1.132
1.176
1.152
1.096
1.156
1.148
1.06
1.12
1.068
1.08
1.12
1.076
1.144
1.12
1.064
1.096
1.088
1.08
1.112
1.112
1.152
1.176
1.112
1.14
1.116
1.084
1.14
1.156
1.096
1.16
1.144
1.096
1.128
1.096
1.104
1.096
1.02
1.052
1.1
1.1
1.228
1.228
1.18
1.24
1.18
1.172
1.204
1.164
1.148
1.204
1.18
1.176
1.228
1.212
1.16
1.14
1.076
0.992
1.024
1.064
1.04
1.148
1.148
1.112
1.168
1.112
1.12
1.132
1.084
1.128
1.088
1.052
1.128
1.128
1.056
1.1
1.096
1.08
1.104
1.048
1.024
1.064
1.036
1.044
1.088
1.028
1.064
1.084
1.064
1.216
1.188
1.152
1.148
1.08
1.096
1.092
1.108
1.128
1.04
1.028
1.068
1.048
1.18
1.204
1.144
1.184
1.08
1.104
1.168
1.124
1.108
1.108
1.06
1.104
1.124
1.112
1.152
1.168
1.188
1.196
1.18
1.208
1.196
1.112
1.152
1.148
1.168
1.184
1.172
1.192
1.192
1.148
1.208
1.18
1.112
1.012
0.92
0.852
0.808
1.087547
1.194018
1.138964
1.141611
0.8
0.864
0.84
0.88
0.916
0.896
0.884
0.888
0.924
0.896
0.808
1.123517
0.868
1.324
1.2
1.164
1.184
1.172
1.148
1.132
1.18
1.164
1.116
1.12
1.156
1.18
1.228
1.204
1.18
1.156
1.148
1.148
1.152
1.172
1.22
1.196
1.22
1.192
1.168
1.088
1.08
1.108
1.168
1.236
1.28
1.18
1.176
1.081722
0.948
0.876
0.9
0.968
1.192
1.06
1.144
1.132
1.132
1.144
1.088
1.124
1.14
1.14
1.184
1.176
1.128
1.156
1.152
1.204
1.144
1.072
1.088
1.156
1.2
1.22
1.232
1.212
1.184
1.168
1.104
1.124
1.132
1.092
1.152
1.164
1.12
1.156
1.156
1.084
1.084
0.996
0.952
1.004
1.156
1.096
1.156
1.144
1.124
1.144
1.112
1.132
1.132
1.076
1.16
1.196
1.128
1.148
0.992
1.024
0.956
0.912
0.836
0.804
0.844
0.82
0.852
0.864
1.06
1.024
1.052
1.076
1.032
0.98
0.992
1.008
1.028
1.2
1.228
1.24
1.248
1.236
1.228
1.232
1.188
1.108
1.156
1.168
1.152
1.208
1.196
1.184
1.212
1.172
1.18
1.172
1.06
1.108
1.116
1.088
1.152
1.116
1.168
1.176
1.108
1.128
1.148
1.112
1.152
1.096
1.096
1.144
1.08
1.16
1.176
1.132
1.164
1.124
1.112
1.156
1.132
1.172
1.176
1.136
1.196
1.14
1.172
1.18
1.112
1.184
1.18
1.18
1.212
1.18
1.236
1.184
1.148
1.164
1.12
1.128
1.132
1.064
1.112
1.128
1.108
1.132
1.144
1.136
1.16
1.136
1.16
1.152
1.108
1.14
1.112
1.092
1.156
1.144
1.116
1.172
1.176
1.148
1.16
1.124
1.144
1.184
1.1
1.104
1.132
1.124
1.2
1.188
1.164
1.2
1.148
1.216
1.24
1.168
1.172
1.128
1.092
1.18
1.208
1.196
1.236
1.216
1.216
1.204
1.184
1.192
1.196
1.116
1.092
1.217811
1.044
1.104
1.12
1.06
1.036
1.056
1.076
1.028
1.068
1.104
1.036
1.08
1.136
1.144
1.16
1.124
1.036
1.02
1.168
1.248
1.164
1.18
1.184
1.124
1.156
1.116
1.084
1.076
1.112
1.06
1.092
1.116
1.08
1.06
1.088
1.072
1.06
1.096
1.112
1.088
1.148
1.148
1.104
1.132
1.116
1.072
1.116
1.028
0.996
1.052
1.064
1.048
1.112
1.096
1.06
1.092
1.08
1.064
1.104
1.072
1.048
1.076
1.076
1.028
1.072
1.084
1.06
1.164
1.148
1.116
1.164
1.132
1.096
1.14
1.092
1.072
1.124
1.096
1.072
1.092
1.04
1.044
1.12
1.156
1.112
1.164
1.148
1.088
1.072
0.984
0.972
1.072
1.148
1.176
1.28
1.184
1.18
1.148
1.072
1.112
1.072
1.056
1.152
1.148
1.12
1.176
1.104
1.144
1.148
1.108
1.168
1.144
1.116
1.14
1.036
0.92
0.848
0.788
0.872
1.092
1.024
0.968
1.044
1.068
0.996
1.036
1.06
1.06
1.004
1.012
1.028
1.044
1.056
1.048
1.056
1.08
1.088
1.108
1.124
1.1
1.088
1.072
1.028
1.06
1.096
1.132
1.036
1.016
1.064
1.092
1.096
1.096
1.096
1.08
1.02
1.032
1.04
1.06
1.056
1.116
1.1
1.108
1.104
1.132
1.096
1.048
1.128
1.184
1.124
1.112
1.144
1.088
1.072
1.14
1.096
1.084
1.06
0.956
0.928
0.872
0.9
0.876
0.908
0.876
0.856
0.928
0.948
0.988
1
1.004
1.08
1.088
1.016
1.068
1.084
0.964
0.972
0.912
0.872
0.816
0.784
1.117233
0.84
0.88
0.928
0.964
0.996
1.012
1.008
0.988
0.944
0.948
0.972
1
1.024
1.04
1.028
1.048
1.068
1.144
1.152
1.156
1.156
1.156
1.184
1.06
1.012
1.02
1.096
1.188
1.136
1.116
1.176
1.188
1.16
1.14
1.12
1.088
1.04
0.996
1.048
1.136
1.172
1.152
1.096
1.112
1.128
1.164
1.128
1.132
1.124
1.108
1.068
1.104
1.132
1.168
1.156
1.124
1.176
1.164
1.112
1.12
1.116
1.092
1.124
1.024
1
1.06
1.088
1.056
1.124
1.148
1.104
1.148
1.104
1.072
1.104
1.096
1.076
1.104
1.092
1.1
1.136
1.096
1.056
1.108
1.108
1.08
1.12
1.132
1.1
1.172
1.172
1.128
1.16
1.156
1.092
1.116
1.104
1.044
0.996
0.964
1.048
1.256
1.28
1.216
1.184
1.188
1.192
1.168
1.16
1.18
1.2
1.188
1.192
1.2
1.176
1.132
1.08
1.076
1.152
1.216
1.196
1.128
1.156
1.16
1.024
1
1.004
0.988
0.968
0.888
0.856
0.808
0.772
0.784
0.852
0.968
0.992
1.032
1.048
0.996
1.012
1.048
1.032
0.988
0.956
1.012
1.056
1.128
1
1
1.108
1.104
1.064
1.108
1.172
1.172
1.128
1.14
1.132
1.108
1.18
1.296
1.288
1.24
1.228
1.26
1.248
1.24
1.216
1.204
1.152
1.156
1.2
1.224
1.18
1.188
1.24
1.224
1.132
1.148
1.188
1.132
1.072
1.056
1.104
1.092
1.1
1.156
1.136
1.076
1.092
1.136
0.98
0.936
0.872
0.924
0.864
0.812
0.9589942
0.812
0.768
0.776
0.792
0.844
0.908
0.952
0.964
0.956
0.952
0.952
0.952
0.944
0.924
0.92
0.94
0.98
0.984
1.06
1.116
1.14
1.16
1.128
1.048
0.968
0.936
1.04
1.184
1.192
1.192
1.18
1.112
1.14
1.136
1.104
1.16
1.168
1.136
1.172
1.148
1.096
1.124
1.084
1.032
1.1
1.208
1.144
1.22
1.196
1.188
1.236
1.16
1.168
1.164
1.112
1.144
1.1
1.12
1.148
1.092
1.128
1.156
1.108
1.188
1.148
1.096
1.148
1.028
1
1.024
0.976
0.948
1.024
1.112
1.104
1.124
1.16
1.128
1.052
1.128
1.14
1.148
1.188
1.156
1.124
1.104
1.14
1.144
1.228
1.228
1.152
1.176
1.16
1.1
1.124
1.192
1.168
1.188
1.18
1.148
1.156
1.16
1.136
1.092
0.98
0.988
1.028
1.056
0.936
0.856
0.832
0.796
0.92
1.184
1.076
1.136
1.152
1.136
1.12
1.016
0.916
0.848
0.828
0.8
0.8
0.78
0.784
0.86
0.964
1.084
1.056
1.028
1.032
1.008
0.968
0.964
1.028
1.164
1.144
1.228
1.232
1.1
1.008
0.98
1.012
0.976
1.04
1.092
1.1
1.08
1.08
1.068
1.032
0.976
0.944
1.004
1.128
1.18
1.14
1.064
1.02
0.92
0.888
0.924
0.916
1.152
1.056
0.996
1.108
1.188
1.124
1.12
1.128
1.06
0.976
0.996
0.992
1.028
0.928
0.876
0.844
0.82
0.84
0.912
0.872
0.828
0.852
0.92
0.924
1.02
1.084
1.152
1.16
1.128
1.06
1.108
1.056
1.016
1.124
1.208
1.188
1.092
1.108
1.14
1.176
1.116
1.128
1.084
1.008
0.992
1.024
1.04
1.148
1.168
0.996
0.956
1.004
1.124
1.2
1.192
1.176
1.132
1.072
1.096
1.112
1.208
1.216
1.308
1.312
1.308
1.26
1.216
1.192
1.132
1.084
1.1
1.024
1.02
1.176
1.308
1.26
1.292
1.244
1.196
1.212
1.2
1.144
1.152
1.2
1.176
1.236
1.256
1.204
1.256
1.208
1.152
1.128
1.136
1.072
1.128
1.22
1.18
1.18
1.096
1.008
1.036
1.084
1.26
1.364
1.244
1.268
1.228
1.148
1.168
1.172
1.14
1.168
1.136
1.004
0.948
0.904
0.848
0.832
1.076
1.076
1.128
1.108
1.052
1.076
1.068
1.004
1.048
1.108
1.128
1.232
1.208
1.168
1.26
1.216
1.22
1.248
1.192
1.136
1.176
1.212
1.156
1.228
1.216
1.188
1.228
1.168
1.176
1.172
1.128
1.2
1.192
1.136
1.168
1.168
1.128
1.176
1.18
1.132
1.164
1.176
1.18
1.236
1.228
1.16
1.22
1.196
1.204
1.224
1.156
1.132
1.232
1.228
1.216
1.228
1.176
1.124
1.148
1.144
1.132
1.18
1.172
1.16
1.192
1.148
1.112
1.144
1.136
1.14
1.204
1.14
1.124
1.108
1.044
1.016
1.188
1.188
1.156
1.212
1.14
1.148
1.132
1.064
1.144
1.2
1.148
1.204
1.164
1.14
1.228
1.192
1.164
1.208
1.156
1.168
1.2
1.14
1.18
1.18
1.148
1.208
1.164
1.156
1.212
1.176
1.172
1.156
1.108
1.168
1.212
1.188
1.228
1.196
1.184
1.192
1.128
1.132
1.12
1.02
1.02
1.164
1.204
1.204
1.22
1.152
1.176
1.136
1.12
1.14
1.1
1.124
1.22
1.244
1.256
1.224
1.228
1.244
1.18
1.192
1.052
0.96
0.96
0.96
1.016
1.004
0.948
0.944
1.068
1.132
1.164
1.18
1.124
1.132
1.16
1.136
1.184
1.188
1.148
1.204
1.236
1.204
1.216
1.212
1.2
1.208
1.204
1.188
1.212
1.18
1.208
1.204
1.164
1.176
1.164
1.144
1.184
1.152
1.136
1.152
1.096
1.176
1.168
1.148
1.208
1.116
1.136
1.128
1.096
1.152
1.096
1.112
1.188
1.136
1.184
1.148
1.132
1.136
1.116
1.196
1.188
1.16
1.176
1.124
1.156
1.14
1.096
1.172
1.152
1.12
1.132
1.104
1.156
1.196
1.148
1.196
1.14
1.148
1.1
0.972
0.964
0.896
0.836
0.828
0.884
1.012
1.02
0.984
0.984
1.032
1.04
1
1.016
1.012
1
1.092
1.18
1.164
1.212
1.216
1.236
1.276
1.156
1.156
1.184
1.148
1.236
1.208
1.18
1.204
1.18
1.188
1.212
1.148
1.204
1.18
1.136
1.192
1.14
1.164
1.204
1.128
1.228
1.208
1.16
1.204
1.152
1.144
1.18
1.116
1.136
1.164
1.072
1.124
1.124
1.036
0.916
0.832
1.18765
0.864
1.088
0.948
0.924
0.98
1.012
1.04
1.024
0.98
0.972
1.028
1.096
1.06
1.1
1.124
1.04
1.064
1.124
1.14
1.136
1.236
1.228
1.168
1.156
1.164
1.14
1.068
1.064
1.132
1.184
1.152
1.172
1.172
1.148
1.168
1.156
1.136
1.148
1.168
1.144
1.104
1.136
1.164
1.128
1.16
1.152
1.092
1.128
1.16
1.136
1.2
1.2
1.148
1.164
1.156
1.08
1.144
1.148
1.088
1.184
1.112
1.132
1.2
1.1
1.172
1.156
1.152
1.208
1.12
1.132
1.108
1.072
1.14
1.12
1.1
1.096
1.04
1.028
1.144
1.2
1.196
1.272
1.22
1.2
1.208
1.184
1.156
1.168
1.164
1.132
1.108
1.096
1.08
1.168
1.236
1.2
1.26
1.228
1.212
1.172
1.108
1.112
1.168
1.18
1.22
1.276
1.212
1.224
1.192
1.132
1.172
1.164
1.088
1.052
1.096
1.132
1.14
1.22
1.192
1.128
1.144
1.16
1.152
1.124
1.196
1.196
1.12
1.092
1.14
1.116
1.184
1.276
1.284
1.204
1.208
1.196
1.14
1.148
1.208
1.212
1.22
1.184
1.056
1.076
1.22
1.14
1.12
1.224
1.204
1.148
1.192
1.14
1.104
1.152
1.112
1.104
1.136
1.104
1.064
1.124
1.092
1.036
1.072
1.08
1.048
1.104
1.176
1.148
1.24
1.232
1.196
1.232
1.204
1.2
1.196
1.192
1.144
1.168
1.208
1.176
1.168
1.188
1.22
1.188
1.136
1.164
1.184
1.204
1.28
1.248
1.204
1.148
1.192
1.232
1.232
1.24
1.232
1.192
1.212
1.2
1.148
1.164
1.18
1.096
1.096
1.272
1.144
1.236
1.256
1.128
1.228
1.144
1.088
1.164
1.092
1.064
1.136
1.092
1.072
1.12
1.092
1.076
1.152
1.14
1.116
1.16
1.144
1.096
1.14
1.164
1.148
1.128
1.176
1.188
1.116
1.068
1.128
1.3
1.312
1.344
1.32
1.292
1.26
1.26
1.228
1.204
1.132
1.124
1.196
1.204
1.212
1.244
1.18
1.224
1.22
1.152
1.176
1.164
1.116
1.156
1.172
1.108
1.152
1.128
1.1
1.1
1.1
1.104
1.112
1.14
1.116
1.152
1.164
1.108
1.156
1.14
1.104
1.132
1.136
1.128
1.172
1.172
1.148
1.096
1.136
1.14
1.12
1.184
1.22
1.184
1.096
1.092
1.16
1.096
1.144
1.252
1.14
1.164
1.184
1.092
1.196
1.148
1.092
1.18
1.104
1.092
1.196
1.092
1.096
1.128
1.08
1.144
1.128
1.064
1.116
1.096
1.056
1.096
1.112
1.08
1.128
1.14
1.1
1.128
1.14
1.144
1.164
1.156
1.108
1.136
1.16
1.128
1.16
1.152
1.072
1.088
1.128
1.124
1.18
1.188
1.128
1.14
1.2
1.164
1.144
1.16
1.108
1.084
1.14
1.144
1.116
1.144
1.12
1.084
1.108
1.14
1.096
1.148
1.172
1.14
1.168
1.184
1.124
1.048
1.036
1.136
1.18
1.256
1.284
1.2
1.196
1.128
1.02
1.08
1.188
1.136
1.14
1.072
0.956
0.904
0.792
1.069324
1.031292
1.085359
1.033749
1.052583
0.9
0.936
0.96
0.968
0.924
0.96
0.992
1.02
1
0.992
0.964
0.9
0.824
0.8
0.8
0.824
1.092
1.072
1.124
1.152
1.096
1.12
1.1
1.044
1.064
1.108
1.092
1.136
1.168
1.148
1.168
1.148
1.024
1.044
1.068
1.072
1.084
1.18
1.168
1.124
1.224
1.176
1.096
1.104
1.104
1.1
1.196
1.164
1.124
1.164
1.152
1.104
1.16
1.136
1.06
1.076
1.06
0.956
0.888
0.824
0.8
0.824
0.892
0.856
0.836
0.804
0.796
1.051452
0.9836582
1.144453
1.100705
0.8
0.98
1.056
1.008
1.06
1.096
1.068
1.044
1.04
1.056
1.1
1.148
1.148
1.168
1.184
1.1
1.064
1.112
1.116
1.112
1.168
1.2
1.132
1.164
1.14
1.076
1.1
1.084
1.012
1.052
1.112
1.08
1.128
1.144
1.084
1.068
1.084
1.096
1.06
0.98
0.916
0.892
0.924
1.048
1
0.996
1.044
1.084
1.064
1.012
0.964
0.924
0.888
0.976
0.972
1.088
1.136
1.104
1.12
1.144
1.116
1.112
1.144
1.088
1.1
1.184
1.172
1.092
1.188
1.204
1.072
1.02
0.996
0.96
0.896
0.864
0.864
0.96
0.936
0.988
1.004
0.952
0.908
0.924
0.924
0.88
0.952
1.028
1.024
0.924
0.944
0.936
0.892
0.9
0.908
0.892
0.884
0.84
0.844
0.828
0.836
1.076
1.036
1.052
1.076
1.1
1.092
1.112
1.112
1.088
1.12
1.14
1.072
1.076
1.108
1.076
1.156
1.144
1.136
1.164
1.112
1.096
1.104
1.044
1.028
1.028
0.968
0.956
1.032
1.104
0.956
0.888
0.824
0.82
0.82
0.816
0.816
0.824
0.82
0.784
0.804
0.8
0.796
0.764
0.772
0.78
0.788
0.804
0.804
0.86
0.94
1.02
1.008
0.996
0.988
0.992
1.02
0.96
1.056
1.104
1.048
1.14
1.168
1.152
1.124
1.088
1.032
1.04
1.076
1.128
1.096
1.14
1.132
1.044
1.1
1.124
1.06
1.152
1.136
1.148
1.208
1.152
1.164
1.084
1.184
1.24
1.132
1.084
0.996
1.012
1.04
0.96
0.932
0.968
0.984
1.024
1.096
1.052
0.932
0.916
0.88
0.864
1.064
0.996
1.06
1.124
1.088
1.112
1.08
1.016
0.984
1.036
1.152
1.188
1.124
1.144
1.168
1.128
1.104
1.144
1.156
1.064
0.992
1.056
1.3
1.304
1.192
1.124
1.14
1.176
1.164
1.12
1.18
1.192
1.18
1.2
1.204
1.18
1.16
1.12
0.972
0.932
1.008
1.044
1.288
1.224
1.208
1.228
1.204
1.192
1.18
1.124
1.16
1.152
1.14
1.228
1.176
1.156
1.188
1.136
1.128
1.104
1.048
1.1
1.12
1.08
1.144
1.14
1.104
1.132
1.128
1.104
1.136
1.1
1.056
0.988
1.056
1.112
1.072
1.22
1.14
1.124
1.16
1.072
1.104
1.104
1.064
1.12
1.064
1.064
1.136
1.112
1.088
1.128
1.096
1.072
1.072
1.016
0.984
0.992
1
1.004
1.056
1.052
1.068
1.12
1.068
1.076
1.088
1.036
1.092
1.08
1.028
1.052
1.044
1.028
1.06
0.944
0.9
0.788
0.752
0.74
0.924
0.98
0.888
0.84
0.836
0.836
0.852
0.856
0.82
0.852
0.892
0.956
1.004
1.016
1.076
1.096
1.076
1.088
1.084
1.096
1.044
1.08
1.116
1.136
1.184
1.172
1.084
1.112
1.092
1.032
0.976
1.024
1.128
1.148
1.1
1.16
1.164
1.092
1.124
1.116
1.08
1.168
1.172
1.1
1.112
1.064
1.032
1.104
1.144
1.072
1.096
1.168
1.116
1.152
1.184
1.128
1.128
1.136
1.104
1.092
1.128
1.124
1.12
1.148
1.144
1.116
1.144
1.14
1.108
1.132
1.152
1.128
1.136
1.116
1.032
0.944
0.94
0.96
0.988
1.048
1.168
1.14
1.148
1.164
1.084
1.06
1.068
1.024
1.088
1.092
0.984
1.012
1.04
1.016
1.12
1.176
1.108
1.176
1.152
1.124
1.12
1.076
1.064
1.092
1.096
1.084
1.116
1.084
1.076
1.104
1.068
1.084
1.132
1.1
1.096
1.124
1.08
1.108
1.128
1.076
1.12
1.152
1.068
1.1
1.108
1.056
1.124
1.14
1.084
1.112
1.088
1.076
1.14
1.116
1.064
1.136
1.1
1.032
1.044
1.068
1.012
1.076
1.124
1.08
1.128
1.1
1.044
1.052
1.052
1
1.012
1.02
0.996
1.024
1.056
1.048
1.1
1.136
1.076
1.124
1.116
1.044
0.948
0.872
0.796
0.788
0.748
0.732
0.72
0.72
0.732
0.728
0.728
0.728
0.708
0.708
0.712
0.9520416
1.10438
1.051512
0.724
0.856
1.26
1.148
1.132
1.164
1.164
1.148
1.076
1.144
1.164
1.1
1.156
1.216
1.156
1.16
1.212
1.192
1.096
0.984
1.00276
0.72
0.872
0.812
0.956
0.948
0.956
0.92
0.856
0.804
0.796
0.796
0.804
0.836
0.868
0.976
0.964
0.952
0.924
0.864
0.828
0.776
0.728
1.075566
1.074349
1.070609
1.062001
1.124
0.956
0.948
0.948
1.104
1.192
1.152
1.116
0.98
0.884
0.844
0.888
0.968
1.168
1.072
1
0.992
1.044
1.08
1.056
