0.916
0.952
0.936
0.924
0.92
0.876
0.844
0.856
0.876
0.884
0.888
0.912
0.924
0.876
0.832
0.808
0.828
0.924
0.9
0.972
1.06
1.092
1.024
0.948
0.964
0.992
0.972
1
1.028
1.056
1.028
1
1.008
0.992
0.928
0.856
0.88
0.916
0.988
0.956
0.968
0.992
0.936
0.952
0.956
0.912
0.96
1.04
1.076
1.04
1.04
1.064
1.064
1.02
1.052
1.084
1.048
1.08
1.084
1.12
1.068
1.064
1.044
1.02
1.096
1.056
1.024
1.024
0.976
0.928
0.932
1.088
1.08
0.996
1.02
0.956
0.868
0.808
0.776
0.796
0.876
1.16
1.072
1.012
1.06
1.092
1.052
0.964
0.96
0.984
0.996
0.976
0.984
0.976
0.968
1.044
1.12
1.1
1.048
1.04
0.96
0.928
0.932
0.956
0.944
0.964
0.992
1.088
1.032
1.044
1.056
1.064
1.04
1.068
1.02
1.036
1.048
1.112
1.064
1.08
1.052
1.016
1.056
1.06
1.012
1.02
1.088
1.024
0.944
0.912
1.004
1.104
1.044
0.988
1.02
1.024
0.94
0.88
0.884
0.912
0.888
0.856
0.852
0.916
0.976
0.968
0.92
0.948
0.976
0.948
0.928
0.936
1.008
0.98
0.936
0.952
1.024
1.056
0.984
1.008
1.028
1.08
1.048
1.072
1.06
1.024
1.092
1.08
1.02
1.064
1.044
1.024
0.996
1.048
1.064
0.984
0.976
1.016
1.032
0.964
0.968
0.96
0.924
0.892
0.92
0.964
0.92
0.904
0.92
0.932
0.9
0.892
0.916
0.956
0.928
0.928
0.976
0.968
0.948
0.964
0.992
0.948
0.952
0.98
0.996
0.996
1.056
1.084
1.02
1.028
1.04
1.004
1
1.032
1.068
1.032
1.048
1.068
1.028
0.976
0.968
0.916
0.912
0.952
1.092
1.06
0.988
0.976
1.012
0.996
0.956
0.98
0.984
0.992
0.948
0.924
0.952
0.96
0.964
1.028
1.052
1.044
0.988
1.008
0.972
0.972
1.052
1.084
1.008
0.98
1.008
1.028
0.96
0.972
1.04
1.116
1.056
0.992
1
1.028
0.98
0.936
0.96
1.064
1.076
1.056
1.068
1.056
1.024
1.004
1.004
1.008
0.984
1.02
1.072
1.052
0.992
1.016
0.996
0.972
0.928
1.008
1.108
1.132
1.084
1.092
1.1
1.02
0.912
0.916
1.044
1.012
1.048
1.136
1.1
0.96
0.88
0.832
0.84
0.804
0.796
0.796
0.808
0.952
0.888
0.864
0.92
0.988
0.92
0.844
0.812
0.812
0.812
0.772
0.696
0.712
0.776
0.76
0.868
0.908
0.852
0.828
0.844
0.944
0.936
1.012
1.064
1.064
1.024
1.036
1.036
1.04
1.056
1.104
1.116
1.064
1.128
1.108
1.116
1.076
1.064
1.052
1.012
1.02
1.096
1.1
1.044
0.92
0.916
0.98
0.996
0.984
1.076
1.184
1.124
1.052
1.068
1.076
1.064
0.996
0.948
0.92
0.932
0.932
1.06
1.144
1.132
1.016
0.928
0.924
1
1.132
1.136
1.06
1.076
1.036
0.984
0.972
1.024
1.108
1.08
1.064
1.092
1.088
1.072
1.024
1.044
1
1
0.992
1.004
1.092
1.12
1.076
1.108
1.108
1.06
1.08
1.064
1.04
1.048
1.08
1.056
1.036
1.056
1.02
0.968
0.924
0.952
0.984
1.028
1.064
1.168
1.132
1.032
1
0.964
0.888
0.904
0.94
0.956
0.988
0.956
1.004
1.064
1.044
1.016
1.036
1.044
1.028
1.044
1.044
1.052
0.988
0.94
0.964
1.068
1.1
1.08
1.128
1.056
0.992
0.964
1.012
0.988
0.98
1.172
1.264
1.196
1.06
1.032
1.044
1.036
0.988
0.988
1.016
0.976
0.924
0.912
1.028
1.08
1.044
1.052
1.08
1.036
0.948
0.912
0.844
0.824
0.872
0.896
0.968
1.092
1.052
0.984
0.988
0.972
0.928
0.98
1.044
1.06
1
1.004
0.992
0.94
0.956
1.064
1.092
1.088
1.076
1.06
1.012
1.032
1.064
1.036
1.068
1.116
1.072
1.012
1.04
1.072
1.008
0.972
1.032
1
0.976
1.004
0.94
0.96
0.988
1.064
1.036
1.068
1.064
1.008
0.948
0.892
0.88
0.824
0.84
1.156
1.096
1.152
1.092
1.004
0.952
0.98
0.968
0.904
0.904
1.036
1.04
0.968
0.956
0.98
0.98
0.984
1.016
1.06
1.064
1.004
0.996
1.024
1.072
1.02
1.028
1.076
1.044
1.096
1.128
1.104
1.084
1.124
1.136
1.076
1.02
1.052
1.052
1.044
1.104
1.168
1.124
1.116
1.148
1.12
1.052
1.04
1.072
1.052
0.992
1.024
1.076
1.08
1.04
1.02
1.088
1.052
1
0.96
0.98
1.004
0.984
0.94
1.044
1.072
1.028
0.984
0.992
1.008
0.976
1.024
1.088
1.096
1.068
1.044
1.044
1.008
1.108
1.148
1.084
1.052
1.056
1.044
0.988
1.036
1.16
1.144
1.088
1.16
1.136
1.12
1.124
1.084
1.032
1.04
1.052
1.068
1.068
1.1
1.108
1.072
0.996
1.008
1.096
1.148
1.124
1.144
1.164
1.088
1.072
1.088
1.056
0.992
0.972
1.072
1.128
1.084
1.164
1.172
1.084
1.076
1.052
0.94
0.9
1.06
1.208
1.18
1.096
1.152
1.132
1.028
0.932
0.892
0.96
1.12
1.112
1.184
1.204
1.18
1.132
1.14
1.104
1.072
1.028
1.052
1.088
1.14
1.092
1.088
1.072
1.052
1.076
1.076
1.06
1.064
1.096
1.08
1.028
1.072
1.064
0.984
0.924
0.924
1.02
1.12
1.128
1.168
1.108
1.06
1
1.016
1.06
1.088
1.032
1.056
1.092
1.004
0.932
1.004
1.076
1.024
0.952
0.996
0.936
0.868
0.88
0.9
0.896
0.988
1.024
0.956
0.92
0.94
0.952
0.896
0.888
0.924
0.976
0.964
0.924
0.94
0.996
1.004
0.992
1.064
1.092
1.052
1.092
1.1
1.064
1.044
1.136
1.156
1.132
1.144
1.164
1.124
1.076
1.108
1.128
1.076
1.072
1.08
1.096
1.052
1.068
1.112
1.088
1.044
1.056
1.104
1.072
0.96
0.9
0.884
0.86
0.86
0.916
0.952
1.02
1.192
1.12
0.976
0.98
1.032
0.908
0.82
0.724
0.82
0.812
0.948
0.976
1.02
0.952
1.008
1.032
1.02
0.992
1.016
1.036
1.036
1.088
1.084
1.084
1.072
1.148
1.136
1.16
1.156
1.172
1.168
1.124
1.116
1.12
1.096
1.06
1.056
1.036
1.012
1.068
1.176
1.14
1.092
1.092
1.04
0.952
0.908
0.864
0.972
1.216
1.156
1.116
1.16
1.108
1.072
1.06
0.948
0.996
1.148
1.012
0.996
1.036
0.916
0.908
0.92
0.884
0.936
1
0.968
0.9
0.924
0.988
0.988
0.92
0.96
1
1.024
1.016
1.044
1.072
1.016
1.024
1.052
1.028
1.06
1.132
1.08
1.016
1.024
1.076
1.104
1.1
1.14
1.1
1.04
1.04
1.052
1.028
1.092
1.1
1.024
0.908
0.88
0.892
0.9
0.884
0.94
1.096
0.948
0.852
0.8
0.736
0.94
0.948
1.064
1.136
1.14
1.108
1.04
1.04
1.02
1.024
1.012
1.02
1.084
1.124
1.124
1.104
1.092
1.068
1.08
1.088
1.112
1.136
1.136
1.12
1.116
1.148
1.096
0.992
0.928
1.004
1.008
0.96
0.936
0.992
1.052
0.996
0.948
0.976
0.98
0.916
0.9
0.924
0.984
0.924
0.864
0.824
0.812
0.86
0.996
0.98
1.044
1.1
1.072
1.072
1.084
1.108
1.068
1.076
1.068
1.092
1.044
1
1.02
1.132
1.072
1.076
1.052
1.02
1.096
1.14
1.124
1.004
0.892
0.864
0.844
0.836
0.84
0.956
1.124
1.076
1.028
1.04
1.024
0.936
0.904
0.912
0.956
0.952
0.964
1.024
1.08
1.036
1.06
1.068
1.08
1.124
1.144
1.088
0.952
0.9
0.884
0.884
0.936
1.328
1.3
1.176
1.168
1.152
1.112
1.104
1.076
1.052
1.052
0.984
0.996
1.04
1.012
0.996
1.064
1.108
1.084
1.14
1.148
1.108
0.996
0.952
0.972
1.156
1.16
1.132
1.128
1.112
1.068
1.096
1.02
0.948
0.984
1.104
1.096
1.052
1.124
1.12
1.072
1.088
1.124
1.136
1.036
1.04
0.888
0.868
0.852
0.844
0.888
1.18
1.144
1.112
1.044
0.9
0.828
0.72
0.728
0.872
0.990726
0.748
0.84
0.804
0.832
0.828
0.82
0.816
0.792
0.788
0.772
0.772
0.764
0.78
0.78
0.772
0.78
0.828
0.848
0.832
0.844
0.936
1.12
1.168
1.172
1.056
1.024
1.02
0.932
0.96
0.888
0.896
1.116
1.156
1.136
1.104
1.06
1.144
1.136
1.144
1.152
1.124
1.052
1.088
1.128
1.056
1.032
1.016
1.048
1.016
1.044
1.112
1.092
1.084
1.092
1.064
1.048
1.1
1.136
1.1
1.16
1.136
1.044
1.072
1.136
1.08
1.052
1.116
1.112
1.04
1.028
1.044
1.056
1.028
1.1
1.088
1.092
1.112
1.124
1.088
1.044
1.08
1.048
1.004
1.06
1.084
1.076
1.02
1.056
1.016
0.932
0.876
0.884
0.932
0.932
0.928
1.02
1.088
1.012
0.948
0.928
0.924
0.92
0.876
0.872
0.904
0.924
0.916
0.9
0.944
0.984
0.992
0.964
1.004
1.064
1.068
1.104
1.008
0.944
0.908
0.984
1.148
1.212
1.228
1.1
1.02
1.028
1.076
1.06
1.036
1.16
1.124
1.036
1.032
1.08
0.988
0.992
0.92
0.884
0.848
0.836
0.928
1.016
0.956
0.996
1.056
1.056
1.02
1.024
1.056
1.04
1.116
1.156
1.068
1.056
1.12
1.084
1.08
1.176
1.18
1.148
1.072
1.008
1.02
1.096
1.068
1.116
1.256
1.14
1.02
1.052
1.068
1.004
0.98
0.996
1.056
0.972
0.96
0.976
0.984
0.956
1.004
1.032
1.056
1.044
1.08
1.076
1.048
1.036
1.088
1.076
1.032
1.06
1.08
1.068
1.14
1.136
1.072
1.06
1.124
1.108
1.148
1.188
1.16
1.132
1.136
1.08
1.064
1.096
1.084
1.012
1.056
1.108
1.164
1.132
0.996
0.968
1.008
0.996
0.972
0.988
1.132
1.1
0.98
0.964
0.984
0.988
0.932
0.976
1.036
1.108
1.108
1.128
1.108
1.032
1.08
1.148
1.168
1.152
1.104
1.184
1.208
1.164
1.06
1.096
1.176
1.144
1.08
1.108
1.092
1.028
0.996
1.064
1.108
1.036
1.044
1.068
1.08
1.036
1.052
1.096
1.048
1.08
1.096
1.08
1.132
1.16
1.128
1.092
1.032749
0.796
0.812
1.168
1.148
1.076
1.104
1.08
1.012
0.984
1.032
1.048
0.988
0.988
1.044
1.08
1.044
1.056
1.112
1.088
1.116
1.128
1.072
1.064
1.144
1.176
1.136
1.144
1.132
1.096
1.104
1.196
1.168
1.18
1.196
1.14
1.12
1.164
1.184
1.128
1.124
1.172
1.164
1.148
1.06
1.096
1.132
1.048
1.064
1.164
1.184
1.088
1.048
1.072
1.036
1
1.092
1.148
1.108
1.1
1.076
1.052
1.096
1.148
1.092
1.068
1.088
1.132
1.124
1.164
1.176
1.168
1.132
1.168
1.132
1.088
1.128
1.164
1.156
1.136
1.148
1.136
1.132
1.088
1.136
1.048
0.924
0.94
1.252
1.168
1.032
1.108
1.116
1.036
1.048
1.036
0.988
0.928
0.928
0.928
0.856
0.824
0.844
0.876
0.888
0.968
1.08
1.008
1
1.04
0.992
0.952
0.984
1.044
1.044
1
1.012
1.088
1.136
1.108
1.112
1.096
1.064
1.072
1.108
1.116
1.16
1.152
1.132
1.088
1.032
1.04
1.176
1.236
1.12
1
1.076
1.108
1.108
1.204
1.24
1.184
1.104
1.076
1.116
1.056
1.156
1.24
1.148
1.032
1.012
1.092
1.14
1.104
1.152
1.16
1.064
1.024
1.084
1.06
1.048
1.112
1.124
1.12
1.176
1.188
1.12
1.128
1.136
1.128
1.132
1.168
1.144
1.052
1.016
1.052
1.132
1.12
1.132
1.192
1.128
1.076
1.12
1.1
1.02
1.032
1.048
1.032
1.04
1.096
1.096
1.112
1.152
1.12
1.032
1.064
1.056
1.08
1.136
1.112
1.044
1.04
1.112
1.16
1.168
1.18
1.152
1.104
1.124
0.98
0.92
1.012
1.196
1.124
1.144
1.14
1.048
1.024
1.064
1.008
0.96
0.864
0.812
0.7
0.852
0.832
0.872
0.828
0.744
0.816
0.796
1.496
0.74
0.728
0.728
0.736
0.732
0.728
0.744
0.78
0.784
0.756
0.744
0.744
0.744
0.772
0.82
0.88
1.108
1.156
1.108
1.1
1.1
1.048
1.02
0.996
0.904
0.868
0.876
0.856
0.836
0.86
0.932
0.908
0.876
0.916
1.052
1.036
1.012
0.968
0.996
1.104
1.132
1.096
1.12
1.128
1.08
1.056
1.136
1.184
1.192
1.196
1.136
1.112
1.108
1.196
1.172
1.176
1.168
1.156
1.136
1.1
0.992
0.956
0.928
0.968
0.904
0.904
0.956
0.936
0.904
0.932
0.968
0.94
0.904
0.9
0.904
0.932
0.924
0.968
1.036
0.988
0.968
1.004
0.992
0.976
1.048
1.156
1.012
1.048
1.092
1.032
1.072
1.064
0.976
1.032
1.068
1.024
0.98
1.012
1.056
0.988
1.004
1.064
1.08
1.108
1.18
1.16
1.156
1.148
1.18
1.14
1.072
1.1
1.156
1.188
1.188
1.2
1.116
1.084
1.12
1.14
1.204
1.204
1.184
1.1
1.004
0.984
0.968
0.924
0.916
1.144
1.224
1.072
1.06
1.052
0.984
0.94
0.88
0.852
0.82
0.796
0.788
0.788
0.888
1.056
1.092
1.092
1.136
1.128
1.06
1.128
1.168
1.172
1.18
1.208
1.156
1.112
1.088
0.956
1.012
1.132
1.2
1.24
1.252
1.228
1.204
1.128
1.04
1.14
1.18
1.136
1.168
1.228
1.212
1.228
1.18
1.152
1.14
1.184
1.196
1.144
1.112
1.02
1
0.968
1.14
1.128
1.072
1.052
0.956
0.932
0.94
0.976
0.956
0.936
0.888
0.848
0.88
0.94
0.972
0.948
0.944
0.936
0.944
0.952
0.996
0.912
0.888
0.92
0.964
1.016
0.992
0.964
0.976
0.988
0.92
0.952
0.992
0.92
0.98
1.048
1.116
1.132
1.06
0.988
0.988
0.98
0.9
0.832
0.828
0.856
1.144
1.192
1.208
1.188
1.108
1.092
1.104
1.136
1.168
1.144
1.036
0.92
0.956
1.2
1.216
1.172
1.164
1.164
1.184
1.16
1.136
1.156
1.132
1.092
1.024
0.948
0.904
1.052
1.12
1.084
1.088
1.036
0.976
1.016
1.036
1.032
0.984
1.036
1.12
1.092
1.012
1.028
1.052
1.004
0.996
1.056
1.136
1.244
1.232
1.164
1.164
1.176
1.136
1.124
1.1
1.124
1.124
1.144
1.16
1.132
1.14
1.124
1.112
1.14
1.132
1.044
0.98
0.984
1.004
1
0.976
1.016
1.068
0.992
0.928
0.94
0.92
0.856
0.876
0.904
0.964
0.92
0.904
1.008
1.08
1.052
0.996
1.024
1.088
1.076
1.004
1.02
1.012
1.016
1.044
1.1
1.14
1.156
1.208
1.184
1.164
1.148
1.104
1.144
1.196
1.156
1.088
1.036
0.992
1.012
1.128
1.128
1.172
1.164
1.032
1.008
1.028
1.06
1.056
1.124
1.176
1.144
1.144
1.124
1.1
1.072
1.036
1.008
1.02
1.252
1.188
1.124
1.052
1.068
1.084
1.004
1.012
1.06
1.056
0.98
1.012
1.104
1.056
1.02
1.088
1.088
1.088
1.128
1.08
1.044
1.092
1.112
1.092
1.092
1.14
1.088
1.016
1.016
1.104
1.132
1.152
1.16
1.072
1
1.032
1.124
1.12
1.168
1.16
1.12
0.984
0.956
0.976
1.116
1.092
0.916
0.876
1.224
1.16
1.012
0.94
0.964
0.944
0.896
0.924
0.94
0.98
1
1.056
1.088
1.068
1.048
1.052
0.996
0.976
0.96
0.9
0.884
0.892
0.94
1.028
1.048
1.004
0.988
0.996
0.972
0.984
1.08
1.008
1.008
1.036
1.052
0.996
1
1.044
1.012
1.02
1.024
1.004
1.016
1.048
1.04
1.012
0.98
1.008
0.972
0.948
0.92
0.896
0.936
1.048
1.128
1.08
1.06
1.06
1.096
1.04
0.98
0.924
0.964
0.96
0.944
0.924
0.932
0.924
0.892
0.924
1.032
1.064
1.024
1.04
1.084
1.024
1.004
0.908
0.916
1.164
1.112
1.08
1.08
1.076
0.984
1.072
1.092
1.048
1.056
1.06
0.992
0.984
1.084
1.128
0.984
0.88
0.9
1.08
1.188
1.168
1.164
1.136
1.12
1.084
1.088
1.084
1.044
1.048
1.128
1.168
1.172
1.12
1.104
1.068
1.116
1.14
1.108
1.112
1.096
1.088
1.084
1.144
1.092
0.996
0.98
1.008
1.04
1.032
1.048
1.072
1.056
0.964
0.948
0.96
0.964
0.94
0.924
1
1.056
1.016
0.964
0.96
0.984
0.988
0.932
0.94
1.004
1.032
1.004
1.032
1.036
1.02
1.052
1.084
1.124
1.08
1.052
1.024
1.06
1.072
1.024
1.056
1.128
1.112
1.052
1.104
1.068
1.028
1.064
1.068
1.028
1.012
1.056
1.072
1.052
1.104
1.1
1.052
1.092
1.044
0.976
0.964
0.984
1.016
1.04
1.112
1.124
1.096
1.136
1.096
1.02
0.944
0.968
1.04
1.028
0.976
1.028
1.084
0.948
0.888
0.904
0.9
0.884
0.936
1.008
0.996
0.952
1.012
1.048
1.02
0.956
0.956
1.012
1.02
0.98
1.008
1.096
1.132
1.08
1.072
1.076
1.064
1.004
1.036
1.068
1.064
1.076
1.084
1.084
1.08
1.072
1.06
1.068
1.104
1.076
1.096
1.076
1.036
1.076
1.088
1.08
1.088
1.024
0.956
0.9
0.908
1.016
1.172
1.124
1.14
1.092
1.052
1.088
1.092
1.06
0.968
0.924
0.944
1.032
1
1.016
1.064
1.128
1.068
0.984
0.984
0.96
0.924
0.88
0.92
0.984
0.988
0.952
1.016
1.052
1.048
1.016
1.052
1.072
1.048
1.08
1.104
1.096
1.08
1.044
0.98
0.948
1.004
1.112
1.108
1.116
1.124
1.18
1.12
1.04
1.02
1.008
0.992
0.992
0.996
1.048
1.104
1.052
1.052
1.1
1.128
1.056
0.96
0.952
0.976
0.98
1.052
1.132
1.104
1.08
1.088
1.052
1.1
1.144
1.088
0.996
1.032
1.044
0.984
0.92
0.912
0.936
1.076
0.92
0.884
0.892
0.856
0.832
0.844
0.892
0.928
0.896
0.884
0.908
0.952
0.956
0.936
0.94
0.948
0.932
0.94
0.952
0.972
0.988
0.96
0.972
1.02
1.036
0.972
0.86
0.848
0.804
0.728
0.824
0.976
0.944
0.968
0.944
0.928
0.916
0.856
0.824
0.808
0.796
0.812
0.824
0.84
0.84
0.9
0.888
0.896
0.876
0.828
0.812
0.8
0.796
0.9
1.076
1.04
1.028
1.048
1.044
1.036
1.012
1.028
1.048
1.024
1.06
1.092
1.072
1.028
1.004
0.98
0.984
1.02
1.076
1.088
1.064
1.024
1.012
0.976
0.932
0.98
1.092
1.048
0.972
0.968
0.96
0.924
0.9
0.932
0.972
0.992
0.932
0.94
0.988
1.004
0.976
0.952
0.88
0.856
0.836
0.86
0.944
0.908
0.904
0.948
1.012
0.968
0.96
1.008
1.104
1.072
1.052
1.076
1.096
1.108
1.124
1.128
1.092
1.072
1.068
1.1
1.08
1.064
1.108
1.08
1.048
1.04
1.036
1.072
1.088
1.044
1.028
1.028
0.94
0.9
0.932
1.032
1.028
0.96
0.972
1.032
1.008
0.952
0.968
0.98
0.968
0.916
0.932
0.956
0.96
0.996
1.084
1.104
1.068
1.088
1.08
1.084
1.004
0.984
1.068
1.192
1.176
1.092
1.044
1.056
1.04
0.992
1.016
1.08
1.028
0.992
1.008
1.012
1.008
1.068
1.124
1.084
1.096
1.024
0.984
0.968
1.052
1.036
1.044
1.056
1.084
1.06
0.98
0.988
0.984
0.988
1.068
1.088
1.048
0.996
0.9
0.892
1.02
1.032
0.984
1.024
1.084
1.08
1.052
1.076
1.052
0.992
0.944
0.948
0.972
0.984
1.004
1.12
1.152
1.088
1.064
1.04
1.088
1.048
1.088
1.096
1.116
1.076
1.104
1.148
1.14
1.108
1.14
1.116
1.112
1.092
1.064
1.064
0.984
0.984
1.028
1.064
1.056
1.164
1.172
1.132
1.06
1.04
1.044
0.972
0.9
0.888
0.948
1.052
1.052
1.016
1.144
1.152
1.104
1.084
1.072
1.068
1.056
1.028
1.112
1.108
1.088
1.088
1.108
1.092
1.028
1.052
1.004
1.024
1.044
1.064
1.016
0.996
0.988
0.964
1.076
1.08
0.996
1.004
1.004
0.94
0.904
0.936
0.976
0.98
0.992
1
1.036
0.944
0.916
0.872
0.844
0.792
0.704
0.784
0.892
0.96
0.992
1.012
1
0.94
0.936
0.944
0.952
0.964
1.044
1.124
1.14
1.112
1.112
1.1
1.092
1.084
1.104
1.132
1.152
1.164
1.176
1.188
1.144
1.128
1.072
1.024
1.084
1.1
1.072
1
1.08
1.084
1.036
0.972
0.984
0.9
0.872
0.904
1.028
1.044
1.004
1.02
1.008
0.956
0.912
0.928
0.944
0.928
0.972
1.048
1.036
1.012
1.028
1.032
1.076
1.048
1.08
1.132
1.12
1.164
1.168
1.124
1.124
1.104
1.052
1.064
1.076
1.088
1.128
1.148
1.192
1.088
0.988
0.96
1.004
1.044
1.012
1.08
1.136
1.12
1.124
1.1
1.044
0.968
0.936
0.984
1.064
1.076
1.128
1.112
1.024
0.968
0.976
1.036
1.088
1.064
1.132
1.156
1.14
1.08
1.06
1.04
0.996
0.948
1.012
1.136
1.08
1.048
1.072
1.036
0.98
0.988
1.028
1.012
1.004
1.02
0.98
0.968
1.072
1.12
1.144
1.088
1.112
1.084
1.04
1.072
1.068
1.016
0.964
1.028
1.108
1.068
1.072
1.132
1.116
1.016
0.952
0.968
1.028
1.004
1
1.06
1.104
1.08
1.112
1.132
1.12
1.08
1.036
0.984
0.976
1.1
1.168
1.156
1.128
1.144
1.124
1.124
1.068
1.092
1.064
1.052
1.044
1.012
1.08
1.096
1.112
1.08
1.076
1.068
1.028
0.996
1.012
1.152
1.116
0.996
0.976
1.068
1.116
1.012
0.976
1.028
1.04
0.976
0.928
0.964
1
0.988
1.008
1.016
1.032
1.016
0.984
0.992
1.052
1.056
1.04
1.044
1.06
1.056
1.048
1.068
1.128
1.084
1.12
1.156
1.148
1.1
1.112
1.112
1.056
1.02
1.052
1.096
1.112
1.096
1.08
1.028
1.088
1.156
1.108
1.116
1.108
1.036
1.04
1.096
1.044
0.98
1
1.116
1.108
1.016
1.004
1.064
1.064
1.016
0.964
0.988
1.008
0.976
0.932
0.92
0.948
0.972
0.944
0.936
1
1.084
1.008
0.984
0.964
0.928
0.904
0.96
1.028
1.024
1.068
1.084
1.072
1.084
1.048
0.988
0.96
0.92
0.92
0.888
0.928
1.016
1.008
0.972
0.92
0.92
0.932
0.888
0.88
0.924
0.964
0.976
0.904
0.936
0.896
0.872
0.872
0.888
0.912
0.896
0.852
0.812
0.828
0.888
1.236
1.172
1.14
1.088
1.088
1.104
1.092
1.124
1.148
1.12
1.148
1.14
1.112
1.12
1.092
1.056
1.096
1.056
1.02
1.056
1.08
1.04
1.064
1.092
1.036
1.02
0.98
0.98
0.992
0.968
0.98
0.992
0.98
0.972
1.012
1.064
0.996
0.988
0.98
0.968
0.892
0.852
0.844
0.884
0.976
1.024
1.032
0.948
0.9
0.9
0.944
0.976
1.036
1.108
1.072
1.008
1.028
1.044
1.004
1.032
1.068
1.084
1.08
1.096
1.084
1.036
1.104
1.1
1.068
1.084
1.136
1.148
1.14
1.152
1.132
1.088
1.108
1.116
1.144
1.136
1.152
1.156
1.104
1.08
1.092
1.06
1.1
1.12
1.108
1.096
1.124
1.052
0.996
0.988
0.992
0.988
1.012
1.06
1.132
1.096
1.024
1.012
1.036
1.024
0.976
0.972
1
0.968
0.928
1.004
1.072
1.052
0.972
1
1.02
0.988
0.944
0.928
0.96
1
0.956
0.956
1.024
1.036
1.004
1.004
1.056
1.06
1.016
1.016
0.996
1.012
0.996
1.068
1.108
1.096
1.116
1.092
1.108
1.148
1.088
1.12
1.172
1.164
1.068
1.068
1.052
1.096
1.132
1.168
1.132
1.112
1.06
1.044
1.02
0.996
0.956
0.988
1.076
1.116
1.104
1
0.988
1.032
1.128
1.048
1.016
1.108
1.116
1.044
0.988
1.008
1.076
1.044
0.992
0.996
1.024
0.956
0.924
0.988
0.984
0.968
0.944
0.956
0.932
0.864
0.828
0.788
0.712
0.716
0.868
0.852
0.876
0.9
0.9
0.9
0.904
0.904
0.832
0.832
0.8
0.784
0.792
0.824
0.88
0.908
0.904
0.888
0.92
0.972
0.908
0.864
0.84
0.848
0.916
1.016
1.056
1.06
1.06
1.036
1.064
1.08
1.044
1.06
1.064
1.064
1.032
1.056
1.104
1.12
1.092
1.064
1.06
1.044
0.988
0.98
1.096
1.172
1.1
1.044
1.06
1.044
1.012
1.008
1.076
1.084
0.972
0.94
0.98
0.992
0.956
0.908
0.912
0.912
0.924
0.892
0.884
0.904
0.972
1.016
1.072
0.964
0.92
0.932
0.96
1.048
1.052
1.08
1.12
1.12
1.064
1.092
1.112
1.064
1.052
1.076
1.12
1.112
1.064
1.052
1.076
1.048
1.044
1.068
1.104
1.116
1.124
1.108
1.116
1.036
1.012
0.976
0.988
0.948
0.976
1.156
1.12
1.076
1.08
1.068
1.12
1.004
0.92
0.948
1.044
1.136
1.096
1.156
1.176
1.14
1.12
1.124
1.12
1.104
1.032
1.052
1.108
1.108
1.148
1.144
1.06
0.972
0.996
1.136
1.148
1.096
1.148
1.144
1.088
1.028
1.032
1.032
0.98
0.96
0.988
1.028
1.036
1.04
1.072
1.064
1.024
1.02
1.076
1.12
1.092
1.104
1.108
1.116
1.084
1.084
1.096
1.084
1.044
1.044
1.064
1.036
1.036
1.164
1.172
1.076
1.008
1.088
1.112
1.088
1
1.008
1.044
1.024
1.012
1.084
1.148
1.084
1.06
1.08
1.052
1.056
1.116
1.096
1.092
1.068
1.096
1.124
1.092
1.096
1.108
1.088
1.112
1.108
1.016
1.044
1.108
1.152
1.132
1.144
1.16
1.104
1.08
1.012
1.012
0.944
0.88
0.884
0.956
1.036
0.908
0.884
0.94
0.976
0.948
0.896
0.94
0.964
0.916
0.936
0.932
0.92
0.916
0.868
0.86
0.844
0.848
0.888
0.852
0.828
0.916
1.152
1.036
0.976
1.064
1.076
1.052
0.992
1.048
1.032
1.064
1.064
1.084
1.108
1.104
1.128
1.128
1.096
1.076
1.1
1.128
1.128
1.14
1.128
1.124
1.152
1.14
1.08
1.06
1.068
1.096
0.972
0.908
0.928
0.972
0.864
0.84
0.828
0.812
0.824
0.836
0.88
0.976
0.976
0.936
1.004
1.008
1.016
1.028
1.108
1.128
1.156
1.096
1.144
1.156
1.112
1.076
1.164
1.168
1.124
1.136
1.144
1.14
1.148
1.152
1.116
1.024
0.976
1.02
1.052
1.056
1.032
1.092
1.104
0.988
0.956
0.98
0.876
0.832
0.82
0.812
0.808
0.8
0.832
0.816
0.812
0.84
0.912
0.984
0.964
0.916
0.936
0.96
0.976
0.96
1.012
1.076
1.08
1.056
1.1
1.132
1.124
1.128
1.172
1.16
1.124
1.08
1.108
1.1
1.068
1.028
1.116
1.14
1.056
1.016
1.052
1.12
1.016
0.976
1.008
1.04
0.992
0.988
1.048
1.108
1.096
1.076
1.108
1.072
1.044
1.056
1.088
1.072
1.048
1.108
1.124
1.02
0.964
1.016
1.108
1.1
1.048
1.068
1.056
1.004
1.036
1.08
1.056
0.968
0.96
1.012
1.036
1.004
1.056
1.072
1.024
0.912
0.904
1.008
1.132
1.14
1.152
1.136
1.132
1.148
1.152
1.104
1.1
1.104
1.128
1.06
1.024
1.116
1.052
1.012
0.924
0.836
0.736
0.828
0.78
0.764
0.8
0.772
0.764
0.788
0.792
0.776
0.776
0.8
0.816
0.832
0.856
0.876
0.94
0.88
0.92
0.956
0.956
0.956
1.024
1.052
1.02
0.976
0.968
1.072
1.104
1.044
0.936
0.864
0.848
0.944
1.26
1.176
1.124
1.084
1.088
1.056
1.172
1.204
1.176
1.192
1.156
1.22
1.244
1.208
1.168
1.148
1.16
1.164
1.128
0.98
0.924
1.116
1.168
1.06
0.956
0.944
1.004
1.084
1.06
0.976
1.004
1.012
0.964
1.004
1.068
1.008
0.988
1.076
1.076
1.008
1.02
1.02
1.016
1.1
1.124
1.092
1.04
0.996
0.9
0.892
0.936
0.972
0.936
1.02
1.064
1.048
1.012
1.028
1.016
1.008
0.984
1.036
1.076
1.068
1.1
1.16
1.156
1.136
1.076
1.112
1.12
1.104
1.128
1.164
1.16
1.12
1.08
1.124
1.112
1.068
1.076
1.076
1.052
1.036
1.06
1.076
1.044
1.036
1.036
1.056
0.984
0.972
1.004
1
0.976
0.976
1.02
1.064
0.988
0.956
0.972
0.992
0.972
1.02
1.16
1.076
1.008
1.016
1.076
1.068
1.008
1.012
1.032
1.056
1.032
1.032
1.016
0.96
0.896
0.904
0.928
1.02
1.02
0.996
1.016
1.056
1.08
1.068
1.104
1.088
1.056
1.072
1.048
0.988
0.948
0.976
1.04
1.024
1.02
1.084
1.1
1.088
1.104
1.108
1.084
1.068
1.156
1.14
1.064
1.084
1.08
1.096
0.98
0.96
1.008
0.996
0.948
0.972
0.968
0.872
0.832
0.812
0.792
0.82
0.848
0.816
0.82
0.86
0.884
0.896
0.984
1.004
0.98
0.944
0.968
1.052
1.02
0.988
1.032
1.056
0.996
1
1.084
1.056
1.052
1.076
1.096
1.052
1.052
1.076
1.076
1.056
1.012
0.964
0.948
0.888
0.888
0.932
1.016
1.032
0.948
0.964
0.948
0.976
0.896
0.824
0.716
0.812
0.796
0.8
0.812
0.748
0.816
0.732
0.8
0.792
0.8
0.828
0.896
0.92
0.9
0.88
0.864
0.844
0.852
0.884
0.896
0.992
1.076
1.108
1.136
1.132
1.116
1.088
1.024
0.976
0.988
0.952
0.932
0.928
0.88
0.872
0.896
0.948
0.932
0.904
0.916
0.952
0.972
0.916
0.88
0.892
0.88
0.9
0.888
0.916
1.024
1.036
0.972
0.976
0.976
0.984
0.936
0.996
1.032
0.948
0.992
1.068
1.06
1.044
1.04
1.02
0.996
1.004
1.024
0.996
1.016
1.032
1.012
1.044
0.996
0.956
0.912
0.952
1.1
1.084
1.084
1.044
0.932
0.888
0.852
0.868
0.872
0.856
0.82
0.852
0.928
0.904
0.852
0.828
0.82
0.808
0.836
0.9
0.868
0.9
0.992
1
1.008
1.06
1.064
1.004
0.984
0.968
0.964
0.928
0.976
1.024
1.064
1.068
1.096
1.132
1.108
1.04
1.056
1.048
1.048
1.112
1.132
1.144
1.144
1.128
1.124
1.08
1.024
1.064
1.136
1.036
0.976
0.956
1.028
1
0.964
0.912
0.896
0.932
0.916
0.892
0.932
0.964
0.908
0.88
0.896
0.908
0.896
0.9
0.956
1.028
0.976
0.992
1.064
1.052
1.012
1.004
1.044
1.104
1.052
0.968
0.924
0.928
1.016
1.088
1.12
1.06
1.056
1.048
1.024
1.064
1.072
1.032
1.028
1.028
1.056
1.016
1.02
1.024
1.004
1.008
1.032
1.056
1.016
1.048
1.048
1.072
1.048
1.096
1.116
1.096
1.16
1.016
0.936
0.916
0.968
1.04
1.06
1.084
1.124
1.068
1.04
1.02
1.008
0.98
1.004
1.032
1.04
1.096
1.084
1.024
0.992
1.008
1.012
0.98
1.036
1.1
1.084
1.08
1.06
1.048
1.072
1.152
1.116
1.124
1.108
1.112
1.088
1.096
1.04
1
1.016
1.008
1.028
1.104
1.148
1.132
1.076
1
0.932
0.948
1.02
1.036
1.028
1.008
1.032
0.964
0.936
0.888
0.86
0.876
0.908
0.908
0.884
0.872
0.912
0.94
0.908
0.916
0.884
0.852
0.88
0.94
0.92
0.968
1.052
1.036
1.008
1.032
1.036
0.992
1.036
1.064
1.02
1.044
1.048
1.056
1.012
1.072
1.124
1.06
1.048
1.064
1.056
0.992
1.024
1.084
1.08
1.132
1.16
1.136
1.08
1.02
1.008
1.02
1.116
1.104
1.152
1.144
1.076
0.996
0.98
0.992
0.996
0.996
1.092
1.124
1.088
1.108
1.092
1.092
1.108
1.112
1.064
0.996
0.996
1.068
1.124
1.088
1.216
1.156
1.024
0.96
0.972
1.004
0.912
0.904
0.948
0.964
0.876
0.888
0.896
0.884
0.864
0.812
0.732
0.732
0.808
0.812
0.812
0.844
0.908
0.96
0.98
0.964
0.904
0.904
0.888
0.88
0.864
0.888
0.916
0.976
0.988
1.02
1.044
1.12
1.112
1.08
1.132
1.08
1.036
1.032
1.036
1.092
1.144
1.108
1.1
1.084
1.056
1.032
1.076
1.08
1.028
1.036
1.104
1.092
1.04
1.084
1.064
1.028
0.956
0.932
0.992
0.988
0.976
1.124
1.176
1.112
1.144
1.136
1.096
1.076
1.108
1.136
1.152
1.152
1.136
1.108
1.128
1.108
1.024
1.06
0.984
0.932
0.94
1.072
1.16
1.048
1.008
1.016
1.032
0.952
0.912
0.94
1.056
1.028
1
1.048
1.028
0.972
0.984
1.004
0.98
0.952
0.988
1.028
1.036
1
1.032
1.068
1.012
1.052
1.048
1.02
1.04
1.084
1.064
1.132
1.1
1.068
1.076
1.1
1.076
1.044
1.004
0.988
1.088
1.112
1.136
1.172
1.088
1.076
1.108
1.096
1.084
1.116
1.108
1.016
1.028
1.076
1.072
0.988
0.968
1
1.048
0.968
0.992
1.072
1.096
1.024
0.992
0.992
1.004
0.932
0.952
1.032
1.048
1.092
1.14
1.152
1.132
1.112
1.096
0.996
1.044
1.136
1.14
1.228
1.22
1.172
1.156
1.16
1.052
0.96
1.016
0.992
0.928
0.916
0.976
1.184
1.088
0.968
0.892
0.848
0.856
0.892
0.88
0.872
0.888
0.904
0.876
0.888
0.932
1.064
0.992
0.96
0.98
0.972
0.908
0.932
0.992
1.036
0.964
0.928
1.068
1.116
1.04
1.036
1.036
1.008
1.048
1.088
1.132
1.128
1.064
1.032
1.032
1.044
1.096
1.108
1.012
0.996
1.036
1.02
0.996
1.088
1.156
1.06
0.992
0.904
0.876
0.82
0.728
0.704
0.828
0.828
1.152
1.024
0.932
0.892
0.884
0.88
0.916
0.912
0.936
1.02
1.108
0.952
0.972
1.164
1.216
1.144
1.1
1.168
1.24
1.236
1.196
1.169073
1.2
1.188
1.088
1.076
1.068
1.068
1.056
0.996
0.928
0.868
0.868
0.9
1.112
1.1
1.036
1.004
0.972
0.94
0.964
1.012
1.028
1.112
1.12
1.072
1.044
1.02
1.036
1.056
1.076
1.072
1.116
1.064
1.052
1.056
1.036
0.976
1.04
1.044
1.028
1.016
1.024
1.036
0.984
1.008
1.016
1
0.98
1.016
1.032
1.012
1.06
1.092
1.104
1.096
1.064
1.056
1.016
1.048
1.092
1.124
1.116
1.1
1.112
1.036
0.944
0.964
1.036
1.144
1.12
1.144
1.136
1.04
1.072
1.092
1.1
1.04
0.96
0.964
0.968
0.94
0.916
1.012
1.116
1.052
0.976
0.96
0.972
0.964
0.912
0.9
0.912
0.916
0.888
0.876
0.844
0.848
1.068
1.132
1
1
1.064
1.076
1.016
0.992
1.044
1.056
1.02
0.98
0.94
0.884
0.892
1.128
1.092
1.044
1.096
1.1
1.068
1.084
1.116
1.088
1.084
1.148
1.128
1.048
1.008
1.06
1.1
1.056
1.008
1.048
1.072
0.948
0.924
1.028
1.108
1.088
1.072
1.104
1.096
1.068
1.084
1.08
1.052
1.056
1.036
1.064
1.084
1.132
1.164
1.1
1.016
0.992
1.012
1.016
1.004
1.064
1.1
1.06
0.964
0.928
0.956
0.972
0.948
0.912
0.948
0.98
0.992
0.964
0.9
0.856
0.852
0.92
0.912
0.968
1.016
0.96
0.996
0.98
0.932
0.94
0.924
0.896
0.94
1.04
1.028
1.016
1.064
1.044
0.992
1.012
1.052
1.104
1.06
1.08
1.048
1.08
1.096
1.112
1.048
1.044
1.104
1.104
1.096
1.124
1.108
1.024
1.08
1.088
1.024
1.076
1.132
1.1
1.112
1.104
1.088
1.084
1.108
1.092
1.092
1.104
1.088
1.104
1.12
1.16
1.144
1.132
1.136
1.084
1.036
1.06
1.076
1.012
1.032
1.084
1.108
1.064
0.992
0.916
0.892
0.836
0.808
0.832
0.884
0.932
0.944
0.892
0.844
0.848
0.904
0.992
0.976
1.036
1.132
1.108
1.088
1.072
1.076
1.004
0.996
1.1
1.164
1.012
0.884
0.808
0.712
0.732
0.824
0.784
0.812
0.812
0.812
0.804
0.824
0.852
0.876
0.864
0.832
0.832
0.824
0.808
0.8
0.824
0.84
0.876
0.98
1.052
1.052
1.088
1.112
1.156
1.096
1.048
1.156
1.128
1.088
1.184
1.18
1.156
1.044
1.052
1.12
1.068
1.044
1.112
1.152
1.044
1.032
1.072
1.104
1.064
1.12
1.12
1.112
1.004
1.004
1.016
0.996
0.98
1.12
1.22
1.164
1.084
1.128
1.164
1.132
1.136
1.132
1.096
1.104
1.072
1.028
0.988
1.12
1.168
1.168
1.124
1.096
1.02
0.996
1.072
1.124
1.048
1.028
1.068
1.096
0.956
0.868
0.832
0.816
0.868
0.884
0.84
0.852
0.828
0.828
0.864
1
0.94
0.956
1
1
0.948
0.98
1.024
1
1.008
1.036
1.036
1.004
1.024
1.02
1.012
0.944
0.988
1.044
1.08
1.052
1.056
1.084
1.072
1.092
1.168
1.136
1.092
1.14
1.152
1.044
1.076
1.124
1.136
1.148
1.172
1.148
1.104
1.144
1.132
1.16
1.088
1.028
1.004
1.076
0.972
0.908
0.848
0.86
0.912
1.18
0.996
0.928
0.972
0.956
0.88
0.872
0.844
0.82
0.832
0.92
0.996
0.948
1.004
1.052
0.968
0.92
0.872
0.844
0.836
0.88
0.976
1.076
1.136
1.096
1.024
1.068
1.084
1.068
1.06
1.1
1.052
1.004
1.06
1.116
1.116
1.156
1.136
1.096
1.032
1.068
1.108
1.132
1.16
1.152
1.128
0.996
0.972
0.972
1.156
1.132
1.212
1.208
1.14
1.156
1.176
1.108
1.052
1.028
1.092
1.056
1.1
1.152
1.144
1.02
0.94
0.888
0.836
0.828
0.976
0.952
0.972
1.144
1.124
1.088
1.068
1.084
1.072
0.988
0.928
0.912
0.936
0.968
0.944
0.936
0.992
1.032
0.96
0.928
0.932
0.952
0.952
1.04
1.12
1.092
1.076
1.124
1.1
1.024
1.052
1.116
1.108
1.152
1.156
1.112
1.08
1.144
1.12
1.08
1.108
1.116
1.052
1.056
1.128
1.144
1.056
1.084
1.068
1.032
1.044
1.124
1.144
1.136
1.064
1.06
1.064
1.064
1.06
1.2
1.204
1.16
1.136
1.152
1.112
1.076
0.96
0.932
1.004
1.172
1.056
1
1.052
1.032
0.988
0.984
0.984
1.004
0.988
1.04
1.12
1.084
1.072
1.108
1.028
0.984
0.988
1.096
1.22
1.168
1.152
1.124
1.136
1.08
1.012
1.036
1.116
1.1
1.028
1.068
1.06
1.016
0.972
0.976
0.984
0.944
0.956
1.008
1.048
1.072
1.096
1.076
1.044
1.052
1.088
1.1
1.044
1.056
1.028
1.072
1.072
1.016
1.036
1.04
0.972
0.916
0.932
0.944
0.952
0.916
0.944
1.04
1.008
0.952
0.968
0.988
0.984
1.056
1.1
1.092
1.076
1.108
1.092
1.056
1.016
0.992
1.076
1.12
1.1
1
0.976
1.02
0.984
0.952
1.028
1.104
1
0.956
0.956
0.976
0.936
0.908
0.936
0.996
0.996
1.032
1.108
1.084
1.08
1.088
1.108
1.064
0.972
0.952
0.972
1.048
1.104
1.176
1.088
0.992
0.936
0.968
1.056
1.096
1.184
1.184
1.176
1.092
1.036
1.032
1.024
0.976
0.968
0.98
0.984
0.952
0.968
1.02
0.992
0.96
1.02
1.052
1.04
0.988
0.888
0.816
0.708
0.724
0.784
0.68
0.688
0.684
0.676
0.68
0.748
0.792
0.828
0.8
0.772
0.78
0.764
0.736
0.692
0.752
0.724
0.744
0.808
0.812
0.856
0.908
0.976
1.068
1.144
1.176
1.164
1.124
1.14
1.16
1.172
1.196
1.152
1.08
0.964
1.056
1.212
1.12
1.08
1.08
0.952
0.892
0.892
0.844
0.876
0.94
0.9
0.908
0.876
0.832
0.82
0.82
0.84
0.928
1.04
0.968
0.98
1.052
1.084
1.008
1.04
1.064
1.024
0.976
1.056
1.088
1.06
0.988
1.032
1.076
1.1
1.092
1.176
1.184
1.184
1.136
1.044
1.052
1.124
1.152
1.18
1.128
1.064
1.068
1.064
0.984
0.964
0.96
0.952
0.912
0.94
0.88
0.86
0.864
1.004
0.996
0.976
1.044
1.056
1.02
0.984
1.008
1.112
1.132
1.136
1.148
1.164
1.14
1.08
1.02
1.1
1.14
1.18
1.164
1.096
1.096
1.136
1.184
1.112
0.992
0.956
0.972
1.052
1.004
1.028
1.112
1.112
1.092
1.12
1.128
1.076
1.036
1.056
1.032
1.008
1.028
1.216
1.192
1.128
0.992
1.012
1.032
1.016
1.024
1.188
1.188
1.072
1.072
1.068
1
0.996
1.02
1.016
1.032
1.104
1.152
1.128
1.068
0.996
0.948
0.956
1.024
1.088
1.136
1.216
1.22
1.172
1.108
1.08
0.944
0.856
0.816
0.8
0.792
0.796
0.696
0.724
0.8
0.784
0.776
0.78
0.804
0.84
0.848
0.82
0.828
0.832
0.836
0.824
0.832
0.824
0.852
0.832
0.836
0.852
0.856
0.892
0.868
0.876
0.908
0.932
0.872
0.852
0.82
0.816
0.848
1.116
0.968
0.932
0.988
1.004
0.932
0.948
0.948
0.984
0.956
0.96
0.992
1
0.948
0.94
0.948
0.944
0.856
0.852
0.884
1.04
0.956
0.96
0.976
0.984
0.924
0.952
1.048
1.048
1.08
1.008
1.048
1.12
1.088
1.14
1.084
1.056
1.016
1.144
1.2
1.096
1.104
1.12
1.08
1.1
1.128
1.136
1.168
1.18
1.12
1.104
1.164
1.196
1.124
1.168
1.196
1.112
1.148
1.156
1.104
1.028
1.06
1.056
0.988
0.964
1.012
1.124
1.016
0.964
1.104
1.12
1.104
1.096
1.108
1.136
1.076
1.052
1.052
1
1.048
1.16
1.196
1.156
1.18
1.184
1.176
1.148
1.172
1.188
1.044
0.996
0.98
1.056
1.108
1.108
1.128
1.108
1.012
0.936
0.916
0.916
0.908
0.844
0.868
1.024
1.032
1.004
1.044
1.044
1.004
0.964
0.988
0.992
0.972
0.972
0.992
1.012
0.996
1.06
1.072
1.044
1.092
1.112
1.108
1.064
1.096
1.056
1.036
1.104
1.124
1.088
1.016
0.904
0.84
0.804
0.836
0.916
1.032
0.968
0.98
1.06
1.06
0.968
0.932
0.92
0.94
0.9
0.924
1.028
1.064
1.048
1.028
1.06
1.052
0.996
1.044
1.044
1.088
1.04
1.08
1.124
1.112
1.112
1.136
1.18
1.148
1.168
1.18
1.152
1.14
1.128
1.128
1.164
1.2
1.148
1.14
1.176
1.14
1.14
1.184
1.172
1.136
1.092
1.136
1.192
1.088
1.04
1.076
1.092
1.046516
0.792
0.8
0.84
0.916
0.888
0.884
0.868
0.876
0.844
0.796
0.8
0.796
0.8
0.84
0.88
0.904
0.884
0.892
0.912
0.936
0.916
0.948
0.996
1.004
0.96
0.988
1
0.96
0.896
0.86
0.936
1.208
1.172
1.2
1.184
1.188
1.176
1.136
1.148
1.164
1.164
1.2
1.192
1.168
1.12
1.108
1.088
1.076
1.088
1.184
1.184
1.1
1.168
1.18
1.076
0.956
0.94
0.988
1
0.968
1.04
1.168
1.072
1.004
1.064
1.092
1.016
0.976
0.944
0.956
0.916
0.94
1.056
0.968
0.9
0.896
1.2
1.132
1.084
1.004
0.916
0.904
0.944
0.924
0.892
0.976
1.124
1.112
1.108
1.012
0.92
0.932
1.08
1.104
1.04
1.076
1.168
1.172
1.172
1.196
1.164
1.096
1.136
1.152
1.156
1.188
1.148
1.132
1.132
1.132
1.064
1.028
1.06
1.088
1.196
1.204
1.136
1.1
1.152
1.148
1.032
1.06
1.184
1.164
1.148
1.132
1.152
1.128
1.068
1.06
1.06
1.04
1.112
1.152
1.128
1.076
1.12
1.088
1.06
1.024
1.092
1.148
1.076
1.012
1.032
1.072
1.072
1.004
0.976
0.956
1.052
1.132
1.104
1.092
1.104
1.068
1.104
1.14
1.108
0.996
1
1.016
1.012
1.072
1.14
1.096
1.044
1.04
1.144
1.136
1.072
1.092
1.12
1.124
1.164
1.16
1.156
1.148
1.176
1.132
1.088
1.1
1.136
1.144
1.2
1.224
1.204
1.204
1.108
1.06
0.984
1.12
1.2
1.184
1.188
1.204
1.18
1.128
1.152
1.088
1.064
1.08
1.164
1.14
1.108
1.144
1.164
1.12
1.132
1.004
0.904
0.876
1.092
1.02
1.016
1.024
0.98
0.896
0.832
0.816
0.78
0.696
0.676
0.784
0.752
0.748
0.692
0.844
0.884
0.896
0.824
0.804
0.82
0.82
0.792
0.792
0.792
0.78
0.788
0.792
0.828
0.828
0.972
1.12
1.104
1
0.936
1.044
1.152
1.06
1.132
1.116
1.04
0.972
0.92
0.868
0.884
1.208
1.136
1.164
1.128
1.084
1.14
1.12
1.108
1.148
1.168
1.168
1.188
1.176
1.164
1.156
1.2
1.2
1.084
0.992
1.076
1.224
1.232
1.208
1.208
1.204
1.172
1.028
1.016
1.044
1.02
1.02
1.164
1.168
1.056
1.056
1.124
1.092
1.072
1.112
1.124
1.088
1.032
1.068
1.076
1.112
1.164
1.168
1.12
1.18
1.196
1.188
1.212
1.176
1.056
1.12
1.192
1.144
1.072
1.08
1.064
1.036
1.068
1.064
0.956
0.94
0.988
1.104
1.064
1.056
1
0.968
0.948
0.972
0.928
0.9
0.944
1.076
1.064
1.04
1.056
1.056
1.012
1
1.004
1.012
0.976
1.044
1.112
1.084
1.072
1.128
1.116
1.112
1.12
0.976
0.944
0.968
1.032
1.036
0.996
1.016
0.976
1.032
1.064
1.044
1.048
1.112
1.112
1.08
1.124
1.096
1.092
1.136
1.124
1.116
1.092
1.012
1.04
1.172
1.196
1.212
1.212
1.232
1.128
1.072
1.12
1.164
1.04
0.932
0.92
1.032
1.14
1.032
1.112
1.164
1.124
1.044
1.096
1.108
1.04
0.984
0.996
0.876
0.836
0.808
0.804
0.888
1.192
1.116
1.168
1.124
1.076
1.088
1.092
1.036
1.128
1.136
1.084
1.084
1.16
1.104
1.048
1.104
1.116
1.092
1.076
1.088
0.956
0.916
0.928
1.08
1.02
1.108
1.196
1.112
1.044
1.052
0.94
0.928
0.928
0.924
1.132
1.152
1.028
1.012
1.004
1.036
1.028
1.016
1.052
0.98
1.028
1.032
1.008
0.972
0.992
1.036
1.028
1.032
1.096
1.08
1.06
1.1
1.116
1.044
1.056
1.076
1.036
1.012
0.944
0.852
0.824
1.012
1.212
1.14
1.064
1.012
1.104
1.112
1.12
1.108
1.084
1.112
1.136
1.128
1.1
1.052
1.08
1.136
1.096
1.052
1.104
1.152
1.024
0.98
1.06
1.192
1.104
1.076
1.112
1.056
0.952
0.872
0.86
1.036
1.052
1.1
1.148
1.132
1.128
1.076
1.148
1.164
1.184
1.156
1.152
1.188
1.196
1.176
1.208
1.204
1.18
1.188
1.208
1.208
1.168
1.056
1.048
1.124
1.18
1.128
1.144
1.148
1.12
1.092
1.128
1.1
1.06
1.096
1.044
1.036
1.144
1.16
1.072
0.992
1.036
1.08
1.092
1.088
1.152
1.14
1.088
1.092
1.076
1.048
0.976
1.064
1.028
0.996
1.076
1.132
1.088
1.012
1.016
1.036
0.948
0.912
0.892
0.84
0.84
0.936
0.924
0.924
0.992
1.032
0.972
0.988
1.032
1.032
0.968
0.964
0.984
0.98
0.968
1
1.028
0.96
0.932
0.968
1.052
1.072
1.02
1.044
1.048
1.02
0.964
0.96
0.98
0.98
0.948
0.968
1.024
1.04
1
1.016
1.048
1.016
0.988
1
1.044
0.98
1
1.056
1.04
1
1.056
1.1
1.064
1.08
1.116
1.072
1.116
1.136
1.14
1.072
1.12
1.168
1.164
1.192
1.144
1.148
1.132
1.044
0.976
0.996
1.08
1.088
1.176
1.152
1.076
0.976
0.948
0.956
0.896
0.892
0.952
0.98
0.916
0.88
0.904
0.972
0.976
0.94
1.02
1.036
1.024
1.024
1.072
1.06
0.984
0.968
1.02
1.084
1.04
1.068
1.148
1.124
1.128
1.1
1.104
1.12
1.14
1.152
1.188
1.188
1.104
1.056
1.104
1.16
1.124
1.144
1.144
1.144
1.064
1.104
1.2
1.148
1.052
1.12
1.16
1.068
0.984
0.98
0.984
0.892
0.86
0.892
0.944
0.996
0.968
0.936
0.896
0.836
0.808
0.716
0.816
0.844
0.932
0.936
0.868
0.876
0.976
1.016
1.012
0.952
0.948
0.972
1.004
0.86
0.832
0.848
0.884
0.964
1.036
1.024
1.016
1.028
1.084
1.04
1.032
1.076
1.052
1.112
1.068
1.108
1.072
1.052
1.004
1.044
1.044
1.024
0.968
1.04
1.068
1.06
1
0.972
1.004
1.056
1.08
1.032
1.076
1.116
1.092
1.12
1.164
1.156
1.188
1.14
1.036
1.048
1.028
0.976
0.988
0.952
0.928
0.992
1.092
1.04
1.036
1
0.956
0.984
1.008
0.992
1.032
1.088
1.056
1.004
1.08
1.088
1.076
1.144
1.14
1.136
1.152
1.112
1.084
1.132
1.14
1.112
1.056
1.008
1.028
1.024
0.98
1.008
1.052
1.036
0.972
0.972
0.96
0.92
0.872
0.892
0.92
0.936
0.908
0.98
1.052
1.012
0.944
0.94
0.944
0.92
0.94
1.016
1.036
0.92
0.94
1.04
1.056
0.98
1.008
1.084
1.128
1.08
1.104
1.072
1.06
1.084
1.032
0.96
0.988
1.036
1.04
0.992
1.028
1.064
1.028
1.028
1.072
1.056
1.06
1.048
1.048
1.028
1.064
1.056
1.044
1.084
1.112
1.116
1.12
1.144
1.132
1.136
1.172
1.168
1.148
1.124
1.112
1.136
1.136
1.076
0.988
1.024
1.092
1.004
0.952
1.024
1.048
0.984
0.96
0.976
0.976
0.96
0.896
0.864
0.892
1.004
1.052
1.028
1.032
1.092
1.072
1.02
1.012
1.02
0.988
0.928
0.968
1.024
1.064
1.052
1.116
1.148
1.112
1.124
1.156
1.1
1.116
1.112
1.092
1.016
0.9
0.868
1.012
1.024
1.128
1.148
1.068
0.988
1.016
1.028
1.028
0.992
0.984
1.004
0.96
0.952
1.04
1.092
1.1
1.124
1.112
1.068
1.076
1.072
1.056
1.072
1.06
1.016
0.964
1.012
1.084
1.024
1.02
1.068
1.06
0.992
1.024
1.064
1.064
1.064
1.076
1.032
0.988
0.932
0.94
0.96
1.024
0.992
1.04
1.02
0.936
0.94
0.88
0.832
0.784
0.76
0.688
0.692
0.676
0.672
0.652
0.656
0.732
0.732
0.82
0.86
0.88
0.816
0.808
0.804
0.84
0.832
0.816
0.808
0.804
0.808
0.832
0.852
0.828
0.824
0.808
0.784
0.832
1.056
1.136
1.28
1.176
1.116
1.212
1.208
1.14
1.064
0.992
1.02
1.216
1.092
1.22
1.232
1.204
1.18
1.172
1.14
1.036
1.072
0.992
0.968
0.876
0.92
1.072
1.116
1.076
0.952
0.888
0.832
0.828
0.924
1.04
1.004
1.08
1.096
1.076
0.996
0.984
1.06
1.128
1.168
1.128
1.124
1.152
1.164
1.088
1.056
1.156
1.18
1.116
1.096
1.14
1.144
1.136
1.164
1.16
1.144
1.116
1.156
1.148
1.064
0.964
0.984
1.084
1.076
0.976
0.984
1.064
1.108
1.024
0.976
0.984
0.988
0.96
0.924
0.944
1.02
1.072
1.036
0.996
1.028
1.024
0.988
0.964
0.96
0.86
0.816
0.804
0.828
0.864
0.844
0.86
1.044
1.048
1.068
1.124
1.08
1.016
0.996
0.952
0.86
0.828
0.856
1.016
0.948
0.904
0.912
0.956
0.968
0.9
0.916
0.86
0.804
0.78
0.692
0.692
0.78
0.66
0.776
0.732
0.732
0.668
0.7
0.696
0.748
0.732
0.748
0.756
0.764
0.752
0.748
0.764
0.82
0.884
0.96
1.016
1.016
1.004
0.944
1.096
1.18
1.108
0.944
0.856
0.824
0.876
0.996
0.992
1.12
1.128
1.056
0.94
0.912
0.908
0.876
0.844
0.812
0.78
0.784
0.808
1.012
1.112
1.08
0.948
0.888
0.896
0.972
0.896
0.964
1.084
1.136
1.08
0.98
1
1.076
1.16
1.148
1.072
1.068
1.08
1.084
1.024
1.084
1.176
1.172
1.084
1.08
1.06
0.944
0.948
0.96
0.964
0.968
0.94
0.924
0.912
0.948
0.888
0.884
0.928
0.908
0.86
0.956
1.008
1.02
0.96
0.928
0.912
0.872
0.924
0.908
0.908
0.848
0.832
0.824
0.884
0.988
1.008
0.968
0.972
0.968
0.92
0.884
0.976
1.04
1.092
1.096
1.056
0.932
0.9
0.9
0.944
0.956
0.984
0.996
0.976
0.972
0.976
0.976
0.932
0.988
1
1.004
0.916
0.904
0.904
0.956
0.916
0.944
0.944
0.896
0.92
1.036
1.064
1.068
1.02
0.992
0.976
0.984
1
1.02
0.968
1.004
1.1
1.156
1.128
1.056
1.088
1.068
1.08
1.032
1.02
0.992
0.944
0.868
0.86
0.852
0.808
0.792
0.808
0.892
0.968
1.06
1.032
0.98
0.956
0.96
0.988
0.936
0.884
0.876
0.92
0.916
0.952
1.036
1.06
1.016
1.024
1
0.952
0.952
0.972
1.028
1.088
1.12
1.084
1.036
0.992
1.036
1.024
1.008
0.948
0.944
0.94
0.912
0.944
0.988
0.976
0.992
0.976
1.008
0.952
0.964
0.972
0.94
0.92
0.876
0.872
0.872
0.896
0.88
0.872
0.896
0.88
0.856
0.86
0.884
0.968
0.944
0.932
0.944
0.968
0.9
0.9
0.948
1.06
1.048
1.092
1.108
1.056
1.044
0.996
0.976
1
1.076
1.088
0.988
1.004
1.1
1.128
1.056
1.016
1.02
1.088
1.072
0.932
0.892
0.856
0.884
0.956
1.096
1.056
0.972
0.932
0.932
0.996
1.048
1.004
1.092
1.084
1.02
0.98
0.984
1
1.008
1.032
1.036
1.032
1.004
1.008
1.044
1.024
0.992
0.996
0.984
0.976
1.012
1.028
1.048
1.088
1.032
1.024
1.048
1.052
1.052
0.932
0.888
0.924
1.088
1.084
1.012
1.112
1.1
1.064
1.024
0.932
0.884
0.832
0.848
0.912
1.008
1.024
0.896
0.82
0.792
0.792
0.784
0.788
0.804
0.82
0.824
0.816
0.808
0.876
0.94
0.984
0.996
0.996
0.936
0.896
0.92
0.948
0.968
0.964
1.04
1.044
0.88
0.856
0.872
0.988
1.056
1.072
1.004
0.988
0.968
0.916
0.892
0.844
0.824
0.868
1.104
1.052
0.98
0.988
1
0.988
0.924
0.948
1.06
1.092
1.032
1.032
1.044
1.024
0.996
1.092
1.064
1
0.868
0.808
0.704
0.708
0.796
0.692
0.696
0.756
0.676
0.752
0.716
0.656
0.676
0.68
0.732
0.732
0.768
0.752
0.744
0.752
0.78
0.816
0.792
0.76
0.78
0.812
0.808
0.828
0.892
0.928
0.916
0.964
1.04
1.072
1.048
1.036
0.984
0.952
0.928
1.008
1.072
1.032
1
0.932
0.864
0.832
0.876
1.004
1.084
1.084
1.028
0.98
0.908
0.892
0.924
0.988
1.06
0.94
0.896
0.884
0.924
0.972
1.012
0.964
1
1.072
1.076
1.024
0.944
0.892
0.888
0.908
0.916
0.92
0.976
1.052
1.056
0.988
0.944
0.936
0.868
0.812
0.784
0.764
0.76
0.86
1.144
1.036
0.996
1.004
0.996
0.964
0.9
0.888
0.912
0.956
1.036
1.02
1.084
1.064
1.004
0.968
0.972
0.98
1.016
0.976
1
1
0.96
0.948
1.016
1.056
1.052
1
1.008
0.984
0.94
0.908
0.92
0.96
0.948
0.876
0.84
0.856
0.952
0.996
0.968
0.856
0.828
0.804
0.808
0.788
0.8
0.824
0.876
0.856
0.852
0.852
0.892
0.9
0.864
0.848
0.86
0.9
0.944
0.972
0.908
0.884
0.904
0.932
0.964
1.008
1.028
1.02
0.972
0.94
0.936
0.948
0.932
0.992
1.076
1.036
0.96
0.932
0.92
0.888
0.852
0.9
1.016
1.06
1.04
0.964
0.904
0.844
0.792
0.776
0.808
0.968
0.968
0.96
1.02
1.052
1.012
0.936
0.924
0.924
0.888
0.9
0.948
1.04
1
1.048
1.072
1.028
0.972
0.984
0.992
0.988
0.972
0.98
1.024
1.04
1.008
1.024
1.016
0.956
0.932
0.936
0.944
0.896
0.868
0.916
0.996
1.068
1.076
1.048
1.008
0.936
0.956
0.932
0.908
0.9
0.912
0.916
0.916
0.876
0.916
0.968
0.976
0.928
0.88
0.84
0.8
0.78
0.776
0.816
0.812
0.868
0.944
0.848
0.828
0.8
0.78
0.772
0.752
0.772
0.752
0.8
0.8
0.784
0.756
0.744
0.724
0.708
0.64
