0.84
0.896
0.9
0.952
1.216
1.124
1.096
1.204
1.092
0.992
1.028
1.176
1.076
1.024
1.048
1.256
1.148
1.072
1.24
1.204
1.112
0.98
0.96
1.072
0.968
0.928
0.88
0.844
0.948
1.08
0.972
0.872
0.884
1
0.96
1.072
1.036
0.948
0.996
0.952
0.904
0.956
1.072
1.164
1.104
1.084
1.128
1.024
0.992
0.912
0.944
1.1
1.256
1.256
1.076
1.088
1.208
1.156
1.132
1.224
1.188
1.088
1.084
1.144
1.152
1.056
1.144
1.208
1.132
1.104
1.188
1.084
1.172
1.296
1.156
1.12
1.02
1.032
1.232
1.264
1.16
1.276
1.268
1.208
1.26
1.268
1.192
1.136
1.244
1.248
1.188
1.184
1.312
1.26
1.108
1.228
1.384
1.244
1.12
1.336
1.444
1.34
1.228
1.368
1.352
1.26
1.252
1.216
1.188
1.064
1.056
1.048
1.04
0.94
0.868
0.884
0.884
0.94
1.008
0.972
1.032
1.08
1.124
0.988
1.064
1.152
1.164
1.124
1.032
1.076
1.16
1.224
1.092
0.948
0.884
0.864
1.084
1.228
1.08
1.168
1.368
1.26
1.172
1.2
1.224
1.156
1.248
1.236
1.092
1.092
1.408
1.208
1.072
1.22
1.2
1.14
1.216
1.404
1.276
1.132
1.228
1.22
1.08
1.212
1.352
1.252
1.184
1.296
1.348
1.192
1.24
1.188
1.184
1.14
1.172
1.112
0.968
0.988
1.076
1.212
1.168
1.244
1.304
1.216
1.14
1.204
1.168
1.072
1.16
1.328
1.24
1.108
1.128
1.364
1.284
1.112
1.284
1.24
1.192
1.136
1.256
1.24
1.172
1.044
1.108
1.28
1.26
1.156
1.196
1.152
1.044
0.988
1.1
1.164
1.14
1.064
1.26
1.244
1.104
1.052
1.12
1.204
1.192
1.124
1.188
1.132
1.036
1.216
1.316
1.144
0.976
1.068
1.232
1.192
1.232
1.18
1.032
0.944
0.988
1.284
1.3
1.108
1.124
1.116
1.304
1.272
1.18
1.08
1.196
1.26
1.184
1.14
1.296
1.236
1.168
1.128
1.176
1.124
1.116
1.288
1.28
1.184
1.236
1.24
1.076
1.008
1.156
1.304
1.184
1.184
1.096
1.16
1.092
1.004
0.98
0.9
0.868
0.852
0.968
1.2
1.184
1.084
1.144
1.268
1.316
1.32
1.284
1.232
1.2
1.152
1.084
1.18
1.228
1.084
1.028
1.216
1.312
1.144
1.208
1.36
1.244
1.136
1.32
1.284
1.132
1.104
1.152
1.136
1.12
1.248
1.304
1.212
1.236
1.272
1.172
1.068
1.16
1.352
1.26
1.184
1.24
1.264
1.236
1.076
1.02
0.936
0.896
0.96
0.928
0.884
0.896
0.912
0.868
0.828
0.792
0.78
0.78
0.828
0.92
0.924
0.936
0.92
0.964
0.984
0.972
0.944
0.916
1
1.116
1.088
1
1.068
1.164
1.096
1.052
1.188
1.036
1.092
1.176
1.124
1.032
1.128
1.264
1.244
1.136
1.156
1.228
1.252
1.144
1.12
1.264
1.228
1.112
1.164
1.264
1.248
1.144
1.208
1.264
1.216
1.9
0.836
1.376
1.38
1.272
1.232
1.208
1.34
1.272
1.272
1.268
1.24
1.2
1.176
1.248
1.216
1.18
1.152
1.152
1.188
1.208
1.208
1.156
1.12
1.072
1.144
1.296
1.232
1.108
1.132
1.168
1.132
1.004
1.068
1.216
1.252
1.108
1.124
1.2
1.188
1.104
1.144
1.196
1.264
1.168
1.18
1.116
1.052
1.096
1.228
1.252
1.276
1.136
1.168
1.18
1.128
1.116
1.08
1.148
1.208
1.22
1.228
1.172
1.2
1.22
1.22
1.208
1.088
1.072
1.224
1.168
1.06
1.108
1.412
1.26
1.096
1.116
1.204
1.14
1.016
1.184
1.316
1.232
1.044
1.068
1.028
0.964
0.92
0.896
0.912
1.06
1.116
1.08
0.984
0.92
0.996
1.24
1.228
1.152
0.944
0.884
0.9
0.916
0.964
0.98
0.988
0.92
0.864
0.832
0.804
0.788
0.804
0.836
0.996
0.988
0.932
1.044
1.108
1.056
1
0.992
0.884
0.836
0.82
0.816
0.812
0.812
0.796
0.776
0.764
0.76
0.784
0.888
0.924
0.984
0.992
0.976
0.992
1.124
1.172
1.208
1.1
1.084
1.188
1.18
1.132
1.008
1.06
1.384
1.212
1.04
1.02
1.184
1.172
1.008
1.052
1.264
1.352
1.016
0.94
0.952
1.084
1.02
0.944
1.12
1.36
1.276
1.108
1.24
1.156
1.096
1.048
1.168
1.292
1.196
1.08
1.096
1.204
1.252
1.22
1.192
1.192
1.184
1.216
1.28
1.32
1.324
1.328
1.228
1.364
1.352
1.296
1.2
1.192
1.448
1.212
1.088
1.136
1.184
1.076
1.012
1.236
1.376
1.104
1.128
1.296
1.268
1.12
1.212
1.24
1.264
1.124
1.132
1.228
1.26
1.2
1.048
1.108
1.124
1.096
0.964
0.912
0.864
0.848
0.924
1.316
1.208
1.172
1.24
1.264
1.236
1.168
1.228
1.268
1.272
1.208
1.152
1.148
1.132
1.112
1.068
1.128
1.316
1.268
1.176
1.276
1.332
1.256
1.076
1.1
1.368
1.328
1.12
1.048
1.092
1.08
0.992
0.904
0.864
0.876
0.936
0.96
0.94
0.936
0.948
0.996
1.036
0.972
0.928
0.884
0.876
0.988
1.104
1.096
1.132
1.216
1.208
1.148
1.128
1.236
1.256
1.188
1.236
1.276
1.256
1.14
1.292
1.412
1.324
1.144
1.288
1.356
1.124
1.208
1.448
1.28
1.248
1.436
1.324
1.22
1.32
1.368
1.328
1.216
1.244
1.344
1.36
1.16
1.148
1.196
1.18
1.28
1.6
1.416
1.224
1.396
1.408
1.316
1.144
1.228
1.42
1.292
1.16
1.232
1.332
1.364
1.356
1.244
1.308
1.364
1.284
1.272
1.196
1.404
1.376
1.22
0.984
0.92
0.864
0.892
1.084
0.992
0.896
0.86
0.856
0.9
0.916
0.92
0.884
0.844
0.832
0.812
0.812
0.8
0.788
0.78
0.788
0.804
0.8
0.8
0.82
0.952
1.068
1.072
1.116
1.112
1.116
1.108
0.988
0.876
0.892
1.092
1.296
1.116
0.94
1.052
1.472
1.296
1.084
1.204
1.3
1.232
1.084
1.316
1.328
1.264
1.208
1.184
1.348
1.308
1.236
1.144
1.34
1.324
1.38
1.348
1.256
1.388
1.344
1.372
1.32
1.24
1.356
1.34
1.328
1.232
1.272
1.316
1.228
1.204
1.092
1.044
1.104
1.384
1.324
1.108
1.24
1.352
1.308
1.168
1.192
1.304
1.28
1.164
1.148
1.312
1.424
1.316
1.2
1.28
1.472
1.388
1.188
1.088
1.196
1.156
0.984
0.98
0.944
0.932
1.048
1.076
0.956
0.98
1.14
1.372
1.3
1.152
1.18
1.244
1.232
1.248
1.24
1.296
1.184
1.156
1.148
1.212
1.396
1.4
1.296
1.184
1.076
1.104
1.008
0.908
0.868
0.896
1.236
1.32
1.268
1.412
1.348
1.244
1.244
1.3
1.236
1.104
1.096
0.98
1.064
1.26
1.232
0.948
0.912
0.908
0.876
0.856
0.932
1.24
1.356
1.38
1.236
1.084
1.124
1.208
1.284
1.264
1.188
1.276
1.324
1.336
1.348
1.268
1.5
1.492
1.332
1.204
1.26
1.516
1.392
1.232
1.36
1.464
1.388
1.272
1.404
1.316
1.172
1.072
1.552
1.38
1.176
1.364
1.36
1.256
1.108
1.184
1.292
1.292
1.168
1.256
1.272
1.196
1.256
1.188
1.252
1.284
1.22
1.104
1.184
1.168
1.112
1.08
1.076
1.04
1.152
1.284
1.28
1.14
1.084
1.004
0.98
0.94
0.876
0.852
0.828
0.844
0.984
1.172
1.172
1.152
1.156
1.024
1.032
1.092
1.248
1.244
1.1
1.2
1.364
1.38
1.284
1.144
1.364
1.436
1.408
1.228
1.208
1.552
1.432
1.236
1.52
1.416
1.336
1.212
1.5
1.436
1.496
1.284
1.404
1.52
1.412
1.152
1.124
1.176
0.992
0.936
0.872
0.916
1.204
1.116
1.08
1.068
1.076
0.956
1.036
1.168
1.188
1.192
1.22
1.22
1.136
0.992
0.932
0.96
0.956
0.928
0.884
0.868
0.9
1.112
1.336
1.312
1.232
1.224
1.18
1.076
0.98
1.116
1.224
1.152
0.98
1.076
1.356
1.184
1.016
1.06
1.304
1.224
1.06
1.184
1.368
1.264
1.144
1.324
1.396
1.332
1.264
1.368
1.404
1.388
1.376
1.328
1.192
1.048
0.952
0.916
1.02
1.168
1.004
0.932
0.88
1.144
1.196
1.04
0.984
0.952
1.008
1.128
1.192
1.244
1.184
0.988
0.924
0.96
1
0.968
0.94
0.992
1.008
0.904
0.852
0.832
0.824
0.804
0.788
0.808
1.248
1.416
1.176
1.192
1.228
1.088
0.96
0.996
0.956
0.972
0.948
0.932
0.912
0.904
0.94
1.016
1.064
1.176
1.16
1.124
0.992
0.916
0.852
0.944
1.048
0.892
0.856
0.84
0.82
0.832
0.94
0.936
0.984
1.132
1.276
1.28
1.2
1.244
1.28
1.288
1.236
1.208
1.196
1.248
1.276
1.228
1.304
1.3
1.18
1.236
1.412
1.14
1.016
1.276
1.4
1.26
1.1
1.236
1.304
1.236
1.108
1.148
1.248
1.268
1.244
1.3
1.352
1.324
1.228
1.152
1.296
1.428
1.368
1.26
1.196
1.3
1.412
1.296
1.132
1.268
1.276
1.164
1.028
1.02
1.048
1.256
0.964
0.896
0.88
0.916
1.104
1.088
1.012
1.072
1.176
1.232
1.244
1.28
1.348
1.336
1.296
1.24
1.196
1.284
1.38
1.304
1.228
1.236
1.464
1.328
1.212
1.192
1.32
1.176
0.996
1.004
1.34
1.308
1.032
1.024
1.204
1.276
0.984
0.972
1.012
0.94
0.96
0.884
0.868
0.896
1.056
1.064
0.956
1.024
1.292
1.3
1.26
1.256
1.324
1.336
1.3
1.264
1.268
1.208
1.332
1.452
1.408
1.416
1.304
1.188
1.208
1.588
1.34
1.132
1.488
1.508
1.348
1.212
1.468
1.488
1.34
1.148
1.352
1.48
1.332
1.44
1.54
1.496
1.356
1.092
1.204
1.22
1.12
1.028
0.948
0.92
0.996
1.012
1.04
1.244
1.132
1.168
1.212
1.088
1.016
1.04
0.944
0.924
1.056
1.316
1.272
1.248
1.224
1.212
1.248
1.072
1.116
1.104
1.232
1.168
1.172
1.068
0.992
0.928
0.924
1.044
1.056
0.924
0.884
0.868
0.896
1.048
1.176
1.272
1.264
1.236
1.204
1.18
1.188
1.128
1.144
1.096
0.944
0.904
0.904
0.992
1.484
1.36
1.244
1.34
1.34
1.344
1.32
1.352
1.3
1.292
1.26
1.296
1.312
1.276
1.276
1.276
1.312
1.308
1.356
1.268
1.116
1.192
1.292
2.012
1.56
1.296
1.06
1.16
1.308
1.268
1.136
1.272
1.392
1.272
1.132
1.084
1.024
1.032
0.984
0.972
0.96
0.94
0.984
1.304
1.232
1.072
1.192
1.284
1.292
1.328
1.312
1.264
1.32
1.312
1.348
1.252
1.164
1.16
1.26
1.312
1.26
1.2
1.448
1.3
1.132
1.032
1.172
1.236
1.04
1.028
1.24
1.248
1.168
1.508
1.468
1.436
1.396
1.408
1.396
1.404
1.288
1.48
1.38
1.192
1.192
1.084
1.092
1.136
1.14
0.98
0.988
1
0.992
0.944
0.912
0.94
1.336
1.2
1.156
1.3
1.216
1.064
1.172
1.28
1.264
1.276
1.164
1.284
1.34
1.204
1.128
1.128
1.168
1.384
1.172
1.248
1.136
1.036
0.972
0.956
1.288
1.456
1.344
1.232
1.316
1.304
1.288
1.208
1.168
1.288
1.224
1.176
1.256
1.308
1.352
1.232
1.296
1.36
1.328
1.252
1.284
1.432
1.4
1.34
1.26
1.384
1.368
1.324
1.176
1.112
1.556
1.376
1.097073
1.58
1.288
1.296
1.032
0.98
1.036
1.072
1.192
1.064
1.008
1.052
1.148
1.224
1.18
1.108
1.072
1.236
1.196
1.032
0.94
0.916
0.984
1.508
1.32
1.196
1.28
1.184
1.232
1.216
1.24
1.268
1.24
1.2
1.18
1.2
1.152
1.108
1.088
0.976
1.076
1.192
1.132
1.212
1.336
1.128
0.964
1.008
1.112
1.14
1.068
1.228
1.348
1.312
1.132
1.296
1.256
1.088
1.08
1.312
1.444
1.252
1.076
1.068
1.176
1.192
1.18
1.228
1.26
1.376
1.356
1.328
1.376
1.248
1.292
1.288
1.028
0.956
1.028
1.328
1.256
1.244
1.316
1.292
1.152
1.24
1.356
1.316
1.184
1.344
1.396
1.292
1.156
1.388
1.492
1.352
1.272
1.432
1.464
1.404
1.2
1.32
1.3
1.156
0.98
1
1.516
1.264
1.172
1.152
1.072
1.168
1.232
1.284
1.312
1.2
1.116
1.024
0.912
0.88
0.868
0.872
1.04
1.42
1.244
1.132
1.072
1.02
1.032
1.148
1.2
1.18
1.2
1.164
1.132
1
0.948
1.028
1.224
1.028
1.084
1.444
1.164
1.116
1.312
1.204
1.428
1.448
1.332
1.288
1.456
1.46
1.364
1.256
1.352
1.392
1.404
1.16
1.332
1.512
1.536
1.584
1.524
1.448
1.504
1.532
1.44
1.34
1.476
1.496
1.376
1.276
1.532
1.448
1.292
1.344
1.508
1.388
1.24
1.416
1.372
1.176
1.016
1.092
1.32
1.448
1.232
1.336
1.336
1.132
1.128
1.216
1.42
1.336
1.392
1.38
1.324
1.216
1.548
1.344
1.188
1.244
1.504
1.448
1.264
1.456
1.5
1.392
1.384
1.424
1.392
1.3
1.412
1.38
1.368
1.272
1.36
1.46
1.464
1.264
1.212
1.352
1.168
1.048
1.388
1.204
1.048
1.364
1.444
1.176
1.164
1.296
1.144
1.088
1.124
1.04
1.1
1.092
1.088
0.96
0.944
0.988
1.064
1.164
1.116
1.124
1.16
1.16
1.104
1.044
0.972
0.912
0.836
0.848
0.932
1.396
1.144
1.072
1.364
1.308
1.1
1.012
0.952
0.96
0.972
0.952
0.912
0.892
0.876
0.88
0.892
0.884
0.864
0.824
0.82
0.836
0.856
0.9
1.044
1.012
0.904
0.876
0.848
0.848
0.96
1.084
0.956
0.92
1.008
1.116
0.968
1.06
1.284
1.196
0.988
0.996
1.132
1.024
0.912
0.888
0.896
0.872
0.872
0.964
1.18
1.188
1.084
1.244
1.232
1.304
1.168
1.024
0.996
1.04
1.192
1.172
1.172
1.084
1.088
1.348
1.32
1.196
1.26
1.228
1.1
1.18
1.212
1.192
1.144
1.164
1.332
1.26
1.104
1.052
1.436
1.296
1.216
1.276
1.308
1.12
1.1
1.472
1.376
1.368
1.252
1.376
1.372
1.32
1.26
1.196
1.168
1.3
1.348
1.36
1.212
1.328
1.412
1.308
1.104
1.116
1.292
1.12
1.052
1.332
1.388
1.164
1.304
1.328
1.36
1.26
1.4
1.4
1.332
1.296
1.356
1.38
1.284
1.352
1.376
1.36
1.256
1.264
1.492
1.412
1.312
1.428
1.324
1.172
1.368
1.444
1.352
1.152229
1.428
1.36
1.288
1.364
1.364
1.368
1.316
1.332
1.388
1.38
1.244
1.288
1.292
1.512
1.304
1.408
1.308
1.192
1.332
1.292
1.172
1.392
1.372
1.228
1.436
1.412
1.26
1.24
1.272
1.232
1.352
1.428
1.316
1.256
1.376
1.368
1.284
2.172
1.284
1.32
1.228
1.436
1.248
1.968
0.908
0.928
0.96
0.9
0.908
0.976
1.092
1.092
1
0.948
0.928
1.076
1.148
1.08
1.14
1.304
1.3
1.156
1.296
1.408
1.348
1.204
1.304
1.432
1.332
1.292
1.472
1.288
1.008
1.088
1.576
1.296
1.348
1.48
1.408
1.328
1.44
1.384
1.232
1.348
1.388
1.432
1.26
1.388
1.42
1.348
1.208
1.536
1.484
1.388
1.524
1.452
1.288
1
0.924
0.948
1.016
1.348
1.276
1.476
1.372
1.356
1.2
1.02
0.964
1.008
1.068
1.076
0.968
0.916
0.884
0.884
0.9
0.912
0.94
0.908
0.896
0.944
1.072
1.096
1.02
1.016
1.104
1.164
1.084
1.048
0.976
1.06
1.412
1.228
1
0.944
0.904
0.864
0.844
0.856
0.968
1.028
1.264
1.328
1.256
1.06
0.9
0.836
0.832
1.1
1.1
1.056
1.104
1.096
1.112
1.14
1.188
1.276
1.264
1.24
1.188
1.104
1.052
0.952
0.988
1.068
1.168
1.132
1.116
1.008
1.092
1.232
1.12
1.172
1.136
1.012
0.96
0.916
0.868
0.86
0.852
0.844
0.832
0.828
0.812
0.932
1.508
1.4
1.416
1.332
1.228
1.348
1.468
1.36
1.304
1.188
1.1
1.132
1.044
0.956
0.952
1
1.044
1.428
1.48
1.352
1.172
1.124
1.192
1.24
1.076
1.052
1.32
1.328
1.32
1.108
1.212
1.412
1.364
1.192
1.268
1.424
1.304
1.048
1.08
1.512
1.428
1.268
1.288
1.396
1.252
1.156
0.964
0.928
0.88
0.864
0.904
1.22
1.18
1.38
1.288
1.124
1.116
1.228
1.252
1.3
1.152
1.216
1.208
0.972
0.968
0.992
1.036
1.284
1.108
1.16
1.204
1.004
0.964
0.924
0.872
0.868
0.856
0.848
0.92
1.08
1.12
1.132
1.132
1.036
1.02
1.088
1.064
1.02
1.096
1.284
1.296
1.18
1.388
1.412
1.332
1.22
1.46
1.376
1.124
1.172
1.428
1.136
1.484
1.46
1.26
1.204
1.368
1.368
1.292
1.372
1.432
1.192
1.028
1.58
1.528
1.524
1.352
1.356
1.344
1.248
0.968
0.932
0.96
1.196
1.16
1.128
1.2
1.112
0.98
1.088
1.448
1.32
1.288
1.368
1.408
1.308
1.308
1.152
1.052
1.296
1.38
1.356
1.232
1.292
1.388
1.328
1.288
1.312
1.428
1.36
1.256
0.972
0.928
1.028
1.624
1.468
1.256
1.556
1.444
1.32
1.18
1.356
1.424
1.3
1.204
1.328
1.284
1.148
1.084
1.192
1.096
1.096
0.96
0.896
0.896
0.88
0.86
0.932
0.964
0.94
1.144
1.304
1.344
1.296
1.256
1.216
1.228
1.204
1.14
0.988
0.952
0.9
0.868
0.916
1.096
1.104
0.984
0.892
0.88
0.972
1.164
1.2
1.272
1.26
1.236
1.16
1.116
1.2
1.336
1.184
1.064
0.972
1.112
1.272
1.172
1.072
1.424
1.168
1.044
1.04
1.008
1.084
1.22
1.144
1.068
1.016
1.012
1.22
1.216
1.216
1.128
1.028
0.96
0.988
1.144
1.176
1.076
1.056
1.252
1.24
1.14
1.02
1.064
1.472
1.26
1.104
1.368
1.312
1.324
1.32
1.392
1.428
1.452
1.424
1.444
1.176
1.144
1.384
1.192
1.268
1.568
1.54
1.304
1.328
1.488
1.384
1.328
1.424
1.204
1.124
1.168
1.16
1.14
1.188
1.2
1.04
0.916
0.848
0.868
0.86
0.956
1.132
1.016
1.088
1.244
1.404
1.228
1.188
1.132
1.112
1.06
1.144
1.192
1.184
1.228
1.136
1.088
1.024
0.944
0.908
0.936
0.944
1.044
1.104
1.16
1.036
0.932
0.896
0.928
1.024
0.952
0.884
0.896
1
1.148
1.204
1.06
1.18
1.328
1.264
1.036
1.048
1.072
1.144
1.08
1.06
1.032
1.048
0.94
0.908
1.02
1.192
1.164
1.1
1.144
1.268
1.112
0.992
0.964
1.024
1.336
1.248
1.12
1.1
1.508
1.316
1.228
1.18
1.112
1.14
1.188
1.348
1.064
0.92
0.888
0.916
1.024
1.228
1.112
1.204
1.268
1.3
1.212
1.232
1.288
1.264
1.292
1.26
1.284
1.188
1.248
1.392
1.272
1.26
1.352
1.292
1.208
1.152
1.184
1.316
1.176
0.968
1
0.96
1.008
1.468
1.212
1.24
1.312
1.304
1.276
1.24
1.444
1.384
1.292
1.164
1.216
1.004
1.108
1.316
1.46
1.496
1.364
1.192
1.408
1.3
0.988
0.948
1.064
0.944
0.908
1.4
1.18
1.24
1.252
1.292
1.312
1.304
1.24
1.26
1.3
1.236
1.268
1.256
1.332
1.316
1.412
1.428
1.444
1.468
1.432
1.332
1.172
1.196
1.144
1.58
1.376
1.048
0.988
1.084
1.252
1.372
1.284
1.1
1.024
0.94
0.92
0.896
0.916
1.568
1.372
1.192
1.472
1.404
1.244
1.372
1.512
1.328
1.108
1.128
1.176
1.104
1.02
1.144
1.384
1.396
1.312
1.204
1.28
1.288
1.2
1.152
1.176
1.152
1.204
1.196
1.296
1.192
1.204
1.064
1.032
1.116
1.216
1.224
1.18
1.168
1.036
1.004
1.044
1.12
1.28
1.164
1.16
1.008
0.964
0.964
1.028
1.064
0.976
0.98
1.12
1.164
0.988
0.94
0.94
0.892
0.864
0.852
0.852
0.884
1.008
1.172
1.164
1.128
1.168
1.136
1.068
1.08
1.02
1.104
1.212
1.272
1.124
1.308
1.34
1.412
1.308
1.024
0.972
1.012
1.14
1.06
1.136
1.088
0.948
0.84
0.86
1.272
1.336
1.392
1.284
1.132
1.032
1.312
1.368
1.276
1.136
1.016
0.968
0.972
1.04
1.136
1.164
1.168
1.164
1.116
1.028
0.996
0.96
0.928
0.896
0.94
1.056
1.444
1.32
1.24
1.016
1.02
1.048
1.088
1.068
0.956
0.932
1.088
1.1
0.972
0.988
1.336
1.236
1.072
1.244
1.544
1.3
1.18
1.352
1.416
1.356
1.24
1.312
1.368
1.328
1.46
1.432
1.32
1.168
1.372
1.54
1.456
1.356
1.484
1.36
1.424
1.22
1.348
1.496
1.356
1.216
1.048
1.02
0.972
1.028
1.52
1.28
1.34
1.408
1.388
1.2
1.436
1.432
1.484
1.304
1.476
1.456
1.456
1.232
1.492
1.34
1.148
1.496
1.156
0.944
0.924
0.924
0.984
1.24
1.16
1.12
1.228
1.348
1.284
1.184
1.304
1.272
1.256
1.3
1.244
1.412
1.42
1.392
1.368
1.28
1.568
1.408
1.32
1.296
1.632
1.452
1.276
1.308
1.344
1.068
1.032
1.6
1.356
1.228
1.416
1.432
1.324
1.468
1.424
1.236
1.336
1.348
1.004
0.976
1.004
0.96
0.88
0.856
0.86
0.9
0.956
0.944
1.032
1.048
0.988
0.988
0.944
0.968
1.012
1.108
1.044
1.108
1.092
1.932
1.004
1.024
1.096
1.148
1.104
1.12
1.136
1.144
1.084
0.968
0.9
0.892
0.896
0.908
1.016
1.28
1.304
1.304
1.308
1.304
1.436
1.412
1.328
1.36
1.148
1.04
1.076
1.04
1.568
1.448
1.34
1.44
1.436
1.38
1.336
1.436
1.512
1.512
1.452
1.392
1.512
1.36
1.14
1.608
1.496
1.288
1.608
1.544
1.452
1.36
1.528
1.512
1.448
1.376
1.568
1.488
1.488
1.412
1.492
1.48
1.444
1.332
1.54
1.384
1.288
1.452
1.372
1.192
1.024
1.116
1.46
1.284
1.168
1.384
1.432
1.368
1.192
1.352
1.396
1.424
1.42
1.42
1.412
1.308
1.196
1.436
1.476
1.292
1.46
1.476
1.352
1.328
1.296
1.416
1.248
1.224
1.312
1.292
1.12
1.324
1.44
1.384
1.232
1.24
1.196
1.216
1.332
1.336
1.216
1.12
1.04
1.08
1.068
1.24
1.124
1.184
1.404
1.34
1.256
1.084
0.992
0.948
0.948
1.008
1.092
1.016
0.976
0.96
0.944
1.088
1.288
1.244
1.232
1.292
1.276
1.216
1.096
1.076
1.312
1.424
1.432
1.26
1.412
1.456
1.372
1.24
1.364
1.456
1.392
1.24
1.316
1.48
1.484
1.18
1.012
1.164
1.796
1.576
1.44
1.656
1.472
1.416
1.404
1.548
1.512
1.5
1.384
1.456
1.396
1.532
1.396
1.264
1.488
1.5
1.2
1.004
0.976
1.04
1.024
0.96
0.892
0.872
0.888
1.116
1.148
1.416
1.356
1.316
1.316
1.108
0.98
0.944
0.916
0.884
0.988
1.356
1.324
1.3
1.32
1.352
1.396
1.34
1.076
1.168
1.556
1.308
1.044
1.1
1.548
1.38
1.212
1.324
1.524
1.392
1.208
1.344
1.484
1.472
1.344
1.516
1.48
1.456
1.424
1.344
1.552
1.508
1.292
1.196
1.592
1.572
1.468
1.48
1.432
1.104
1.116
1.076
0.956
0.888
0.852
0.832
0.824
0.82
0.824
0.808
0.788
0.768
0.8
0.788
0.772
0.76
0.756
0.76
0.764
0.96
1.012
1.044
1.004
0.956
0.928
1.056
1.152
1.092
1.12
1.156
1.164
1.172
1.116
0.96
1.036
1.508
1.144
1.02
1.032
1.06
0.984
1.044
1.488
1.232
1.06
1.212
1.072
1.156
1.312
1.116
1.188
1.228
1.324
1.228
1.356
1.564
1.488
1.424
1.372
1.46
1.452
1.592
1.368
1.448
1.256
1.232
1.44
1.344
1.16
1.076
0.984
1.076
1.428
1.344
1.204
1.032
0.976
0.956
1.572
1.452
1.332
1.188
1.384
1.4
1.248
1.02
0.976
1.14
1.536
1.412
1.42
1.356
1.512
1.488
1.392
1.38
1.256
1.236
1.156
1.18
1.064
0.984
1.052
1.616
1.492
1.452
1.304
1.152
1.024
0.956
0.876
0.824
0.848
0.832
0.8
0.812
0.812
1.16
1.02
0.984
1.232
1.396
1.348
1.356
1.376
1.356
1.332
1.32
1.268
1.276
1.212
1.236
1.352
1.272
1.112
1.048
1.6
1.404
1.172
1.044
1.524
1.416
1.2
1.428
1.424
1.392
1.304
1.416
1.396
1.32
1.356
1.456
1.392
1.372
1.484
1.42
1.452
1.264
1.264
1.56
1.408
1.348
1.496
1.396
1.204
1.416
1.408
1.308
1.352
1.564
1.436
1.416
1.392
1.504
1.5
1.496
1.328
1.204
1.364
1.344
1.212
1.172
1.068
1.02
0.98
0.956
1.012
1.508
1.324
1.252
1.352
1.316
1.196
1.492
1.46
1.34
1.244
1.472
1.216
1.016
1.044
1.54
1.376
1.064
1.328
1.62
1.508
1.472
1.504
1.484
1.48
1.492
1.448
1.308
1.352
1.444
1.484
1.508
1.424
1.508
1.34
1.012
1.036
1.668
1.356
1.244
1.488
1.22
0.988
1.024
1.588
1.468
1.236
1.396
1.428
1.436
1.36
1.552
1.476
1.36
1.268
1.444
1.528
1.256
1.028
1.16
1.352
1.084
0.98
0.988
1.58
1.588
1.312
1.04
0.972
0.928
0.908
0.94
1.012
0.948
0.896
0.864
0.872
0.876
0.856
0.864
0.896
1.18
1.168
1.232
1.328
1.328
1.26
1.112
1.06
1.14
1.156
1.124
1.112
1.012
0.936
0.976
0.984
0.968
1.564
1.428
1.248
1.088
1.12
1.472
1.444
1.248
1.4
1.356
1.364
1.288
1.344
1.416
1.296
1.212
1.332
1.404
1.3
1.612
1.54
1.596
1.416
1.536
1.46
1.48
1.332
1.26
1.02
0.944
0.92
0.876
0.884
1.068
1.024
1.248
1.424
1.344
1.14
1.312
1.312
1.312
1.232
1.332
1.08
1.064
0.976
0.956
0.944
0.876
0.852
0.936
0.924
0.92
1.168
1.2
1.556
1.48
1.396
1.312
1.216
1.12
0.976
0.908
0.868
0.844
0.828
0.816
0.824
0.828
0.824
0.816
0.82
0.816
0.82
0.852
0.932
0.968
1.028
1.04
1
1.004
1.104
0.944
0.948
0.964
0.872
0.852
0.968
1.468
1.308
1.244
1.256
1.264
1.168
1.316
1.444
1.32
1.428
1.56
1.532
1.488
1.488
1.528
1.46
1.444
1.632
1.536
1.544
1.568
1.424
1.632
1.592
1.52
1.376
1.48
1.284
1.408
1.22
1.216
1.172
1.252
1
0.96
0.948
1.056
1.48
1.332
1.46
1.424
1.388
1.224
1.124
1.18
1.108
1.392
1.388
1.116
1.204
1.34
1.16
1.076
1.012
1.028
1.26
1.316
1.204
1.012
1.024
1.036
1.164
1.228
1.24
1.156
0.996
0.96
1.164
1.216
1.236
1.176
1.116
1.128
1.172
1.284
1.248
1.128
1.068
1.096
1.324
1.284
1.184
1.048
1.04
0.976
1.192
1.384
1.26
1.288
1.396
1.344
1.268
1.408
1.436
1.312
1.32
1.172
1.196
1.532
1.468
1.488
1.368
1.62
1.58
1.592
1.396
1.256
1.488
1.4
1.216
1.068
1.228
1.428
1.188
0.988
0.956
0.932
0.912
0.888
1.228
1.236
1.292
1.28
1.1
1.168
1.308
1.244
1.036
1.04
1.196
1.36
1.32
1.216
1.06
0.964
0.908
0.888
0.9
1.448
1.532
1.392
1.408
1.472
1.38
1.364
1.388
1.424
1.468
1.456
1.5
1.476
1.404
1.416
1.252
1.096
1.572
1.544
1.312
1.584
1.588
1.464
1.304
1.592
1.552
1.496
1.344
1.52
1.452
1.32
1.564
1.2
1.072
1.252
1.584
1.384
1.34
1.516
1.484
1.504
1.372
1.472
1.364
1.436
1.524
1.448
1.356
1.132
1.112
1.552
1.5
1.368
1.128
1.464
1.544
1.548
1.508
1.436
1.484
1.476
1.508
1.484
1.356
1.328
1.396
1.624
1.548
1.408
1.532
1.556
1.336
1.14
1.516
1.268
1.092
1.652
1.468
1.168
1.204
1.056
0.988
1
1.016
0.936
0.952
1.14
1.28
1.196
1.176
1.28
1.264
1.148
1.02
0.948
0.892
0.864
0.904
0.872
0.844
0.832
0.828
1.108
1.168
1.116
1.172
1.176
1.168
1.108
1.064
1.068
1.072
1.048
0.964
0.88
0.828
0.808
0.792
0.792
0.812
0.904
0.868
0.836
0.844
0.912
1.088
1.072
1.116
1.272
1.312
1.228
1.156
1.34
1.384
1.388
1.252
1.24
1.556
1.544
1.46
1.484
1.672
1.64
1.428
1.328
1.596
1.636
1.508
1.556
1.64
1.52
1.428
1.54
1.672
1.64
1.552
1.556
1.64
1.596
1.476
1.336
1.564
1.48
1.436
1.66
1.56
1.496
1.5
1.516
1.504
1.444
1.42
1.476
1.392
1.388
1.276
1.568
1.488
1.336
1.464
1.58
1.484
1.4
1.572
1.432
1.284
1.528
1.516
1.4
1.464
1.584
1.464
1.528
1.564
1.412
1.408
1.736
1.648
1.636
1.712
1.548
1.348
1.552
1.472
1.396
1.496
1.392
1.336
1.524
1.54
1.42
1.444
1.608
1.508
1.424
1.536
1.56
1.516
1.436
1.644
1.54
1.612
1.492
1.46
1.556
1.556
1.388
1.552
1.52
1.284
1.44
1.644
1.552
1.628
1.704
1.504
1.54
1.484
1.468
1.428
1.536
1.344
1.232
1.372
1.508
1.428
1.492
1.476
1.384
1.244
1.636
1.372
1.124
0.948
0.916
0.92
0.984
1.024
0.984
0.964
0.944
0.92
0.88
0.88
0.936
0.948
0.976
1.028
1.06
1.016
1.056
1.02
1.044
1.052
1.096
1.004
1.076
1.032
0.936
0.888
0.852
0.836
0.864
0.844
0.868
0.868
0.912
0.896
0.904
0.86
0.896
0.9
0.896
0.948
1.196
1.264
1.34
1.276
1.316
1.36
1.384
1.344
1.344
1.4
1.376
1.392
1.504
1.472
1.428
1.268
1.104
1.696
1.648
1.48
1.448
1.66
1.52
1.404
1.62
1.616
1.532
1.572
1.724
1.672
1.552
1.704
1.676
1.604
1.684
1.524
1.548
1.584
1.54
1.448
1.476
1.712
1.652
1.552
1.64
1.628
1.616
1.328
1.308
1.636
1.416
1.2
1.672
1.64
1.516
1.544
1.608
1.592
1.5
1.616
1.56
1.496
1.596
1.568
1.608
1.496
1.58
1.552
1.56
1.508
1.68
1.54
1.488
1.6
1.604
1.524
1.44
1.264
0.972
1.068
1.476
1.032
0.98
0.928
0.908
0.92
0.94
1.112
1
0.928
0.976
0.912
0.868
0.86
0.912
0.912
1.092
1.084
1.116
1.228
1.14
1.12
1.068
0.936
0.88
0.868
0.868
0.864
0.836
0.852
0.86
0.88
0.88
0.848
0.816
0.82
0.812
0.824
0.824
0.82
0.796
0.776
0.768
0.756
0.748
0.748
0.772
0.784
0.804
0.8
0.82
0.932
1.216
1.148
1.104
1.012
1.124
1.104
1.08
1.02
0.944
0.94
1.036
1.236
1.132
0.984
0.968
1.036
0.968
0.996
0.952
1.16
1.232
1.508
1.408
1.348
1.452
1.312
1.272
2.16
1.116
1.032
1.012
1.532
1.364
1.376
1.34
1.38
1.108
1.22
1.288
1.168
1.16
1.244
1.26
1.224
1.176
1.24
1.128
1.204
1.26
1.148
1.296
1.124
1.02
1.024
0.964
0.996
1.24
1.332
1.3
1.24
1.12
1.128
1.304
1.164
1.12
1.356
1.432
1.448
1.284
1.3
1.38
1.424
1.38
1.444
1.372
1.336
1.412
1.284
1.256
1.615165
1.512
1.448
1.424
1.356
1.416
1.224
1.452
1.448
1.29687
1.42
1.22
1.14
1.388
1.392
1.336
1.5
1.432
1.28
1.304
1.324
1.244
1.368
1.336
1.432
1.38
1.4
1.392
1.328
1.156
1.516
1.528
1.504
1.476
1.42
1.432
1.396
1.568
1.576
1.452
1.5
1.396
1.302182
1.456
1.192
1.624
1.492
1.308
1.552
1.46
1.42
1.512
1.44
1.312
1.52
1.468
1.424
1.6
1.532
1.516
1.4
1.5
1.524
1.56
1.432
1.524
1.596
1.504
1.416
1.308
1.46
1.444
1.328
1.268
1.664
1.548
1.54
1.432
1.532
1.496
1.476
1.244
1.212
1.372
1.08
0.984
0.956
0.98
1.444
1.196
1.344
1.528
1.364
1.464
1.476
1.392
1.476
1.44
1.284
1.532
1.508
1.456
1.456
1.372
1.216
1.488
1.504
1.576
1.424
1.216
1.516
1.188
1.46
1.348
1.32
1.148
1.36
1.32
1.008
0.972
1.06
1.252
1.292
1.14
0.948
0.896
0.968
1.068
1.14
1.22
1.536
1.392
1.444
1.436
1.452
1.392
1.356
1.368
1.388
1.408
1.436
1.428
1.368
1.22
1.116
1.016
1.092
1.496
1.188
1.084
1.564
1.456
1.416
1.42
1.284
1.328
1.412
1.212
1.024
0.944
0.896
0.868
0.84
0.816
0.8
0.792
0.788
0.776
0.768
0.768
0.768
0.772
0.768
0.78
0.824
0.824
0.8
0.788
0.796
0.824
0.96
1.128
1.024
1.14
1.356
1.24
1.272
1.424
1.372
1.248
1.432
1.416
1.344
1.404
1.408
1.352
1.324
1.464
1.456
1.476
1.408
1.528
1.504
1.46
1.504
1.444
1.452
1.468
1.508
1.388
1.66
1.568
1.332
1.124
1.344
1.128
0.996
1.056
1.652
1.404
1.464
1.444
1.236
1.424
1.436
1.276
1.304
1.268
1.44
1.384
1.428
1.396
1.364
1.304
1.384
1.388
1.396
1.316
1.396
1.224
1.996
0.92
0.996
1.088
1.084
1.44
1.468
1.464
1.46
1.356
1.072
1.136
1.296
1.428
1.116
1.04
1.272
1.456
1.388
1.312
1.288
1.22
1.344
1.408
1.316
1.252
1.288
1.344
1.248
1.212
1.232
1.012
0.936
0.908
0.992
1.564
1.4
1.22
1.504
1.42
1.364
1.3
1.284
1.252
1.216
1.444
1.428
1.384
1.368
1.116
1.02
1.028
1.176
1
0.964
0.964
0.948
0.92
1.1
1.168
1.404
1.48
1.452
1.396
1.456
1.428
1.432
1.46
1.42
1.448
1.436
1.404
1.392
1.384
1.424
1.344
1.452
1.5
1.528
1.404
1.316
1.608
1.468
1.144
1.16
1.588
1.368
1.128
1.36
1.352
1.204
1.572
1.544
1.352
1.524
1.492
1.292
1.336
1.12
1.044
1.024
0.956
0.94
0.972
1.064
1.12
1.2
1.12
1.1
0.996
0.94
0.916
0.9
0.892
0.86
0.836
0.832
0.824
0.824
0.844
0.912
0.952
1.016
1.06
1.084
1.068
0.976
0.984
0.98
0.948
0.912
0.872
0.82
0.804
0.78
0.776
0.82
0.844
0.896
0.9
0.876
0.92
1.224
1.388
1.288
1.232
1.248
1.196
1.128
1.08
0.956
0.984
1.624
1.416
1.192
1.336
1.48
1.248
1.532
1.372
1.16
1.052
1.416
1.244
1.12
1.1
1.044
0.992
1.008
0.976
1.148
1.304
1.324
1.416
1.384
1.32
1.348
1.352
1.364
1.356
1.296
1.288
1.068
1.064
1.072
1.348
1.112
1.236
1.504
1.376
1.312
1.472
1.416
1.32
1.392
1.316
1.348
1.452
1.404
1.388
1.296
1.472
1.276
1.36
1.404
1.376
1.496
1.564
1.484
1.392
1.356
1.58
1.52
1.492
1.472
1.512
1.532
1.48
1.444
1.492
1.428
1.116
1.124
1.68
1.54
1.384
1.416
1.132
1.16
1.6
1.46
1.204
1.168
1.352
1.404
1.188
1.284
1.404
1.316
1.476
1.132
1.008
1.04
1.068
1.192
1.172
0.996
1.024
1.108
1.06
1.088
1.36
1.328
1.204
1.392
1.228
1.08
1
0.976
1.036
1.264
1.152
1.196
1.228
1.116
1.1
1.124
1.132
1.544
1.376
1.292
1.268
1.58
1.4
1.18
1.576
1.536
1.56
1.352
1.408
1.408
1.372
1.516
1.336
1.32
1.096
1.076
1.628
1.548
1.504
1.452
1.536
1.5
1.336
1.236
1.32
1.44
1.492
1.18
1.464
1.476
1.436
1.416
1.52
1.5
1.448
1.404
1.4
1.308
1.336
1.232
1.396
1.4
1.34
1.124
0.992
0.972
1.66
1.364
1.272
1.524
1.424
1.224
1.34
1.3
1.348
1.276
1.392
1.436
1.34
1.272
1.04
0.94
0.94
1.34
1.224
1.144
1.06
1.024
1.076
1.128
1.116
1.06
0.988
0.956
0.92
0.892
0.848
0.828
0.836
1.196
1.216
1.228
1.24
1.232
1.248
1.18
1.02
0.996
1
0.988
1.176
1.408
1.072
1.028
1.528
1.36
1.26
1.428
1.42
1.288
1.452
1.408
1.348
1.436
1.532
1.508
1.492
1.556
1.616
1.508
1.412
1.276
1.46
1.292
1.156
1.08
1.58
1.524
1.484
1.364
1.512
1.484
1.328
1.404
1.424
1.324
1.236
1.38
1.476
1.368
1.252
1.144
1.504
1.508
1.396
1.364
1.512
1.228
1.332
1.504
1.528
1.444
1.368
1.44
1.384
1.272
1.412
1.436
1.288
1.3
1.204
1.244
1.292
1.48
1.456
1.356
1.232
1.128
1.2
1.096
1.616
1.316
1.152
1.164
1.572
1.528
1.452
1.328
1.476
1.324
1.04
1.104
1.548
1.424
1.54
1.408
1.32
1.48
1.14
1.18
1.456
1.452
1.428
1.22
1.188
1.036
0.98
1.02
1.616
1.528
1.276
1.264
1.308
1.44
1.364
1.096
1.004
0.94
0.92
1.12
1.012
1.004
1.336
1.604
1.384
1.324
1.296
1.348
1.332
1.324
1.352
1.388
1.396
1.36
1.348
1.364
1.276
1.2
1.352
1.38
1.06
1.064
1.52
1.4
1.196
1.536
1.476
1.22
1.336
1.488
1.364
1.216
1.184
1.232
1.148
1.032
1.024
1.112
1.256
1.004
0.92
0.904
1.016
1.484
1.476
1.28
1.292
1.216
1.24
1.132
1.124
1.236
1.22
1.276
1.352
1.396
1.38
1.284
1.212
1.364
1.396
1.376
1.316
1.176
1.076
1.208
1.344
1.46
1.324
1.408
1.484
1.368
1.304
1.276
1.496
1.348
1.38
1.348
1.164
1.372
1.432
1.24
1.1
1.384
1.444
1.404
1.312
1.236
1.352
1.432
1.364
1.276
1.424
1.32
1.268
1.424
1.236
1.116
1.004
0.992
0.988
1.612
1.504
1.46
1.488
1.292
1.232
1.288
1.44
1.344
1.356
1.368
1.256
1.488
1.552
1.5
1.348
1.548
1.5
1.448
1.312
1.536
1.264
1.32
1.184
1.444
1.376
1.168
1.172
1.476
1.532
1.388
1.276
1.444
1.336
1.192
1.128
1.012
0.988
1.6
1.444
1.404
1.364
1.512
1.504
1.436
1.284
1.304
1.568
1.448
1.372
1.62
1.556
1.444
1.344
1.624
1.556
1.472
1.48
1.232
1.048
1.156
1.456
1.344
1.196
1.108
1.168
1.176
1.116
1.248
1.308
1.228
1.244
1.488
1.492
1.396
1.476
1.192
1.06
1.02
1.636
1.352
1.24
1.016
1.108
1.424
1.424
1.296
1.248
1.144
1.18
1.14
1.116
1.144
1.152
1.116
1.056
1.152
1.188
1.004
0.952
0.968
0.972
0.98
1.076
1.396
1.088
1.008
1.132
1.296
1.288
1.184
1.128
1.172
1.18
1.38
1.416
1.316
1.224
1.116
1.056
1.108
1.316
1.312
1.172
1.04
1.044
1.128
1.136
1.064
1.204
1.436
1.416
1.332
1.208
1.336
1.296
1.144
1.132
1.452
1.372
1.232
1.524
1.56
1.4
1.456
1.488
1.288
1.388
1.456
1.348
1.52
1.484
1.336
1.452
1.444
1.476
1.424
1.5
1.524
1.508
1.324
1.256
1.516
1.384
1.352
1.532
1.42
1.436
1.364
1.32
1.408
1.352
1.412
1.28
1.48
1.372
1.124
1.064
1.604
1.468
1.42
1.328
1.456
1.316
1.28
1.564
1.404
1.28
1.24
1.532
1.444
1.34
1.436
1.156
1.12
1.144
1.26
1.14
1.192
1.196
1.212
1.332
1.304
1.308
1.404
1.376
1.352
1.324
1.308
1.356
1.336
1.26
1.96
0.892
1.436
1.284
1.244
1.636
1.444
1.4
1.388
1.488
1.408
1.232
1.088
1
0.98
0.928
0.876
0.844
0.828
0.82
0.812
0.836
0.844
0.82
0.792
0.796
0.792
0.78
0.812
0.892
0.888
1.012
1.056
1.056
1.044
1.068
0.972
1.008
1.204
1.228
1.256
1.272
1.244
1.244
1.244
1.344
1.304
1.12
1.076
1.524
1.444
1.196
1.488
1.444
1.156
1.476
1.48
1.128
1.096
1.48
1.364
1.42
1.544
1.448
1.368
1.524
1.508
1.512
1.336
1.544
1.452
1.332
1.28
1.528
1.388
1.228
1.46
1.5
1.46
1.36
1.452
1.4
1.404
1.436
1.556
1.3
1.252
1.232
1.16
1.488
1.412
1.208
1.316
1.416
1.288
1.2
1.372
1.148
1.228
1.396
1.404
1.284
1.28
1.352
1.288
1.16
1.26
1.296
1.064
1
0.964
0.944
0.968
0.992
1
0.944
0.9
0.876
0.868
0.86
0.852
0.844
0.824
0.804
0.812
0.972
1.284
1.032
1.088
1.264
1.06
1.22
1.26
1.204
0.988
0.992
1.028
0.904
0.888
0.936
1.124
1.208
1.108
1.16
1.26
1.184
1.052
1.204
1.284
1.064
1.108
1.132
1.048
1.184
1.092
1.352
1.356
1.16
1.304
1.272
1.16
1.232
1.456
1.304
1.264
1.508
1.424
1.424
1.508
1.268
1.124
1.096
1.508
1.456
1.176
1.02
1.04
1.1
1.26
1.208
1.264
1.116
1.352
1.48
1.392
1.444
1.356
1.136
1.016
0.968
0.98
1.488
1.508
1.46
1.296
1.284
1.32
1.416
1.26
1.3
1.464
1.404
1.228
1.516
1.468
1.504
1.468
1.516
1.488
1.448
1.556
1.616
1.476
1.456
1.552
1.372
1.544
1.46
1.332
1.116
1.156
1.316
1.344
1.032
1.04
1.532
1.484
1.416
1.468
1.452
1.424
1.328
1.504
1.452
1.4
1.552
1.528
1.376
1.28
1.352
1.304
1.556
1.444
1.36
1.484
1.484
1.392
1.264
1.48
1.44
1.3
1.116
1.108
1.464
1.376
1.22
1.344
1.116
1.048
1.156
1.36
1.428
1.52
1.368
1.312
1.448
1.388
1.284
1.512
1.416
1.376
1.372
1.288
1.22
1.424
1.244
1.324
1.472
1.4
1.368
1.516
1.496
1.38
1.272
1.484
1.432
1.476
1.356
1.504
1.444
1.432
1.456
1.132
1.132
1.172
1.372
1.328
1.224
1.412
1.38
1.252
0.996
0.936
0.984
1.448
1.256
1.192
1.44
1.428
1.348
1.42
1.384
1.164
1.02
0.928
0.892
0.868
0.872
0.868
0.944
1.048
1.04
1.028
0.96
0.944
0.96
0.936
0.932
0.932
0.928
0.924
0.932
0.94
1.184
1.324
1.044
1.076
1.172
1.168
1.124
1.036
0.968
0.948
0.98
0.988
1.064
1.348
1.452
1.384
1.188
1.164
1.04
1.092
1.04
0.964
0.936
1.052
1.372
1.244
1.356
1.504
1.328
1.148
1.34
1.484
1.44
1.332
1.56
1.532
1.488
1.564
1.548
1.252
1.16
1.5
1.208
1.012
1.008
1.028
1.204
1.232
1.12
1.096
1.028
0.936
0.964
1.04
1.4
1.312
1.18
1.256
1.312
1.324
1.172
1.388
1.308
1.14
0.96
0.904
1.104
1.408
1.42
1.232
1.232
1.228
1.12
1.204
1.356
1.284
1.18
1.168
1.132
0.992
1.024
1.072
1.176
1.028
1.264
1.228
1.236
1.216
1.204
1.212
1.164
1.352
1.392
1.26
1.136
1.228
1.12
1.216
1.184
1.564
1.5
1.292
1.232
1.34
1.176
1.1
1.152
1.22
1.42
1.028
1.524
1.1
1.032
0.976
0.9
0.848
0.824
0.78
0.8
0.812
0.84
0.824
0.908
1
1.156
1.144
1.104
1.048
1.04
0.948
0.884
0.848
0.852
0.868
0.992
1.236
1.26
1.112
1.22
1.256
1.008
0.928
0.904
0.904
0.972
0.912
0.848
0.844
0.844
0.892
0.908
0.992
0.928
1.012
1.136
1.204
1.092
1.076
1.028
0.952
0.888
0.928
1.444
1.336
1.228
1.2
1.328
1.372
1.284
1.248
1.156
1.12
1.156
1.188
1.16
1.372
1.4
1.36
1.112
1.084
1.156
1.156
1.024
1.124
1.4
1.28
1.272
1.3
1.284
1.028
0.992
1.016
0.972
0.972
1.048
1.468
1.292
1.148
1.016
1.064
1.636
1.516
1.356
1.568
1.492
1.312
1.232
1.404
1.48
1.284
1.088
1.116
1.588
1.504
1.34
1.248
1.5
1.504
1.484
1.416
1.472
1.364
1.196
1.104
1.56
1.508
1.34
1.54
1.44
1.288
1.352
1.496
1.38
1.252
1.432
1.432
1.388
1.312
1.472
1.412
1.384
1.344
1.472
1.24
1.036
1.136
1.336
1.368
1.36
1.48
1.296
1.356
1.496
1.384
1.252
1.448
1.344
1.22
1.44
1.528
1.364
1.14
1.212
1.328
1.24
1.308
1.548
1.44
1.4
1.476
1.444
1.456
1.372
1.38
1.368
1.404
1.304
1.436
1.384
1.2
0.976
0.984
1.64
1.448
1.32
1.476
1.46
1.368
1.484
1.456
1.344
1.456
1.54
1.408
1.376
1.512
1.432
1.352
1.388
1.592
1.452
1.464
1.5
1.392
1.356
1.356
1.228
1.496
1.528
1.388
1.492
1.46
1.392
1.416
1.428
1.06
1.036
1.152
1.144
1.1
1.052
1.072
1.216
1.26
1.148
1.072
1.132
1.264
1.172
1.068
1.04
0.992
0.956
0.924
0.94
1
1.056
0.948
0.884
0.888
0.876
0.848
0.82
0.804
0.788
0.804
1.056
1
1.112
1.14
1.172
1.24
1.24
1.204
1.232
1.212
1.176
1.084
1.196
1.288
1.12
1.144
1.304
1.084
0.952
0.896
0.884
0.872
0.904
0.984
0.996
0.908
0.876
0.868
0.856
0.996
1.048
0.996
1.164
1.292
1.26
1.208
1.18
1.088
1.044
1.072
1.08
0.96
0.94
1.04
1.052
1.036
0.972
0.908
0.916
1.044
1.26
1.056
1.472
1.388
1.192
1.048
0.996
1.112
1.08
1.136
1.116
1.124
1.092
1.064
1.08
1.328
1.432
1.364
1.22
1.016
1.028
1.496
1.324
1.048
1.54
1.324
1.62
1.588
1.5
1.228
1.144
1.04
0.928
0.876
0.856
0.864
0.992
1.064
1.072
1.156
1.08
1.14
1.224
1.176
1.08
1.18
1.084
0.972
0.98
0.92
0.968
1.224
1.256
1.264
1.412
1.34
1.188
1.2
1.392
1.456
1.416
1.348
1.516
1.424
1.348
1.476
1.424
1.36
1.312
1.644
1.508
1.328
1.552
1.492
1.392
1.54
1.396
1.192
1.12
1.628
1.532
1.42
1.48
1.312
1.512
1.532
1.4
1.448
1.536
1.444
1.34
1.496
1.42
1.348
1.432
1.184
1
1.084
1.348
1.468
1.464
1.396
1.56
1.3
1.16
1.08
1.492
1.476
1.344
1.256
1.2
1.004
1.02
1.224
1.38
1.42
1.368
1.324
1.288
1.368
1.364
1.356
1.328
1.328
1.272
1.416
1.48
1.364
1.424
1.44
1.452
1.32
1.488
1.424
1.212
1.648
1.488
1.196
1.596
1.532
1.252
1.508
1.496
1.448
1.528
1.376
1.152
1.168
1.288
1.16
1.048
1.108
1.176
1.228
1.16
1.052
1.044
0.988
0.956
0.924
0.892
0.904
0.916
0.916
0.936
0.98
0.96
0.88
0.848
0.828
0.812
0.808
0.812
0.82
0.904
1.028
1.04
0.928
0.928
1.012
1.08
1.02
1.016
1.144
1.284
0.964
0.9
1.06
1.208
1.116
1.052
1.24
1.144
1.084
1.1
1.16
1.128
1.036
1.48
1.292
1.352
1.424
1.212
1.356
1.352
1.156
1.42
1.32
1.176
1.468
