0.948
0.924
0.936
0.912
0.924
0.92
0.916
0.92
0.936
0.94
0.932
0.944
0.96
0.952
0.948
0.952
0.932
0.94
0.924
0.94
0.924
0.924
0.932
0.92
0.92
0.928
0.912
0.924
0.916
0.908
0.9
0.9
0.9
0.896
0.9
0.908
0.908
0.924
0.916
0.932
0.924
0.944
0.936
0.936
0.936
0.936
0.924
0.936
0.932
0.932
0.928
0.932
0.932
0.928
0.94
0.948
0.94
0.94
0.94
0.96
0.952
0.944
0.948
0.956
0.944
0.944
0.944
0.9102359
0.94
0.916
0.924
0.94
0.928
0.928
0.936
0.936
0.952
0.952
0.948
0.94
0.94
0.94
0.944
0.928
0.936
0.9332732
0.924
0.908
0.912
0.916
0.916
0.92
0.928
0.932
0.94
0.944
0.952
0.94
0.94
0.944
0.932
0.924
0.94
0.92
0.936
0.944
0.936
0.924
0.944
0.956
0.952
0.948
0.96
0.98
0.948
0.968
0.964
0.956
0.956
0.964
0.956
0.952
0.956
1.024
0.984
0.96
0.964
0.96
0.948
0.944
0.944
0.96
0.948
0.96
0.956
0.952
0.944
0.944
0.936
0.932
0.92
0.94
0.924
0.932
0.932
0.952
0.928
0.94
0.932
0.936
0.936
0.94
0.952
0.948
0.948
0.96
0.944
0.936
0.956
0.936
0.932
0.932
0.928
0.932
0.928
0.928
0.928
1.057066
0.948
0.928
0.908
0.9587945
0.912
0.904
0.9
0.908
0.908
0.928
0.916
0.924
0.936
0.936
0.928
0.928
0.92
0.932
0.928
0.92
0.944
0.928
0.924
0.92
0.932
0.92
0.932
0.932
0.936
0.932
0.936
0.948
0.944
0.94
0.94
0.964
0.956
0.976
0.964
0.98
0.964
0.956
0.976
0.972
0.9654051
0.948
0.936
0.924
0.928
0.936
0.92
0.936
0.928
0.936
0.94
0.936
0.932
0.932
0.92
0.912
0.912
0.928
0.924
0.936
0.928
0.944
0.948
0.94
0.96
0.952
0.94
0.96
0.96
0.956
0.956
0.96
0.968
0.96
0.964
0.96
0.968
0.956
0.968
0.968
0.984
0.96
0.984
0.976
0.98
0.968
0.976
0.972
0.96
0.952
0.968
0.968
0.964
0.948
0.944
0.964
0.948
0.96
0.964
0.956
0.948
0.956
0.956
0.968
0.964
0.972
0.964
0.968
0.964
0.944
0.936
0.932
0.92
0.92
0.916
0.916
0.932
0.916
0.928
0.94
0.94
0.932
0.948
0.968
0.94
0.94
0.936
0.956
0.928
0.924
0.936
0.924
0.928
0.932
0.944
0.94
0.952
0.956
0.964
0.968
0.976
0.964
0.992
0.964
0.988
0.98
0.964
0.98
0.98
0.976
0.968
0.972
0.976
0.96
0.968
0.964
0.956
0.98
0.956
0.964
0.944
0.972
0.948
0.932
0.936
0.944
0.932
0.956
0.944
0.948
0.92
0.96
0.956
0.944
0.948
0.952
0.96
0.948
0.96
0.96
0.956
0.948
0.964
0.96
0.964
0.972
0.972
0.976
0.972
0.964
0.98
0.964
0.96
0.98
0.972
0.976
0.972
0.964
0.968
0.976
0.96
0.976
0.976
0.968
0.972
0.964
0.984
0.988
0.98
1.016
0.968
1
0.964
0.972
0.984
0.976
0.98
0.964
0.98
0.972
0.964
0.964
0.976
0.98
0.984
0.98
0.976
0.964
0.98
0.976
0.96
0.972
0.988
0.988
0.976
0.96
0.996
0.968
0.964
0.968
0.964
0.96
0.948
0.968
0.968
0.968
0.948
0.976
0.972
0.952
0.964
0.956
0.976
0.972
0.968
0.972
1.008
0.98
0.984
0.976
0.988
0.976
0.972
0.968
0.984
0.972
0.964
0.96
0.984
0.972
0.96
0.972
0.976
0.968
0.984
0.972
0.948
0.964
0.964
0.964
0.972
0.984
0.98
0.976
0.972
1.004
1
0.976
0.964
0.956
0.972
0.968
0.968
0.976
0.96
0.968
0.976
0.964
0.984
0.976
0.964
0.96
0.968
0.996
0.964
0.968
0.964
0.976
0.98
0.984
0.984
0.996
0.98
0.988
0.98
0.992
0.972
0.984
0.968
0.98
0.98
0.988
1.004
0.988
1
1.012
1.012
0.988
1.012
1.02
1.016
1
1
1.004
1.004
1.004
0.976
1.004
1.004
0.988
0.984
0.996
0.992
0.98
0.968
0.984
0.984
0.98
0.996
0.968
0.952
0.976
0.96
0.956
0.94
0.952
0.936
0.928
0.92
0.908
0.904
0.908
0.896
0.876
0.876
0.872
0.856
0.852
0.848
0.852
0.848
0.844
0.84
0.844
0.844
0.848
0.844
0.844
0.852
0.848
0.852
0.864
0.872
0.868
0.884
0.896
0.9
0.892
0.916
0.9
0.908
0.908
0.916
0.932
0.936
0.96
0.96
0.964
0.968
0.96
0.936
0.94
0.948
0.944
0.948
0.964
0.976
0.968
1.004
0.98
0.992
0.98
0.972
0.972
0.98
0.972
0.956
1.094802
0.984
0.964
0.944
1.012013
0.8977969
0.924
0.904
0.892
0.884
0.868
0.88
0.86
0.86
0.856
0.86
0.864
0.876
0.892
0.892
0.9
0.908
0.92
0.904
0.908
0.912
0.916
0.912
0.908
0.92
0.916
0.928
0.952
0.956
0.96
0.956
0.968
0.964
0.968
0.968
0.988
1.008
0.992
1.004
0.996
1.012
1.02
0.996
0.972
0.9388744
1.004
0.988
0.984
0.988
0.964
0.952
0.972
0.972
0.96
0.964
0.94
0.96
0.964
0.928
0.9558156
0.96
0.932
0.912
0.908
0.92
0.948
0.928
0.944
0.964
0.984
0.96
0.94
0.964
0.96
0.948
0.944
0.936
0.932
0.952
0.928
0.94
0.988
0.956
0.94
0.924
0.948
0.94
0.944
0.96
0.968
0.988
0.968
0.972
1.028
0.98
1.068726
1.032
0.976
0.972
0.968
1.028
1.004
0.972
1.012028
1.004
0.952
0.932
0.948
0.98
0.948
0.972
0.968
0.988
0.972
0.956
0.96
0.948
0.944
0.92
0.904
0.904
0.896
0.908
0.928
0.928
0.932
0.972
0.964
0.944
0.96
0.972
0.964
0.952
0.96
0.972
0.968
1.016908
1.008
0.964
0.944
0.952
0.964
0.976
0.948
0.96
1
1.02
1.008
0.984
0.9985514
1.02
0.964
0.976
0.9546811
1.02
0.956
0.964
0.98
0.988
0.992
0.988
1.048
1.008
1.110448
1.016
1.02
1.02
0.996
0.996
0.976
1.016
1.025616
1.008
1.008
1.024
1.004
0.976
0.862828
1.012
0.98
0.98
0.976
0.964
0.992
0.98
0.992
1
0.992
0.988
1
1.012
0.988
1
1.012
1.004
1.008
1.012
1.02
0.98
1.016
1.024
1.02
1.02
1.032
1.044
1.044
1.036
1.048
1.048
1.036
1.016
0.996
0.988
0.988
0.976
0.988
1.016
1.012
1.004
1.004
1.016
1.024
0.988
0.992
0.972
1.044
1.012
0.988
0.98
0.988
0.996
0.964
0.976
0.988
0.976
0.98
0.968
0.984
0.984
0.984
0.968
0.98
0.968
0.968
0.976
0.944
0.98
0.98
0.972
0.98
0.968
0.992
0.984
0.98
1
0.996
1
0.972
0.98
0.968
0.98
0.96
0.968
0.964
0.972
0.948
0.956
0.976
0.992
0.968
0.948
0.968
0.976
0.988
0.972
0.956
0.964
1.008
0.992
1
1.008
1.016
0.996
0.976
0.964
0.98
0.976
0.988
0.972
0.98
0.992
0.964
0.984
0.976
0.964
0.94
0.956
0.984
1.004
0.984
0.984
1.032
1.012
1
0.956
0.972
1
0.992
0.968
0.988
1.008
0.996
0.992
0.992
1.02
1
0.972
0.992
0.984
0.992
0.976
1.043232
0.992
0.98
0.96
0.988
0.968
1.008
0.976
0.992
1.024
0.996
1.032
0.964
1.02
0.972
0.98
0.956
0.936
0.948
0.964
0.952
0.948
0.972
0.984
0.972
0.956
0.98
1.008
0.956
0.968
1
1.012
0.988
0.996
1.028
1
0.9660934
1.036
0.988
0.984
1.004
1.048
0.996
1.004
1.048
1.024
1.032
1.012
1.016
1.04
1.024
1.016
1.04
1.032
1.036
1.036
1.052
1.044
1.008
1.004
1.02
1.032
1.02
1.004
1.016
1.008
0.984
0.988
0.964
0.976
1.004
1.012
0.988
0.984
1.016
1.028
1
0.972
1
1
0.992
0.96
0.988
0.984
0.968
0.976
0.96
1.02
0.98
0.948
0.928
0.924
0.924
0.928
0.928
0.932
0.936
0.944
0.92
0.928
0.932
0.928
0.924
0.94
0.944
0.936
0.948
0.948
0.956
0.952
0.98
0.952
0.968
0.968
0.988
0.964
1
1.004
1.004
1.024
1.032
1.016
1.02
1.024
1.064
1.02
1.036
1.02
1.012
1.008
1.02
1.02
1.024
1.032
1.024
1.056
1.036
1.016
1.02
1.028
1.012
1.008
1.012
1.036
1.02
0.996
0.976
0.976
0.984
1
0.968
0.992
1.004
0.988
0.988
1.004
1.004
0.992
1.004
1.008
0.984
0.964
0.956
1
1.008
1.028
1.024
1.024
1.012
1.004
1.012
0.996
0.984
0.988
1.012
1.02
1.056
1.028
1.056
1.024
1.04
1.06
1.056
1.024
1.008
1.036
1.012
1.06
1.032
1.028
1.04
1
0.996
1
1.012
1.004
0.984
0.964
0.968
0.98
0.98
0.976
1.012
1.016
1.008
1.024
1
1
0.992
1
1.02
0.988
1
1.004
0.992
0.996
0.988
1.008
0.996
0.996
0.984
0.976
1.004
0.968
0.988
0.988
1.012
0.96
0.96
0.98
0.984
0.988
0.96
0.988
0.976
0.98
0.968
0.968
0.98
0.96
0.952
0.972
1
0.968
0.976
0.984
0.984
0.96
0.96
0.956
0.98
0.964
0.964
0.964
0.968
0.96
0.96
0.964
0.972
0.98
0.964
0.972
0.98
0.988
0.98
1.016
1.024
1
0.988
0.988
1.008
0.964
0.988
0.984
0.972
0.976
0.996
0.988
0.984
0.988
0.984
0.96
0.976
0.996
0.972
0.984
1
0.992
0.98
0.992
1.024
1.008
1.028
1.048
1.012
1.036
1.056
1.068
1.052
1.056
1.052
1.06
1.024
1.024
1.032
1.02
0.996
1.02
1.036
1.016
1.036
1.024
1.04
1.04
1.04
1.008
0.98
0.992
0.98
0.996
0.992
1.028
1.028
1.02
1.024
1.028
1.008
1.048
1.036
1.024
1.064
1.032
0.9529827
1.024
1.004
0.98
0.984
1.004
0.996
1.024
0.984
1.04
1.024
1.016
1
1.024
1.024
1.048
1
0.984
1.016
0.992
1
1
1
1
1.012
1.036
1.02
1.024
1.028
1.016
1.036
1.012
1.028
1.04
1.04
1.028
1.012
1.056
1.024
1.012
1.008
1.024
1.016
1.016
1.02
1.036
1.04
1.024
0.976
0.992
1.008
1.012
0.992
0.968
0.992
0.992
0.992
1.008
1.04
1
1.008
1.008
1.012
1.032
1.02
1.032
1.052
1.036
1.024
1.044
1.024
1
1.02
1.052
1.032
1.016
1.028
1.044
1.028
1.004
1.008
1.044
1.068
1.004
0.992
1.016
1.02
1.038464
1.052
1.024
1.012
1
1.024
0.98
0.988
1.008
1.008
1
0.976
0.996
0.992
0.988
0.976
1
1.02
1.02
1.008
1.02
1.044
1.032
1.008
1.036
1.044
1.012
1.004
1.036
1.016
1.016
0.984
0.98
0.995985
1.012
1.016291
1
0.988
1.024109
1.004
0.968
0.988
0.996
0.9553585
1.04
1.008
0.996
1.024
1.048
1.028
1.032
1.056
1.068
1.064
1.032
1.064
1.052
1.06
1.048
0.992
1.008
0.992
1.004
0.996
1.052
1.056
1.052
1.032
1.048
1.056
1.028
1.012
1.016
1.02
1.036
1.028
1.044
1.08
1.028
1.036
1.036
1.024
1.02
1.004
1.028
0.996
0.972
0.976
0.976
0.988
0.964
0.98
0.984
1.024
1
1.016
1.024
1.056
1.06
1.012
0.992
0.996
1
0.972
0.992
1.008
1.008
0.984
1.016
1.032
0.996
0.972
0.992
1.024
1.012
1.012
1.052
1.044
1.008
1.024
0.992
1.149956
1.016
1.02
1.04
1.04
1.04
1.052
1.08
1.048
1.024
1.032
1.036
1.02
1.02
1.004
1.024
1.04
1.012
1.036
1.02
1.024
1.04
1.052
1.032
1.004
1
1.032
1.028
1.024
1.004
1.028
1.008
0.996
1.016
1.024
1.008
0.988
1.004
1.004
0.948
0.952
0.972
0.972
0.984
0.948
1.125991
1.04
0.984
0.976
1.04241
1.004
0.98
0.984
1.202708
1.008
0.996
0.972
1.149842
0.992
0.98
0.992
0.996
0.984
1.008
1.012
1.004
1.02
1.048
1.032
1.024
1.048
1.048
1.06
1.052
1.06
1.072
1.064
1.052
1.056
1.072
1.068
1.076
1.068
1.036
1.044
1.06
1.012
1.044
1.064
1.036
1.064
1.117513
1.088
1.072
1.088
1.076
1.056
1.048
1.056
1.052
1.056
1.06
1.016
1.036
1.04
1.201985
1.072
1.06
1.036
1.004
1.012
1.012
0.988
0.992
0.996
1.204556
1.04
1.02
0.992
0.976
0.996
0.976
0.996
1.203523
1.024
1
0.984
0.964
1.196292
1.016
0.988
1.188267
1.048
1.008
1.032
1.02
1.032
1.008
1.02
1.149692
1.048
1.134038
1.056
1
0.992
1.13012
1.04
1.016
1.004
1.004
1.110645
1.04
1.008
1.012
1.143987
1.044
1.004
1.074829
1
1.008
1.3031
1.028
1.024
1.240371
1.032
1.028
1.016
1.012
1.087569
1.052
1.044
1.016
1.136523
1.024
1.132945
1.06
1.036
1.06
1.216793
1.088
1.044
1.064
1.160963
1.064
1.056
1.18427
1.036
1.028
1.166633
1.036
1.04
1.166721
1.056
1.032
1.036
1.04
1.016
1.012
1.26263
1.012
1.157774
1
1.273841
0.988
0.928
0.944
0.952
1.07268
0.948
0.948
1.215012
0.96
0.968
1.185588
1.004
1.192409
1.016
1.203972
1.004
1.1463
1.04
0.996
1.158585
0.988
0.96
1.114292
1.016
1.016
1.111853
1.052
1.203636
1.08
1.072
1.214295
1.12
1.1
1.064
1.052
1.068
1.06
1.056
1.072
1.084
1.068
1.06
1.192393
1.112
1.06
1.250995
1.08
1.06
1.326708
1.104
1.08
1.159486
1.076
1.052
1.040121
1.06
1.044
1.260609
1.032
1.032
1.004
1.14838
1.012
0.992
1.150754
1.016
1.056
1.04
1.265484
1.072
1.06
1.179658
1.088
1.068
1.052
1.118905
1.088
1.024
1.008
1.212917
1.052
1.008
1.192579
1.072
1.052
1.036
1.004
1.012
1.203817
1.092
1.229478
1.088
1.056
1.180205
1.084
1.056
1.072
1.248411
1.08
1.068
1.06
1.1921
1.036
1
1.012
0.988
1.229786
1.076
1.06
1.032
1.528
0.928
1.296
1.28187
1.084
1.024
1.052
1.2388
1.088
1.04
1.04
1.189086
1.044
1.024
1.028
1.028
1
1.287635
1.068
1.02
1.27775
1.088
1.024
1.24864
1.02
1.016
0.992
0.98
1.228651
1.028
1.012
0.996
0.984
0.98
0.976
0.968
0.988
0.996
0.988
1.172135
1.028
1.303926
1.028
1.008
1.174265
1.04
1.016
1.358987
1.04
1.016
1.315769
1.052
1.198765
1.016
1.14648
1.044
1.016
1.167492
1.028
0.988
0.992
1.231626
1.036
1.016
1.19833
1.056
1.02
1.191681
0.984
1.151693
1.056
1.032
1.036
1.211716
1.08
1.044
1.162707
1.064
1.008
1.104202
1.044
1.004
1.189411
1.02
0.984
1.275366
1.016
0.996
0.968
1.176311
1.012
0.96
1.254558
1.004
1.107107
0.996
0.992
1.210426
1.032
1.02
1.028
1
1.012
1.248209
1.036
1.004
1.233597
0.996
0.976
1.220481
0.968
0.968
0.976
1.170814
1.004
0.988
1.156777
1.012
1.14509
0.984
1.220545
0.996
1.149875
1.036
1.004
0.984
1.17982
1.024
1.195185
1.016
1.004
1.333978
1.028
1.168559
1.008
0.996
1.22705
1.272
1.004
0.984
1.216267
1.296
1.052
1.008
1.147048
1.268
1.02
0.992
1.205628
1.292
1.052
1.056
1.024
1.305501
1.332
1.096
1.028
1.024
1.06
1.044
1.032
1.238929
1.324
1.068
1.04
1
0.996
0.984
0.984
0.984
1.210805
1.052
1.179883
1.084
1.028
1.071581
1.072
1.04
1.036
1.281995
1.056
1.110155
1.06
1.036
1.255524
1.06
1.332712
1.04
1.110483
1.316
1.044
1.252214
1.188276
1.268
1.06
1.101207
1.044
1.004
1.016
0.996
1.104453
1.072
1.032
1.048
1.098256
1.048
1.06
1.168811
1.107068
1.06
1.04
1.24907
1.044
1.04
1.036
1
1.032
1.08
1.056
1.036
1.06
1.06
1.036
1.012
1.028
1.341075
1.032
1.012
1.116499
1.024
1.016
1.253534
1.06
1.032
1.06
1.068
1.044
1.068
1.076
1.084
1.04
1.250735
1.108
1.072
1.064
1.168
1.220797
1.032
1.076
1.068
1.13112
1.088
1.076
1.072
1.036
1.036
1.188438
1.056
1.036
1.176943
1.072
1.008
1.231901
1.06
1.008
1.169039
1.06
1.012
1.016
1.257088
1.136
1.166926
0.912
1.012
1.088
0.952
1.112
0.992
1.104
1.258571
1.144
1.416
1.028
1.117887
1.028
1.12
1.12
1.108
1.112
1.084
1.08
1.088
1.08
1.092
1.06
1.044
1.052
1.06
1.052
1.004
1.064
1.024
1.096066
1.068
1.072
1.392777
1
1.012
1.024
1.04
1.14835
1.195245
1.217195
1.064
1.028
1.032
0.988
1.140732
1.206526
1.196273
1.157121
1.175242
1.044
1.052
1
1
1.16634
1.309057
1.044
1.04
1.008
1.117178
1.048
1.02
0.988
0.996
1.091361
1.028
0.976
1.016
1.02
1.004
1.008
1.163173
1.180765
1.036
1.032
1.187727
1.064
1.048
1.127101
1.08659
1.064
1.028
1.032
1.056
1.084
1.048
1.104
1.1
1.076
1.028
1.235714
1.096
1.096
1.127624
1.028
1.004
1.004
1.016
0.996
1.032
1.048
1.028
1.024
1.048
1.02
1.012
1.088077
1.129344
1.131541
1.084
1.048
1.052
1.064
1.216175
1.124
1.088
1.096
1.084
1.044
1.072
1.108
1.145428
1.144
1.112
1.092
1.076
1.06
1.056
1.092
1.02
1.088
1.072
1.032
1.064
1.104
1.076
1.008
1.024
1.032
1.052
1.008
1.064
1.068
1.088
1.096
1.052
1.032
1.028
1.044
1.08
1.052
1.044
1.068
1.072
1.072
1.06
1.072
1.04
1.004
1.024
1.036
1.076
1.06
1.048
1.076
1.048
1.02
1.032
1.068
1.024
1.02
1.04
1.036
1.044
1.012
1.177383
1.094205
1.036
1.024
1.032
1.072
1.012
1.04
1.052
1.056
1.012
1.016
1.028
1.044
1.004
1.028
1.008
0.988
1.004
0.968
1.008
1.024
1.008
1.136903
1.056
1.124
1.084
1.100321
1.127858
1.164
1.128
1.284
1.192
1.176
1.104
1.096
1.092
1.072
1.084
1.1
1.124
1.072
1.052
1.072
1.036
1.028
1.056
1.056
1.084
1.044
1.052
1.057006
1.112
1.096
1.036
1.064
1.064
1.088
1.048
1.088
1.116
1.124
1.104
1.048
1.012
1.028
1
0.996
1.004
1.025246
1.052
1.068
1.06
1.04
1.012
1.06
1.064
1.036
1.036
1.048
1.048
1.04
1.052
1.112
1.064
1.032
1.06
1.088
1.052
1.024
1.028
1.048
1.04
1
1.008
1.116
1.028
1.02
1.024
1.072
1.068
1.048
1.076
1.1
1.076
1.028
1.012
1.048
1.04
1.032
1.052
1.068
1.064
1.024
1.06
1.04
1.056
1.036
1.02
1.048
1.012
1.016
1.036
1.232517
1.068
1.072
1.096
1.068
1.092
1.12
1.084
1.016
1
1.048
1.044
1.024
1
1.036
1.06
1.02
1.012
1.028
1.064
1.008
0.972
1
1.008
0.98
0.976
1.02
1.004
1.004
1.008
1.036
1.044
1
1.064
1.004
1.052
1.064
1.08
1.064
1.04
1.096
1.076
1.08
1.028
1.068
1.052
1.08
1.064
1.052
1.076
1.044
1.016
1.016
1.012
1.004
1.016
0.988
1.04
1.064
1.06
1.036
1.036
1.096
1.06
1.06
1.012
1.032
1.064
1.048
1.024
1.036
1.044
1.06
1.012
1.024
1.008
1
1.132057
1.032
0.996
0.984
0.992
1
0.972
1.009475
1.028
0.992
1.012
1.036
1.004
1.056
1.068
1.08
1.024
1.072
1.088
1.052
1.036
1.072
1.088
1.068
1.04
1.064
1.092
1.024
1.008
1.02
1.02
1.06
1.044
1.02
1.048
1.084
1.048
1.072
1.088
1.084
1.08
1.032
1.05358
1.088
1.032
1.004
1.004
0.988
0.988
1.016139
1.06
1.052
1.056
1.008
1.06
1.048
1.024
1.02
1.032
1.248
0.804
1.116
1.132
1.1
1.072
1.104
1.084
1.052
1.004
0.98
1
1.012
0.984
1.028
1.08
1.06
1
1.084
1.072
1.032
1
1.056
1.044
1.02
1.04
1.012
1.04
1.036
1.02
1.028
1.072
1.096
1.064
1.112
1.148
1.112
1.064
1.072
1.136
1.096
1.02
1.02
1.032
1.044
1.028
1.246227
1.192
1.168
1.132
1.132
1.116
1.104
1.092
1.076
1.064
1.088
1.068
1.044
1.048
1.096
1.052
1.056
1.056
1.028
1.04
1.004
1.048
1.064
1.06
1.048
1.056
1.076
1.088
1.028
1.028
1.068
1.02
1.04
1
1.064
1.028
1.19118
1.04
0.996
0.972
0.944
0.968
0.972
0.964
0.952
0.964
0.98
0.968
0.948
0.972
0.988
1.028
1.012
0.968
1.008
1.032
1.028
1.008
1
1.028
1.032
0.996
1.02
1.02
1.048
1.028
1.088548
1.108
1.068
1.072
1.016
0.996
1.016
1.02
0.996
0.996
1.024
1.032
1.012
0.988
1.016
1.052
1.016
0.996
1.044
1.036
1
0.984
1.004
1.012
1.016
0.984
1.142933
1.084
1.024
1.06
1.096
1.088
1.08
1.072
1.096
1.064
1.048
1.052
1.084
1.08
1.056
1.024
0.996
0.992
1.004
1
1.06
1.076
1.04
1.032
1.008
1
1.004
1.02
0.988
0.996
1.012
0.984
0.996
1.008
1.004
0.992
1
1.028
1
1.004
1.04
1.028
1.024
1.044
1.04
1.028
1.052
1.064
1.032
1.085069
1.04
0.984
0.984
0.98
0.964
1.081902
0.972
0.956
0.944
0.948
0.96
0.944
1.062349
0.964
0.932
0.928
1.075855
0.924
0.908
1.225036
1.112319
0.904
0.908
1.1243
1.13271
0.932
0.932
1.198691
0.912
0.888
0.888
0.872
1.083778
0.936
0.9
1.052749
1.229587
0.968
1.089772
0.952
0.932
0.92
0.92
1.071968
0.972
0.96
1.038502
1.008
0.992
1.035806
1.052
1.036
1.012
1.016
1.032
1.028
1.016
1.084209
1.06
1.016
0.996
1.016
1.032
1.036
1.044
1.028
1.056
1.164751
1.06
1.06
1.197787
1.056
1.012
1.008
1.016
1.171914
1.056
1.024
1.016
0.996
0.988
1.016
1
1.10214
1.052
1
1.008
0.992
1.130851
1.04
1.008
0.976
1.016
1.016
1.081002
1.080287
1.04
1.02
1.1867
1.060996
1.257813
1.12248
1.052
1.04
1.016
1.028
1.036
1.004
0.984
1.143468
1.036
1.016
1.028
1.024
1.080796
1.072
1.036
1.016
1.052
1.036
1.044
1.024
1.056
1.092289
1.084
1.02
1.052
1.036
1.043375
1.118508
1.158401
1.02
1.004
1
1
1.032
1.152332
1.079144
1.12
1.076
1.04
0.996
1.078816
1.097807
1.02
0.976
1.004
1
1.008
1.04
1.024
1.230304
1.016
0.988
0.964
0.98
0.992
0.992
0.996
1.008
1.012
0.996
1.028
1.056165
1.04
1.02
1.028
0.992
1.119681
1.088
1.052
1.036
1.044
1.028
1.044
1.257571
1.084
1.068
1.02
1.008
0.98
1
1.124984
1.048
1.04
1
1.008
1.041661
1.044
1.072
1.087694
1.06
0.988
1.136
1.044
1.104
1.016
1.124
1.16387
1.136
1.152
1.10686
1.264
1.094526
1.356
1.328
1.152
1.336
0.952
1.108949
1.224
1.012
1.137705
0.88
1.128
0.956
0.892
1.092
1.237531
1.132
1.14
1.125815
0.84
0.908
1.412
0.812
1.072
1.232
1.203203
1.128
1.173393
1.412
1.124093
1.196
1.02
1.030103
1.424
1.04
1.097073
1.024
1.044
1.044
1.099114
1.084
1.04
1.044
1.134641
1.1
1.072
1.084
1.217576
1.08
1.044
1.096
1.032
1.032
1.28327
1.088
1.233894
1.08
1.048
1.02
0.988
1.064
1.092
1.092
1.08
1.122544
1.12
1.056
1.015037
1.084
1.016
1.024
1.032
1.105563
1.048
1.048
1.044
1.137186
1.052
1.008
1.187212
1.028
1.052
0.96
0.988
1.004
1.02
1.194958
1.052
1.176528
1.048
1.028
1.016
0.976
1.028
1.012
1.036
0.976
0.988
0.996
1.038807
1.024
0.976
1.004
1.032
0.996
1.024
1.104
1.076
1.036
1.036
1.096
1.028
1.044
1.004
1.012
1.048
1
1.016
1.016
1.02
1.032
1.028
1
1.04
1.076
1.028
1.02
1
1.044
1.076
1.008
1.012
0.992
1.02
1.036
1.012
1.02
1.012
1.052
1.052
0.992
1.032
1.044
1.032
1.08
1.016
0.992
1.02
1.028
1.048
0.996
1.076
1.08
1.024
1.128
1.06
1.186727
1.072
1.04
1.004
1.100623
1.044
0.992
1.012
1.012
0.996
1.141277
1.104
1.02
0.988
1.134275
1.08
1.056
1.04
1.024
1.052
1.157086
1.06
1.044
1.04
1.04
1.056
1.06
1.092
1.096
1.072
1.1
1.084
1.092
1.072
1.068
1.12862
1.088
1.02
0.976
0.992
0.996
0.988
1.015667
1
1.174566
1.028
0.992
1.028
1.028
1.012
1.036
1.052
1.02
1.02
1.028
1.008
0.98
1.149533
1.024
0.996
1.012
1.012
1.105658
1.028
1.02
1.02
1.028
0.996
1.028
0.992
1.012
0.98
1.129599
1.04
1
0.968
0.996
0.992
1.004
0.988
0.992
1.028
1.016
0.976
0.976
0.98
0.972
0.98
1
0.992
0.988
1.127899
1.044
1.008
1.024
1.032
1.036
0.996
1.024
1.044
1.024
1.012
1.132163
1.04
1.036
1.02
1.02
1.036
1.036
1.024
1.004
1.016
1.02
0.992
1.044
1.032
0.996
1.016
1.024
1.048
1.032
0.996
1.028
1.044
1.024
1.032
0.984
0.996
1.008
1.012
1.004
1.02
1.024
1
1.222697
1.032
1.008
1.008
1.024
0.996
1.012
1.02
1.036
1.04
1.068
1.092
1.076
1.068
1.06
1.08
1.028
1.028
1.036
1.06
1.032
1.02
1.032
1.056
1.06
1.024
1.02
1.072
1.088
1.072
1.016
1.048
1.06
1.068
1.064
1.04
1.072
1.096
1.028
1.044
1.012
1.044
1.028
1.02
1
1.04
1.068
0.996
1.016
1.098646
1.048
1.048
1.028
0.972
0.992
1
0.988
1.124638
1.024
0.984
1.004
1
0.968
1.191195
1.183692
1.056
1.036
1
1.036
1.052
1.016
1.190167
1.124
1.08
1.07631
1.088
1.064
1.048
1.064
1.068
1.036
1.028
1.064
1.072
1.08
1.072
1.132
1.132
1.104
1.08
1.096
1.1
1.092
1.088
1.02
1.056
1.032
1.044
1.056
1.06
1.064
1.036
1.032
1.016
1.08
1.02
1.004
1.016
1.008
1.028
1
1.032
1.068
1.032
1.032
1.076
1.08
1.016
1.02
1.04
1.076
1.02
1.02
1.048
1.056
1.251818
1.064
1.036
1
0.992
0.984
1.124295
1.028
1.04
1.028
0.996
1.012
1.056
1.028
1.008
1.244473
1.052
1.056
0.992
0.996
1.024
0.992
0.992
1.008
1.016
1.004
1.008
1.016
1.032
1.008
1
1
1.056
1.032
1.028
1.044
1.052
0.984
0.988
1.02
0.984
0.992
1.008
1.016
0.976
1.028
0.988
0.98
1.004
1.04
1
0.992
1.016
1.02
0.996
1.024
1.032
1.032
1.036116
1.076
1.048
1.036
1.052
1.096
1.104
1.064
1.132
1.112
1.104
1.08
1.096
1.092
1.056
1.076
1.108
1.096
1.04
1.096
1.044
1.072
1.056
1.076
1.036
1.104
1.088
1.088
1.068
1.088
1.056
1.084
1.048
1.130017
1.08
1
1.02
1.211698
1.044
1.06
1.081806
1.044
1.048
1
1.004
1.02
1.032
1.028
1.032
1.036
1.048
1.036
1.008
0.996
1.016
1.008
1
0.984
1.048
1.02
1.02
0.984
1.004
1.008
1.036
1.081014
1.068797
0.844
0.96
1.056
1.256
1.124
1.432
1.061949
1.4
1.324
1.052
0.928
1.2
1.156
1.103522
1.324
0.964
1.112
1.448
1.155061
0.988
1.000053
1.147596
1.215589
1.412
1.268918
1.296
1.220469
0.804
0.96
1.26
0.892
1.204
0.872
1.185564
1.021299
1.3
1.096147
1.092
1.113016
0.984
1.183265
1.268
1.130053
0.88
1.448
0.912
1.192
0.916
1.054842
1.249899
1.292
1.324
1.199301
1.072
1.155073
0.852
1.220405
1.051313
1.183911
1.105738
0.884
1.104
1.232
1.186455
1.137364
1.183508
1.230234
1.142501
1.312
1.209813
1.416
1.064175
0.892
0.876
1.095723
1.052
1.044
1.244733
0.94
1.169561
1.08
1.456
0.928
0.896
1.009771
0.94
0.82
1.055984
0.848
1.256
1.416
1.18
0.88
1.134297
1.036
1.205344
1.148
1.141702
1.144
1.368
0.96
1.190627
1.213007
1.260363
1.15364
1.008
1.416
1.36
1.212
0.984
0.956
1.308
1.104
0.86
1.148553
0.996
0.856
0.98
1.036711
0.896
1.159765
1.115521
0.896
1.08928
0.916
1.14224
1.428
1.221729
0.944
1.022957
1.126792
1.356
1.216
1.048
1.072
1.092
1.088
1.1
1.084
1.088
1.06
1.08
1.068
1.056
1.06
1.048
1.048
1.032
0.992
1.056
0.992
0.98
0.988
1.166536
1.012
1.016
1.028
1.012
1.024
1.100466
1.068
1.056
1.072
1.182193
1.076
1.18755
1.068
1.032
1.052
1.068
1.004
0.996
1.052
1.036
1.056
1.028
1.108
1.04
1.064
1.088
1.048
1.104
1.02
1.044
1.064
1.024
1.044
1.012
1.052
1.076
1.159936
1.108
1.052
0.988
1.008
1.012
1.08
1.012
0.984
0.984
1.012
0.992
0.992
0.996
1.04
0.976
1.036
1.008
1.004
0.992
0.996
1.016
0.999356
1.064
1.112
1.332911
1.06
1.149071
1.108
1.12
1.1
1.16
1.205794
1.12
1.1
1.072
1.088
1.180794
1.230507
1.124
1.216788
1.08
1.068
1.072
1.076
1.064
1.156
1.14869
1.08
1.187592
1.088
1.076
1.09991
1.04
1.219209
1.088
1.084
1.131888
1.128
1.084
1.104
1.322344
1.1
1.08
1.096
1.092
1.052887
1.084
1.072
1.056
1.064
1.076
1.131317
1.1
1.216628
1.112
1.076
1.064
1.096
1.195597
1.08
1.188
1.316
1.44
1.16
1.256
1.4
1.288
0.956
1.372
1.122404
1.364
1.095362
1.156
1.116
1.08
1.088
1.104
1.112
1.08
1.1
1.108
1.170534
1.088
1.088
1.052
1.159858
1.088
1.096
1.012
1.042103
1.08
1.02
1.02
1.06
1.048
1.056
1.06
1.08
1.162549
1.116
1.06
1.036
0.976
0.936
1.056
1.012
1.172518
1.1
1.052
1.044
1.171324
1.08
1.048
1.048
1.089735
1.056
1.036
1.032
1.19095
1.096
1.096
1.044
0.992
0.884
1.028
1.250422
1.056
1.189275
1.052
1.072
1.08
1.083727
1.032
1.048
1.056
1.129925
1.124
1.112
1.06
1.06
1.108
1.181477
1.136
1.124
1.112
1.104
1.096
1.115527
1.136
1.084
1.076
1.01539
1.072
1.04
1.056
1.216688
1.08
1.08
1.036
1.103119
1.048
1.004
1.119995
1.044
1.036
1.02
1.257464
1.056
1.028
1.016
1.106561
1.04
1.004
1.048
1.213755
1.064
1.056
1.056
1.07424
1.068
1.084
1.06
1.13418
1.124
1.096
1.088
1.1
1.092
1.06
1.092
1.152618
1.152
1.092
1.084
1.076
1.068
1.079943
1.108
1.048
1.052
1.04
1.004
1
1.024
1.008
1.06
1.114936
1.052
0.98
0.992
0.98
0.956
0.984
0.988
0.968
0.96
0.972
0.984
0.96
0.964
0.968
0.972
0.964
1.154249
1
0.964
0.992
1.200345
1.012
1.028
1.048
1
1.04636
1.032
1.012
0.996
1.052
1.028
1.052
1.116
1.108
1.08
1.056
1.112
1.084
1.088
1.068
1.08
1.064
1.052
1.131307
1.076
1.024
1.02
1.036
1.036
1.044
1.056
1.052
1.016
1.024
1.024
1.06
1.072
1.04
1.072
1.08
1.108
1.044
1.06
1.044
1.092
1.032
1.032
1.036
1.052
1.048
1.024
1.06
1.104
1.072
1.052
1.068
1.112
1.056
1.052
1.072
1.092
1.02
1.044
1.056
1.06
1.076
1.032
1.056
1.084
1.084
1.12
1.048
1.024
1.068
1.084
1.064
1.072
1.096
1.236
0.992
1.112
1.199937
1.132
1.114013
1.084
1.08
1.032
1.032
0.996
1.072
1.056
1.052
1.02
1.016
1.06
1.084
1.06
1.08
1.092
1.1
1.068
1.052
1.068
1.052
1.068
1.068
1.012
1.044
1.036
1.044
1.032
1.024
1.032
0.992
1.012
1.02
0.976
0.996
1.032
1.02
0.992
0.98
0.984
0.956
0.952
0.94
0.944
0.936
0.948
0.952
0.956
0.952
0.944
0.948
0.948
0.94
0.948
0.952
0.964
0.98
0.964
0.976
0.976
1.164
1.06
1.160029
1.028
1.177446
1.336
1.012
1.168
1.232
1
1.016
1.172
1.044
1.14
1.161939
1.108
0.996
1.024
0.92
1.187083
0.868
1.26
1.135464
1.036
0.896
0.884
0.912
1.376
0.916
0.908
0.948
1.11541
0.924
0.916
0.9675102
1.336
0.824
1.136069
0.904
0.864
1.170409
1.24
1.177162
1.104842
1.368
1.259218
1.452
1.064
1.08
1.159923
1.108
1.076
1.056
1.004
1.044
1.148643
1.08
1.064
1.076
1.224049
1.112
1.08
1.044
1.09176
1.132
1.052
1.052
1.109022
1.068
1.032
1.052
1.297078
1.112
1.076
1.084
1.138569
1.076
1.08
1.02
1.245476
1.076
1.04
1.044
1.041548
1.088
1.064
1.04
1.123651
1.344
1.124
1.024
1.02
1.024
1.004
1.160386
1.332
1.064
1.036
0.996
1.154523
1.332
1.048
1
1.024
1.067396
1.288
1.036
1.02
1.012
1.134578
1.284
1.056
1.052
1.016
1.028
1.04
1.068
1.024
1.032
1.060615
1.344
1.06
1
1.004
0.988
0.976
0.988
1
0.98
0.988
1.012
0.996
1.036
1.012
1.084
1.052
1.176895
1.036
0.996
0.964
0.964
0.976
1.200764
1.052
1.048
1.02
0.9811207
1.088
1.02
1.008
1.036
1.04
1.209523
1.06
1.044
1.016
1.004
1.052
1.036
1.024
1.036
1.064
1.04
1.02
1.048
1.072
1.028
1.036
1.052
1.064
1.04
1.032
1.052
1.036
1.04
1.024
1.036
1.028
1.032
1.044
1.08
1.016
1.032
1.04
1.036
1.042025
1.084
1.028
1.012
1.012
1.012
1.153789
1.076
1.036
1.004
1.008
1.024
1.166898
1.052
1.008
0.98
1.004
1
1.004
1.008
1.008
1.02
1.008
1.032
1.056
1.016
1.02
1.108993
1.044
1.016
1.024
1.02
0.992
1.016
1.04
1.079072
1.132679
1.056
1.012
1.048
1.150584
1.092
1.092
1.052
1.068
1.028
1.044
1.06
1.04
1.036
1.179548
0.9851329
1.092
1.044
1.04
1.02
1.044
1.012425
1.1
1.215402
1.052
1.189915
1.092
1.04
1.06
1.056
1.072
1.052
1.044
1.076
1.064
1.028
0.996
1
1.008
1.012
1.004
0.984
1.012
0.996
1
1.012
1.04
1.036
1.02
1.028
0.988
1.148619
1.032
1.024
1.06
1.036
1.032
1.008
1.166979
1.088
1.180308
1.056
0.992
1.04
1.032
1.056
1.04
1.052
1.048
1.04
1.06
1.032
1.016
1.036
1.052
1.048
1.052
1.092
1.032
1
1.02
1.024
1.032
0.996
1.016
1.02
1.04
1.004
1.028
1
1.016
1.024
1.02
1.024
1.064
1.008
1.016
0.992
1.004
1.016
1.008
0.9427252
1.06
1.192397
1.086762
1.052
1.008
1.156
1.134099
1.208
1.099266
1.052
1.052
1.14
1.176502
1.095685
1.016
1.18
1.104
1.008
1.153041
1.092833
1.096
1.046327
1.188
1.436
1.198771
1.208
1.167693
1.208
1.316
1.232
1.276
1.328
1.28
1.308
0.88
1.064
1.096
1.16
1.232697
1.122836
1.108
1.192993
1.368
1.176
1.028
1.076
1.06
1.249246
1.096
1.052
1.088
1.099777
1.076
1.036
1.016
1.030782
1.36
1.072
1.04
1.096
1.052
1.112
1.052
1.088
1.108
1.06
1.044
1.076
1.076
1.076
1.076
1.02
1.06
1.036
1.044
1.10231
1.064
1.028
0.976
1.016
1.044
1.103908
1.088
1.024
1.004
1.128071
1.32
1.044
1.008
1.048
1.044
1.044
1.028
1.231339
1.096
1.028
1.016
1.096359
1.312
1.072
1.08
1.06
1.142651
1.4
1.124
1.052
1.04
1.064
1.064
1.036
1.072
1.102925
1.348
1.076
1.02
1.008
1.012
1.016
0.988
1.016
1.044
1.044
1.068
1.084
1.084
1.04
1.032
1.119553
1.06
1.024
1.02
1.024
1.032
1.032
1.024
1.052
1.116
1.016
1.008
1.052
1.06
1.02
1.024
1.072
1.072
1.024
1.04
1.06
1.052
1.036
1.044
1.139497
1.096
1.048
1.048
1.048
1.048
1.048
1.072
1.096
1.096
1.088
1.048
1.032
1.056
1.04
1.056
1.108
1.08
1.108
1.02
1.044
1.068
1.056
1.024
1.048
1.096
1.056
1.056
1.076
1.108
1.068
1.056
1.072
1.088
1.064
1.072
1.056
1.088
1.028
1.004
1.068
1.096
1.06
1.048
1.02
1.044
1.076
1.072
1.084
1.068
1.1
1.088
1.048
1.024
1.012
1.052
1.016
0.98
0.996
1.028
1.016
1.02
1.052
1.12
1.084
1.052
1.076
1.036
1.06
1.02
1.028
1.004
1.04
1.016
1.012
1.012
1.04
1.016
0.988
0.972
1.208483
1.032
1.028
1.128603
1.056
1.012
1.008
1.04
1.064
1.167813
1.108
1.096
1.04
1.036
1.056
1.08
1.036
1.036
1.056
1.064
1.048
1.02
1.06
1.068
1.036
1.036
1.06
1.096
1.08
1.06
1.096
1.112
1.092
1.044
1.08
1.076
1.068
1.072
1.032
1.064
1.052
1.092
1.028
1.024
1.052
1.048
1.06
1.052
1.02
1.044
1.052
1.036
0.988
1.064
1.036
1.04
1.044
1.084
1.04
1.036
1.04
1.04
1.008
1.02
1.02
0.996
1.004
1.02
1.008
0.992
1.02
1.048
1.056
1.04
1.092
1.068
1.064
1.004
0.992
1.044
1.056
1.092
1.096
1.08
1.148
1.136
1.12
1.108
1.112
1.068
1.06
1.052
1.032
1.028
1.06
1.052
1.04
1.012
1.004
1.028
1.092
1.1
1.048
1.028
1.064
1.04
1.032
1.04
1.112
1.088
1.056
1.056
1.068
1.072
1.008
1.024
1.028
1.036
1.032
1.064
1.108
1.056
1.064
1.052
1.096
1.068
1.048
1.168449
1.128
1.056
1.036
1.052
1.024
1.008
1.012
1.028
1.04
1.176919
1.132
1.078212
1.016
1.004
1
0.996
1.032
1.048
1.04
1.02
0.996
1.012
1.008
1.012
1.02
1.02
1.016
1.02
1.048
1.028
1.028
1.04
1.036
1.052
1.016
1.048
1.04
1.016
1.012
1.012
1.22237
1.088
1.072
1.032
1.028
1
1.044
1.04
1.04
1.032
1.072
1.084
1.048
1.08871
1.112
1.056
1.032
1
1.072
1.1066
1.064
1.048
1.056
1.206349
1.199014
1.044
1.036
0.968
1.008
1.02
1.040837
1.064
1.044
1.008
1.012
1.054932
1.024
1.012
1.004
0.992
1.004
1
1.02
1.012
1.04
1.022294
1.124203
1.08
1.028
1.04
1.044
1.122821
1.136
1.108
1.084
1.08
1.112
1.12
1.108
1.048
1.076
1.076
1.14
1.08
1.096
1.135324
1.147727
1.12
1.068
1.052
1.128
1.071081
1.045093
1.178826
1.076
1.084
1.08
1.072
1.08
1.104
1.108
1.088
1.06
1.160125
1.076
1.04
1.016
0.992
1.004
1.02
0.992
1.008
1.02
1.008
1.012
1.009948
1.064
1.028
1.036
1.028
1.02
1.08
1.06
1.06
1.044
1.10313
1.050064
1.108
1.076
1.064
1.032
1.02
0.9720119
1.036
0.996
0.984
1.012
1.036
1
1.028
1.068
1.084
1.012
1.012
1.028
1.028
0.996
0.996
1.118345
1.028
0.976
1.103027
1.012
1.004
0.988
1.008
1.032
1.14
1.101513
1.096
1.122183
1.04
1.044
1.012
1.004
1.02
1.044
1.012
1.016
1.036
1.165858
1.036
1.032
1.012
1.004
1.120823
1.066351
1.072
1.028
1.012
1.012
1.048
1.016
1.032
1.044
1.036
1.016
1.044
1.052
1.036
1.02
1.044
1.04
1.032
1.012
1
1.008
1.057612
1.092
1.048
1.04
1.016
1.044
1.024
1.052
1.032
1.097162
1.084
1.076
1.028
1.048
1.126211
1.04
0.984
0.988
0.972
0.98
0.992
0.988
0.972
0.988
0.976
0.984
0.976
0.968
0.972
0.992
0.984
1.036172
1.02
1.004
1
0.992
1.092616
1.008
0.964
1.168751
0.996
0.964
0.956
0.992
1.097353
1.028
1
1.004
0.992
0.992
1.008
1.004
1.016
1.057957
1.085895
0.968
0.948
0.96
0.968
0.988
1.008
1
1.02
1.177662
1.072
1.032
1.032
1.036
1.056
1.024
1.052
1.064
1.08
1.056
1.032
1.048
1.036
1.052
1.032
1.028
1.04
1.139716
1.185149
1.024
1.008
1.008
1.008
1
1.028
1.112279
1.056
1.044
1.036
1.068
1.028
1.016
1.130048
1.072
1.012
1.012
1.036
1.065781
1.044
1.06
1.044
1.036
1.06
1.052
1.028
1.052
1.056
1.036
1.068
1.076
1.04
1.028
1.052
1.028
1.024
1.04
1.052
1.084
1.048
1
1.142115
1.084
1.104
1.056
1.044
1.032
1.052
1.052
1.04
1.056
1.068
1.104
1.084
1.084
1.108
1.044
1.016
1.036
1.064
1.068
1.14
1.084
1.092
1.076
1.088
1.056
1.072
1.056
0.992
1.004
0.996
1.02
0.992
1.016
1.028
1.032
1.012
1.012
1.02
1.02
0.996
1.012
1.032
1.016
1.012
1.04
1.052
1.036
1.048
1.04
1.068
1
1.008
1.004
1.024
1.065196
1.12
1.06
1.04
1.044
1.048
1.024
1.028
1
1.008
1.024
0.996
1.008
1.056
1.004
1.004
1.008
1.012
0.992
0.984
1.016
1.004
1
1.028
1.016
1.002799
1.048
1.008
1.008
1.004
0.972
1.012
1
1.04
1.024
1.04
1.044
1.076
1.036
1.016
1.028
1.028
1.008
1.024
1.044
1.024
1.016
1.028
1.032
1
1.012
1.016
1.016
1.02
1.024
1.044
1.028
0.996
1.028
1.032
1.102796
1.068
1.04
1.028
1.028
1.072
1.036
1.06
1.052
1.044
1.036
1.028
1.222386
1.068
1.036
1.028
0.996
1.024
1.048
1.02
1.024
1.146053
1.052
1.012
1.008
1.008
0.992
0.972
0.964
0.98
1.012
1
0.988
1.036
1.06
1.024
1.012
1.124
1.04
1
0.98
1.169213
0.996
0.988
0.996
0.98
0.984
1.02
1.044
0.992
1.032
1.044
1.012
0.988
1.032
1.036
1.036
1.032
1.056
1.092
1.084
1.064
1.096
1.112
1.148
1.028
1.052
1.104
1.116
1.136
1.12
1.116
1.152
1.104
1.092
1.032
1.092
1.1
1.076
1.04
1.114998
1.096
1.04
1.096
1.032
1.02
1.036
1.024
1.084
1.008
1.036
1.032
1.036
0.988
0.996
0.996
0.976
0.984
1.050945
0.996
1.077858
1.012
0.984
1
1.028
1.016
1.028
1.056
1.036
1.032
1.08
1.08
1.044
1.068
1.072
1.044
1.016
1.036
1.032
1.036
1.056
1.012
1.06
1.064
1.096
1.052
1.036
1.064
1.08
1.04
1.032
1.044
1.052
1.02
0.992
1.012
1.004
1.02
1.008
0.996
1.04
1.036
1.024
1.02
1.024
1.064
1.012
1.04
1.032
1.044
1.024
1.036
1.06
1.074003
1.061086
1.138766
1.08
1.024
1.024
1.032
1.064
1.032
1.04
1.013059
1.088
1.04
1.008
1.008
0.992
0.996
1.008
1.016
1.012
1.008
1.016
1.012
1.016
0.992
1.012
1.012
0.996
0.976
1.150188
1.012
1.024
1.008
1.028
1.150172
1.076
1.044
1.048
1.044
1.004
1.02
1.04
1.052
1.06
1.064
1.068
1.096
1.08
1.052
1.012
1.016
1.024
1.044
0.996
1.008
0.984
1.008
1.004
1.032
1.024
1
0.984
0.984
0.992
1.012
1.032
1.024
1.056
1.04
1.014453
1.08
1.036
1.024
1.008
1.064
1.004
1.136304
1.068
1.056
1.084
1.048
1.024
1.012
1.024
1.255022
1.012
0.992
1.012
0.98
0.996
1.012
1.068
1.057353
1.02
1.016
1.02
0.988
0.968
0.98
1.004
0.992
0.984
1.004
1.016
1.004
0.984
0.988
1.004
1.150381
1.076
1.056
1.044
1.064
1.088
1.06
1.04
1.056
1.068
1.036
1.02
1.042776
1.06
1.016
1
1.024
1.168224
0.996
0.968
1.111313
0.968
0.948
0.932
0.936
0.956
0.948
0.94
0.964
0.952
0.948
0.96
0.964
1
0.976
1.204799
1.028
0.992
0.972
0.972
1.216
1.216
0.96
0.972
0.976
1
1.012
1.012
0.9996281
1.092
1.044
1.028
0.988
1.093191
1.056
1.004
1.032
1.024
1.056
1.016
1.028
1.032
1.048
1.024
1.028
0.984
0.98
0.976
0.996
0.984
0.968
0.988
1.032
1.063351
1.112
1.06
1.076
1.004
1.04
1.052
1.036
1.048
1.024
1.02
1.052
0.996
0.992
0.976
0.988
1.008
0.996
1
1.004
1.016
1.004
1.08726
1.096
1.052
1.048
1.04
1.012
1.016
1
1.028
1.008
1.008
0.992
1.02
1.059916
0.992
0.972
0.96
0.948
0.94
0.948
0.936
0.94
0.952
0.956
1.047466
1.008
0.996
0.992
0.992
1.141472
1.031239
1.016
0.976
1.201789
0.964
0.944
0.944
0.94
1.025449
0.944
0.924
0.976
0.98
0.996
1.111215
1.139898
1.143543
1.024
0.996
0.964
0.956
0.968
0.992
0.996
0.976
0.98
1.024
1.008
0.98
1.085761
1.036
1.004
0.956
0.976
0.964
0.972
0.956
0.972
0.952
1.111701
1.170147
0.976
0.944
0.968
0.956
0.988
1.010425
1.055154
1.128182
1.092
1.02
1.048
1.02
1.064
0.996
1.016
1.028
1.048
1.064
1.068
1.104
1.078094
1.198287
1.052
1.04
1.056
1.008
1.016
1
1.06
1.056
1.152386
1.112605
1.024
0.988
0.952
1.016
1.016
0.976
1.008067
1.028
1
1.109636
1.02
1.086964
1.032
1.101144
1.029691
0.988
0.972
0.984
0.988
0.984
1
1.036
1.012
1.140962
1.024
1.008
0.988
0.996
0.996
0.996
0.976
1.02
1.024
1.064
1.06
1.04
1.056
1.1
1.036
1.039171
1.152
1.064
1.084
1.064
1.02
1
1.016
1.008
1.004
1.028
1.032
1.036
1.024
1.052
1.08
1.048
1.02
1.02
1.02
1.008
1.028
1.092948
1.076
1.016
1.036
1.012
1.016
1.02
0.988
1.024
1.028
1.012
0.992
1.032
0.972
0.996
1.016
0.98
0.992
1.02
1.004
0.988
1.133072
1.004
0.956
0.972
0.972
0.964
0.98
1.055885
1.02
0.98
1.012
1
0.992
1
1.02
1.028
1.024
1.04
1.088
1.048
1.036
1.028
1.056
1.076
1.088
1.088
1.032
1.06
1.056
1.146119
1.020337
1.096
0.9214379
1.064
1.064
1.138218
1.1
1.012
1.076
1.163022
1.108
1.096
1.076
1.044
1.044
1.012
1.052
1.076
1.048
1.08
1.088248
1.008
0.992
1.140494
0.992
0.984
0.992
0.98
0.972
0.988
0.976
0.96
0.972
0.984
0.976
0.968
0.976
0.972
0.984
0.96
1.004
1.016
1.016
1.016
1.044
1.068
1.056
1.030015
1.084
1.052
0.992
1.008
1.036
1.056
1.06
1.128
1.08
1.1
1.084
1.064
1.032
1.084
1.052
1.06
1.012
1.097586
1.092
1.048
1.016
1.004
1.02
0.9772479
1.18397
1.088
1.056
1.04
1.06
1.048
1.02
0.984
1.012
0.996
0.992
0.968
0.996
1.004
0.972
0.96
0.972
1.228247
1.008
0.968
0.948
0.96
0.96
0.972
0.944
0.94
0.972
0.996
1.04
1.175684
1.08
1.04
1.028
1.012
1.024
1.044
1.048
1.032
1.036
1.102301
1.088
1.032
1.024
1.048
1.056
1.056
1.036
1.044
1.08
1.096
1.036
1.008
1.024
1.028
0.988
1.008
1.101082
1.036
1.004
0.992
0.96
0.984
0.996
0.972
1.002501
1.028
0.996
0.984
1.012
0.988
0.992
1.02
1.154794
1.004
0.984
0.96
0.96
0.98
0.98
0.996
1
1.056
1.016
1.052
1.087851
1.072
1.044
1.058151
1.008086
1.008
0.96
0.964
0.968
1.081442
1.008
0.996
0.976
0.96
0.96
0.94
0.932
0.932
0.932
0.924
1.044415
0.936
0.924
0.932
0.952
0.944
0.98
0.98
0.996
0.98
0.968
0.988
0.968
0.956
0.992
0.984
1
0.988
1.024
0.996
1.012
1.024
1.004
0.98
0.988
1.036
1.012
1.02
1.072523
1.044
1.032
1.017984
1.04
1.024
1.02
1.028
1.209986
0.992
0.988
1.008
1.024
1.072
1.044
1.004
1.032
1
1.016
1.012
0.996
0.984
0.976
0.976
0.972
1.095926
1.016
1
0.988
1.167848
1.032
1.02
0.992
1.024
1.024
1.016
0.996
0.9237746
1.044
1.044
1.028
1
1.032
1.04
1.028
1.016
1.065284
1.076
0.996
1.008
0.948
1.050139
1.013806
1.197093
0.96
0.964
0.968
0.96
0.928
0.936
0.944
0.956
0.956
0.968
0.996
0.972
0.992
0.972
0.976
0.988
1.008
0.988
0.996
1.012
1.044
1.024
1.028
1.032
1.084
1.056
1.056
1.04
1.052
1.04
1.032
1.024
0.98
0.972
0.996
1.044
1.064
1.032
1.072
1.036
1.004
1.004
0.9968759
1.04
0.98
0.964
1
1.004
1.024
1.028
1.02
1.028
1.06
1.036
1.036
1.048
1.032
1.052
1.096
1.016
1.024
1.008
1.08
1.096
1.072
1.072
1.06
1.088
1.04
1.08
1.068
1.02
1.028
1.024
1.108189
1.016
1.024
1.12
0.988
1.016
1.008
1.016
1.012
1.012
1.048
1.036
1
0.98
1
0.98
0.972
1.141179
0.992
0.944
0.964
0.972
0.984
0.952
0.976
0.98
1.004
1.004
1.095611
1.056
0.988
0.984
1.008
1.012
1.016
1.032
0.992
1.024
1.044
1.052
1.056
1.024
1.028
1.076
1.056
1.023746
1.128
1.076
1.06
1.044
1.088
1.072
1.072
1.068
1.06
1.1
1.056
1.02
1.024
1.036
1.072
1.092
1.072
1.096
1.092
1.096
1.06
1.052
1.036
1.036
1.06
1.056
1.008
1.032
1.012
1.052
1.1
1.016
1.139666
1.056
1.06
1.088234
1.048
1.048
1.00611
1.064
1.036
1.012
0.984
1.008
0.992
0.984
0.972
0.964
0.984
0.988
0.992
0.984
0.98
1.008
1.016
1.012
1.032
1.048
1.036
1.016
1.024
1.028
1.024
1.012
1.048
1.036
1.02
1.008
1.008
1.028
1.028
1.012
1.036
1.036
1.04
1.012
1.016
1.008
1.036
1.004
1.032
0.992
0.98
0.9781144
1.068
1.068
1.036
1.056
1.064
1.068
1.084
1.068
1.08
1.084
1.052
1.072
1.04
1.06
1.08
1.072
1.104
1.068
1.056
1.032
1.032
1.204796
1.04
1.004
0.972
0.98
1.02092
0.98
0.968
1
1.016
1
0.984
0.988
1.008
0.988
0.988
1
1.008
0.984
0.976
0.992
1
1.012
0.976
0.984
1.016
1.016
1
0.992
1.012
0.9389402
1.056
1
1.028
1.036
1.096277
1.136
1.056
1.06
1.076
1.096
1.080504
1.136
1.124
1.084
1.096
1.052
1.024
0.988
1.004
0.9687967
1.028
1.008
1.032
1.036
1.044
1.04
1.016
1
1.028
1.052
1.032
1.024
0.9275423
1.04
1.024
1.02
1
1.012
1.04
1.016
1.04708
1.064
1.024
1.02
1.012
1.036
1.068
1.056
1.052
1.04
1.052
1.032
1.128076
1.094573
1.019636
1.06
1.02
0.98
1.02
1.016
1
1
1.052
1.04
1.044
1.064
0.992
1.008
1.008
1.004
1.008
1.012
0.992
1.012
1.028
1.008
1.072
1.024
1.068
1.056
1.072
1.06
1.076
1.064
1.008
0.984
1.008
1.02
1.012
1.032
1.008
1.02
1.024
1.056
1.028
1.02
1.044
1.072
1.036
1.048
1.064
1.052
1.012
0.992
1.008
0.988
0.968
0.96
0.996
1.008
1.012
0.996
1.004
1.008
1.016
1.012
0.996
1.012
0.996
0.992
0.972
0.976
0.98
0.956
0.972
0.968
0.972
0.98
1.004
0.992
0.992
1.012
1.016
1.02
1.012
0.988
0.964
1.02
1.02
1.08
1.072
1.052
1.032
1.036
1.028
1.032
1.024
1.016
1.02
1.028
1
1.024
1.008
1.044
1.012
1.024
1.028
1.024
0.984
0.976
0.964
0.952
0.936
0.944
0.948
0.964
0.972
0.996
1.016
1.004
0.98
0.992
0.984
1.008
1
0.984
0.976
0.996
1.008
