1.188
1.188
1.192
1.168
1.156
1.18
1.208
1.216
1.244
1.24
1.236
1.292
1.272
1.252
1.244
1.224
1.232
1.236
1.24
1.208
1.252
1.252
1.248
1.252
1.248
1.248
1.228
1.216
1.2
1.18
1.204
1.204
1.208
1.204
1.216
1.252
1.26
1.236
1.22
1.212
1.2
1.248
1.256
1.296
1.26
1.268
1.28
1.272
1.244
1.22
1.216
1.244
1.248
1.256
1.24
1.284
1.344
1.348
1.348
1.32
1.336
1.324
1.304
1.304
1.276
1.296
1.336
1.356
1.304
1.268
1.28
1.3
1.3
1.268
1.244
1.304
1.328
1.3
1.3
1.324
1.304
1.288
1.264
1.264
1.292
1.3
1.3
1.268
1.28
1.312
1.288
1.304
1.316
1.332
1.272
1.264
1.284
1.276
1.264
1.28
1.308
1.296
1.256
1.284
1.308
1.284
1.248
1.26
1.26
1.24
1.276
1.284
1.256
1.232
1.264
1.248
1.276
1.264
1.228
1.276
1.268
1.228
1.284
1.304
1.276
1.304
1.312
1.288
1.296
1.308
1.316
1.28
1.292
1.324
1.3
1.296
1.312
1.312
1.26
1.276
1.336
1.28
1.268
1.32
1.256
1.236
1.216
1.176
1.204
1.096
1.08
1.188
1.216
1.176
1.196
1.192
1.172
1.176
1.176
1.156
1.168
1.196
1.232
1.288
1.248
1.264
1.276
1.26
1.264
1.232
1.22
1.232
1.22
1.2
1.22
1.244
1.24
1.248
1.24
1.3
1.316
1.3
1.248
1.26
1.296
1.264
1.272
1.32
1.34
1.288
1.292
1.26
1.228
1.26
1.28
1.28
1.288
1.328
1.324
1.352
1.368
1.348
1.352
1.372
1.304
1.324
1.356
1.344
1.308
1.332
1.352
1.296
1.272
1.316
1.344
1.34
1.356
1.36
1.308
1.284
1.3
1.32
1.312
1.332
1.292
1.272
1.3
1.312
1.272
1.3
1.32
1.28
1.244
1.296
1.32
1.284
1.3
1.34
1.32
1.284
1.312
1.316
1.256
1.272
1.36
1.36
1.324
1.328
1.332
1.32
1.36
1.32
1.312
1.308
1.288
1.32
1.352
1.32
1.3
1.272
1.236
1.256
1.316
1.26
1.204
1.228
1.224
1.192
1.2
1.224
1.22
1.212
1.26
1.228
1.228
1.26
1.268
1.268
1.272
1.26
1.232
1.256
1.312
1.292
1.312
1.36
1.36
1.324
1.332
1.348
1.36
1.376
1.316
1.34
1.352
1.36
1.38
1.392
1.312
1.328
1.348
1.344
1.336
1.312
1.272
1.304
1.284
1.272
1.296
1.292
1.232
1.236
1.252
1.22
1.22
1.264
1.316
1.28
1.324
1.328
1.316
1.312
1.304
1.304
1.312
1.352
1.308
1.296
1.344
1.324
1.328
1.344
1.332
1.292
1.308
1.324
1.276
1.188
1.252
1.336
1.336
1.308
1.304
1.308
1.296
1.28
1.32
1.3
1.284
1.264
1.292
1.296
1.304
1.284
1.316
1.344
1.356
1.352
1.336
1.348
1.288
1.3
1.336
1.312
1.268
1.32
1.304
1.34
1.372
1.388
1.312
1.316
1.34
1.308
1.34
1.364
1.356
1.332
1.32
1.304
1.248
1.268
1.276
1.28
1.292
1.304
1.276
1.248
1.268
1.24
1.188
1.208
1.236
1.212
1.216
1.256
1.248
1.224
1.26
1.26
1.256
1.224
1.276
1.272
1.248
1.22
1.232
1.256
1.268
1.256
1.28
1.296
1.284
1.304
1.32
1.312
1.288
1.316
1.344
1.328
1.344
1.376
1.344
1.328
1.336
1.352
1.324
1.364
1.348
1.372
1.388
1.396
1.296
1.3
1.324
1.288
1.256
1.304
1.348
1.34
1.36
1.332
1.3
1.3
1.276
1.256
1.28
1.308
1.312
1.328
1.328
1.308
1.304
1.292
1.328
1.348
1.312
1.356
1.396
1.332
1.328
1.332
1.3
1.312
1.308
1.34
1.344
1.368
1.384
1.396
1.404
1.384
1.356
1.392
1.372
1.308
1.328
1.396
1.404
1.456
1.432
1.416
1.408
1.408
1.372
1.408
1.432
1.36
1.328
1.352
1.332
1.284
1.316
1.324
1.284
1.26
1.28
1.276
1.22
1.22
1.232
1.256
1.296
1.372
1.388
1.372
1.388
1.376
1.372
1.392
1.376
1.308
1.32
1.396
1.432
1.484
1.508
1.456
1.392
1.372
1.296
1.28
1.36
1.34
1.312
1.344
1.324
1.28
1.316
1.316
1.264
1.276
1.324
1.336
1.36
1.388
1.456
1.448
1.42
1.348
1.36
1.372
1.404
1.448
1.488
1.468
1.464
1.496
1.456
1.36
1.292
1.332
1.312
1.22
1.312
1.348
1.344
1.3
1.28
1.328
1.312
1.292
1.296
1.312
1.348
1.384
1.4
1.396
1.404
1.412
1.404
1.404
1.372
1.304
1.32
1.388
1.404
1.456
1.42
1.336
1.28
1.308
1.264
1.256
1.336
1.42
1.476
1.512
1.436
1.412
1.404
1.38
1.312
1.296
1.392
1.468
1.48
1.524
1.512
1.484
1.42
1.368
1.324
1.356
1.376
1.344
1.408
1.428
1.464
1.476
1.452
1.32
1.3
1.308
1.316
1.276
1.332
1.424
1.424
1.42
1.452
1.448
1.332
1.316
1.392
1.396
1.44
1.448
1.388
1.412
1.412
1.356
1.252
1.352
1.416
1.348
1.352
1.36
1.34
1.384
1.42
1.44
1.408
1.436
1.352
1.276
1.26
1.288
1.248
1.256
1.284
1.196
1.204
1.3
1.384
1.36
1.38
1.372
1.368
1.38
1.412
1.424
1.4
1.396
1.424
1.472
1.512
1.524
1.412
1.38
1.436
1.512
1.396
1.428
1.52
1.356
1.292
1.352
1.36
1.368
1.448
1.412
1.388
1.396
1.356
1.336
1.3
1.3
1.3
1.368
1.436
1.436
1.468
1.384
1.32
1.32
1.32
1.276
1.288
1.272
1.224
1.288
1.32
1.32
1.372
1.428
1.472
1.484
1.396
1.416
1.444
1.416
1.412
1.304
1.276
1.332
1.332
1.212
1.288
1.36
1.32
1.252
1.26
1.284
1.264
1.272
1.3
1.3
1.256
1.304
1.384
1.4
1.408
1.34
1.336
1.328
1.288
1.364
1.444
1.524
1.432
1.464
1.504
1.468
1.452
1.476
1.464
1.472
1.392
1.34
1.324
1.396
1.356
1.324
1.392
1.416
1.4
1.364
1.336
1.324
1.316
1.32
1.256
1.264
1.268
1.268
1.304
1.42
1.316
1.348
1.428
1.292
1.336
1.396
1.464
1.46
1.468
1.456
1.424
1.392
1.392
1.384
1.34
1.356
1.424
1.316
1.224
1.312
1.248
1.22
1.228
1.22
1.172
1.224
1.248
1.208
1.224
1.256
1.212
1.208
1.204
1.236
1.268
1.296
1.344
1.348
1.348
1.36
1.372
1.376
1.352
1.384
1.416
1.456
1.392
1.348
1.34
1.34
1.312
1.352
1.432
1.472
1.46
1.54
1.424
1.38
1.444
1.492
1.512
1.524
1.496
1.428
1.372
1.348
1.34
1.38
1.372
1.332
1.448
1.4
1.42
1.476
1.46
1.36
1.268
1.256
1.3
1.312
1.356
1.424
1.432
1.432
1.396
1.368
1.384
1.412
1.328
1.308
1.352
1.312
1.268
1.3
1.288
1.288
1.232
1.3
1.328
1.244
1.296
1.224
1.216
1.188
1.28
1.36
1.368
1.304
1.324
1.348
1.348
1.328
1.332
1.28
1.304
1.332
1.284
1.256
1.26
1.24
1.272
1.3
1.304
1.304
1.292
1.252
1.304
1.332
1.244
1.288
1.288
1.32
1.348
1.34
1.316
1.292
1.26
1.292
1.356
1.364
1.376
1.372
1.292
1.336
1.388
1.372
1.36
1.324
1.328
1.38
1.384
1.412
1.408
1.368
1.308
1.376
1.44
1.42
1.388
1.388
1.436
1.424
1.416
1.42
1.376
1.4
1.456
1.392
1.272
1.26
1.292
1.288
1.244
1.296
1.3
1.252
1.264
1.276
1.272
1.288
1.264
1.26
1.336
1.416
1.452
1.388
1.32
1.348
1.404
1.44
1.464
1.432
1.416
1.404
1.404
1.42
1.376
1.336
1.264
1.264
1.344
1.292
1.212
1.312
1.288
1.28
1.224
1.264
1.24
1.212
1.244
1.264
1.236
1.244
1.264
1.26
1.272
1.292
1.316
1.38
1.38
1.404
1.404
1.448
1.444
1.456
1.456
1.452
1.392
1.36
1.336
1.388
1.528
1.392
1.28
1.344
1.368
1.356
1.368
1.4
1.368
1.364
1.392
1.42
1.464
1.504
1.516
1.488
1.444
1.476
1.496
1.548
1.552
1.484
1.368
1.372
1.388
1.424
1.416
1.476
1.476
1.344
1.34
1.408
1.408
1.496
1.484
1.444
1.492
1.476
1.330998
1.516
1.44
1.416
1.428
1.376
1.312
1.368
1.404
1.42
1.516
1.516
1.344
1.344
1.404
1.432
1.4
1.396
1.432
1.428
1.408
1.372
1.38
1.42
1.472
1.4
1.32
1.348
1.408
1.432
1.416
1.396
1.424
1.48
1.352
1.264
1.288
1.424
1.464
1.576
1.476
1.36
1.312
1.288
1.256
1.308
1.36
1.32
1.348
1.384
1.364
1.388
1.432
1.436
1.44
1.448
1.444
1.472
1.412
1.396
1.436
1.468
1.452
1.424
1.376
1.36
1.388
1.42
1.42
1.364
1.416
1.392
1.336
1.372
1.364
1.264
1.3
1.344
1.384
1.396
1.396
1.368
1.356
1.32
1.292
1.284
1.26
1.252
1.232
1.356
1.148
1.236
1.252
1.248
1.216
1.216
1.212
1.196
1.244
1.268
1.284
1.34
1.416
1.404
1.432
1.416
1.42
1.408
1.456
1.38
1.448
1.524
1.532
1.448
1.404
1.452
1.508
1.5
1.432
1.396
1.38
1.428
1.504
1.432
1.38
1.38
1.36
1.364
1.344
1.344
1.308
1.308
1.336
1.4
1.296
1.28
1.312
1.296
1.232
1.244
1.264
1.28
1.256
1.3
1.348
1.388
1.388
1.392
1.472
1.496
1.428
1.448
1.46
1.444
1.364
1.388
1.472
1.468
1.336
1.364
1.424
1.436
1.56
1.548
1.468
1.496
1.332
1.264
1.324
1.384
1.408
1.48
1.464
1.444
1.424
1.392
1.424
1.44
1.448
1.364
1.336
1.376
1.396
1.484
1.516
1.464
1.444
1.376
1.296
1.3
1.376
1.384
1.4
1.432
1.392
1.404
1.432
1.388
1.316
1.316
1.32
1.304
1.452
1.52
1.448
1.376
1.348
1.332
1.312
1.32
1.3
1.264
1.288
1.36
1.372
1.448
1.484
1.452
1.38
1.316
1.316
1.404
1.444
1.46
1.452
1.436
1.452
1.444
1.412
1.392
1.388
1.34
1.304
1.376
1.4
1.38
1.292
1.284
1.292
1.34
1.416
1.396
1.392
1.384
1.324
1.296
1.288
1.264
1.26
1.224
1.188
1.176
1.072
1.1
1.172
1.18
1.128
1.228
1.28
1.288
1.248
1.292
1.34
1.332
1.344
1.356
1.42
1.488
1.46
1.34
1.392
1.436
1.492
1.384
1.388
1.476
1.492
1.484
1.468
1.448
1.336
1.416
1.492
1.512
1.448
1.42
1.436
1.392
1.332
1.388
1.444
1.428
1.44
1.424
1.356
1.344
1.328
1.344
1.444
1.552
1.5
1.52
1.516
1.44
1.368
1.292
1.312
1.312
1.284
1.24
1.34
1.396
1.428
1.472
1.536
1.52
1.436
1.464
1.444
1.356
1.38
1.396
1.416
1.464
1.448
1.404
1.356
1.36
1.44
1.504
1.444
1.436
1.4
1.356
1.352
1.368
1.344
1.34
1.332
1.364
1.356
1.416
1.4
1.364
1.376
1.384
1.348
1.352
1.372
1.356
1.316
1.352
1.356
1.32
1.356
1.344
1.3
1.3
1.364
1.364
1.372
1.376
1.324
1.324
1.252
1.212
1.244
1.24
1.232
1.244
1.312
1.34
1.424
1.48
1.444
1.444
1.476
1.348
1.316
1.372
1.4
1.472
1.468
1.456
1.468
1.488
1.436
1.464
1.492
1.46
1.404
1.408
1.444
1.44
1.42
1.456
1.476
1.396
1.372
1.38
1.348
1.272
1.28
1.292
1.272
1.356
1.396
1.344
1.352
1.304
1.272
1.268
1.284
1.28
1.284
1.356
1.364
1.32
1.336
1.384
1.336
1.296
1.352239
1.2
1.224
1.176
1.22
1.24
1.212
1.244
1.256
1.232
1.216
1.248
1.212
1.208
1.172
1.232
1.28
1.288
1.204
1.328
1.428
1.4
1.42
1.408
1.408
1.412
1.392
1.364
1.384
1.404
1.456
1.452
1.444
1.456
1.448
1.492
1.508
1.46
1.404
1.32
1.368
1.368
1.344
1.368
1.34
1.288
1.348
1.388
1.36
1.424
1.4
1.328
1.344
1.356
1.328
1.368
1.324
1.312
1.324
1.372
1.336
1.38
1.408
1.324
1.344
1.432
1.432
1.456
1.456
1.396
1.312
1.304
1.412
1.456
1.504
1.468
1.384
1.408
1.376
1.32
1.308
1.344
1.38
1.448
1.416
1.436
1.424
1.396
1.356
1.38
1.372
1.348
1.392
1.36
1.356
1.388
1.388
1.36
1.372
1.396
1.38
1.392
1.34
1.292
1.22
1.328
1.328
1.244
1.328
1.344
1.292
1.372
1.356
1.288
1.328
1.348
1.332
1.24
1.236
1.28
1.332
1.328
1.372
1.424
1.432
1.432
1.368
1.392
1.38
1.408
1.424
1.428
1.372
1.376
1.384
1.348
1.388
1.404
1.416
1.32
1.308
1.328
1.336
1.376
1.46
1.444
1.444
1.344
1.276
1.268
1.264
1.252
1.304
1.396
1.448
1.5
1.468
1.412
1.396
1.364
1.428
1.464
1.428
1.4
1.376
1.412
1.408
1.396
1.472
1.428
1.352
1.34
1.384
1.308
1.308
1.432
1.408
1.36
1.376
1.34
1.288
1.348
1.28
1.208
1.232
1.212
1.164
1.236
1.3
1.3
1.384
1.444
1.424
1.436
1.436
1.4
1.356
1.332
1.332
1.304
1.284
1.4
1.416
1.428
1.436
1.412
1.368
1.344
1.348
1.324
1.308
1.364
1.368
1.34
1.388
1.4
1.364
1.36
1.284
1.28
1.448
1.48
1.352
1.272
1.348
1.392
1.452
1.348
1.292
1.396
1.464
1.376
1.296
1.344
1.424
1.4
1.4
1.44
1.452
1.452
1.364
1.432
1.468
1.464
1.472
1.384
1.324
1.352
1.472
1.472
1.432
1.46
1.42
1.364
1.38
1.376
1.336
1.372
1.452
1.38
1.368
1.404
1.356
1.308
1.356
1.356
1.284
1.276
1.28
1.304
1.24
1.24
1.24
1.236
1.236
1.24
1.252
1.24
1.192
1.256
1.148
1.108
1.184
1.216
1.2
1.2
1.188
1.224
1.232
1.216
1.228
1.292
1.376
1.448
1.484
1.444
1.452
1.444
1.416
1.424
1.392
1.4
1.364
1.352
1.328
1.34
1.32
1.352
1.348
1.3
1.332
1.404
1.34
1.352
1.348
1.244
1.324
1.308
1.224
1.28
1.264
1.212
1.3
1.344
1.256
1.328
1.376
1.332
1.376
1.348
1.312
1.312
1.372
1.42
1.392
1.436
1.436
1.396
1.392
1.368
1.344
1.304
1.3
1.316
1.388
1.364
1.348
1.348
1.4
1.352
1.272
1.308
1.34
1.376
1.512
1.472
1.364
1.388
1.428
1.392
1.388
1.412
1.372
1.348
1.388
1.416
1.38
1.412
1.46
1.412
1.324
1.348
1.44
1.48
1.46
1.416
1.424
1.42
1.372
1.344
1.308
1.272
1.296
1.324
1.36
1.268
1.276
1.368
1.392
1.4
1.42
1.388
1.312
1.32
1.332
1.308
1.292
1.312
1.332
1.42
1.42
1.38
1.272
1.32
1.356
1.36
1.36
1.34
1.292
1.28
1.36
1.408
1.432
1.368
1.36
1.276
1.268
1.256
1.24
1.288
1.26
1.284
1.288
1.284
1.284
1.26
1.232
1.328
1.376
1.352
1.432
1.424
1.324
1.272
1.252
1.26
1.34
1.388
1.356
1.392
1.396
1.368
1.332
1.36
1.34
1.372
1.404
1.42
1.444
1.344
1.364
1.428
1.396
1.464
1.468
1.448
1.356
1.324
1.388
1.452
1.408
1.428
1.436
1.364
1.384
1.42
1.344
1.34
1.352
1.34
1.32
1.368
1.384
1.324
1.324
1.36
1.28
1.196
1.228
1.136
1.072
1.068
1.068
1.06
1.024
1.052
1.1
1.148
1.164
1.176
1.196
1.196
1.2
1.248
1.3
1.316
1.332
1.332
1.408
1.468
1.456
1.452
1.492
1.504
1.5
1.496
1.412
1.312
1.332
1.432
1.396
1.384
1.42
1.408
1.316
1.34
1.364
1.384
1.4
1.396
1.404
1.34
1.384
1.444
1.448
1.428
1.396
1.392
1.364
1.372
1.316
1.34
1.4
1.428
1.444
1.44
1.408
1.392
1.416
1.384
1.364
1.384
1.404
1.308
1.352
1.396
1.356
1.272
1.288
1.316
1.392
1.448
1.412
1.368
1.332
1.244
1.248
1.256
1.244
1.248
1.384
1.448
1.436
1.42
1.364
1.304
1.284
1.276
1.244
1.272
1.364
1.4
1.44
1.448
1.416
1.344
1.368
1.392
1.344
1.38
1.396
1.348
1.344
1.352
1.344
1.312
1.388
1.404
1.436
1.516
1.48
1.372
1.372
1.38
1.328
1.372
1.408
1.328
1.264
1.316
1.388
1.332
1.372
1.412
1.4
1.384
1.364
1.364
1.372
1.34
1.364
1.34
1.364
1.32
1.308
1.412
1.444
1.4
1.436
1.472
1.376
1.264
1.288
1.296
1.248
1.328
1.432
1.412
1.468
1.396
1.36
1.388
1.3
1.288
1.324
1.304
1.308
1.336
1.324
1.332
1.32
1.372
1.4
1.38
1.328
1.244
1.248
1.172
1.088
1.14
1.196
1.216
1.3
1.308
1.24
1.308
1.364
1.364
1.44
1.52
1.484
1.5
1.492
1.5
1.44
1.464
1.5
1.52
1.52
1.488
1.404
1.408
1.352
1.32
1.404
1.352
1.332
1.32
1.336
1.296
1.416
1.316
1.192
1.172
1.36
1.316
1.26
1.18
1.232
1.26
1.236
1.24
1.252
1.232
1.216
1.268
1.368
1.428
1.484
1.492
1.532
1.516
1.504
1.46
1.412
1.332
1.292
1.304
1.348
1.4
1.392
1.448
1.444
1.372
1.308
1.288
1.428
1.476
1.42
1.488
1.404
1.304
1.308
1.328
1.288
1.312
1.312
1.276
1.264
1.308
1.32
1.316
1.296
1.36
1.388
1.348
1.376
1.404
1.4
1.464
1.456
1.408
1.436
1.424
1.312
1.256
1.312
1.476
1.472
1.504
1.456
1.38
1.408
1.416
1.364
1.376
1.396
1.392
1.352
1.356
1.404
1.352
1.376
1.304
1.312
1.46
1.468
1.476
1.488
1.42
1.444
1.388
1.384
1.24
1.22
1.228
1.212
1.26
1.36
1.372
1.388
1.492
1.476
1.464
1.472
1.444
1.456
1.48
1.424
1.408
1.42
1.412
1.432
1.488
1.52
1.456
1.384
1.392
1.412
1.412
1.404
1.432
1.332
1.208
1.26
1.288
1.24
1.308
1.396
1.376
1.408
1.388
1.308
1.34
1.336
1.3
1.26
1.256
1.252
1.288
1.308
1.312
1.328
1.352
1.392
1.304
1.356
1.452
1.46
1.444
1.424
1.376
1.356
1.368
1.34
1.276
1.252
1.276
1.264
1.248
1.36
1.404
1.316
1.22
1.268
1.453402
1.084
1.04
1.036
1.024
1.036
1.064
1.1
1.108
1.088
1.116
1.104
1.064
1.06
1.076
1.108
1.168
1.196
1.256
1.416
1.264
1.296
1.368
1.3
1.328
1.38
1.432
1.368
1.384
1.376
1.38
1.336
1.356
1.38
1.376
1.356
1.32
1.376
1.44
1.384
1.404
1.432
1.38
1.332
1.36
1.364
1.372
1.412
1.38
1.32
1.292
1.344
1.404
1.404
1.44
1.436
1.412
1.384
1.376
1.392
1.404
1.412
1.36
1.276
1.328
1.356
1.276
1.34
1.36
1.288
1.276
1.288
1.264
1.236
1.24
1.22
1.2
1.236
1.26
1.268
1.268
1.284
1.292
1.248
1.328
1.372
1.364
1.364
1.316
1.348
1.372
1.384
1.372
1.38
1.436
1.448
1.444
1.456
1.452
1.388
1.28
1.288
1.312
1.292
1.328
1.376
1.332
1.304
1.328
1.268
1.224
1.268
1.272
1.26
1.292
1.32
1.304
1.344
1.356
1.384
1.42
1.432
1.452
1.416
1.416
1.416
1.376
1.404
1.464
1.436
1.412
1.388
1.292
1.276
1.336
1.352
1.328
1.376
1.348
1.3
1.308
1.264
1.24
1.264
1.264
1.248
1.3
1.328
1.312
1.348
1.372
1.364
1.368
1.38
1.384
1.4
1.384
1.376
1.388
1.368
1.348
1.392
1.372
1.364
1.288
1.332
1.352
1.364
1.32
1.348
1.344
1.34
1.384
1.364
1.352
1.348
1.324
1.316
1.328
1.328
1.276
1.232
1.264
1.32
1.368
1.376
1.404
1.38
1.38
1.388
1.38
1.356
1.32
1.336
1.336
1.324
1.296
1.344
1.364
1.336
1.36
1.352
1.312
1.256
1.276
1.284
1.264
1.316
1.344
1.332
1.3
1.332
1.32
1.272
1.268
1.244
1.228
1.22
1.22
1.22
1.236
1.284
1.288
1.288
1.32
1.312
1.276
1.284
1.296
1.268
1.268
1.304
1.284
1.284
1.3
1.304
1.3
1.336
1.34
1.304
1.336
1.34
1.288
1.328
1.328
1.308
1.324
1.38
1.352
1.376
1.412
1.404
1.376
1.408
1.36
1.324
1.328
1.38
1.396
1.38
1.352
1.268
1.256
1.172
1.104
1.152
1.228
1.204
1.224
1.228
1.268
1.272
1.26
1.292
1.3
1.304
1.304
1.316
1.336
1.372
1.388
1.356
1.384
1.384
1.388
1.388
1.352
1.368
1.372
1.348
1.372
1.412
1.356
1.344
1.368
1.36
1.324
1.364
1.396
1.34
1.384
1.412
1.388
1.408
1.444
1.372
1.336
1.376
1.38
1.4
1.404
1.38
1.364
1.376
1.364
1.348
1.328
1.3
1.288
1.312
1.356
1.344
1.396
1.444
1.4
1.372
1.36
1.336
1.284
1.296
1.324
1.304
1.392
1.472
1.508
1.516
1.464
1.412
1.368
1.332
1.276
1.284
1.3
1.304
1.276
1.292
1.244
1.268
1.284
1.212
1.22
1.252
1.256
1.204
1.236
1.276
1.312
1.316
1.304
1.372
1.396
1.38
1.348
1.328
1.36
1.372
1.356
1.332
1.34
1.356
1.356
1.316
1.34
1.368
1.364
1.328
1.348
1.36
1.32
1.316
1.308
1.308
1.288
1.316
1.344
1.32
1.316
1.336
1.332
1.356
1.352
1.356
1.372
1.384
1.368
1.368
1.396
1.372
1.368
1.344
1.304
1.256
1.288
1.344
1.264
1.236
1.3
1.288
1.244
1.228
1.228
1.228
1.188
1.2
1.224
1.244
1.232
1.284
1.316
1.316
1.316
1.332
1.324
1.32
1.32
1.352
1.364
1.384
1.396
1.396
1.408
1.384
1.34
1.288
1.344
1.308
1.196
1.34
1.356
1.348
1.316
1.276
1.264
1.192
1.208
1.248
1.26
1.292
1.332
1.372
1.356
1.316
1.36
1.368
1.412
1.428
1.416
1.4
1.38
1.376
1.356
1.348
1.324
1.352
1.352
1.364
1.308
1.28
1.344
1.384
1.4
1.42
1.424
1.396
1.292
1.264
1.232
1.196
1.216
1.256
1.276
1.26
1.328
1.32
1.276
1.268
1.284
1.268
1.252
1.256
1.272
1.308
1.316
1.336
1.356
1.376
1.388
1.392
1.412
1.436
1.452
1.372
1.28
1.332
1.352
1.292
1.34
1.364
1.316
1.304
1.332
1.312
1.264
1.296
1.296
1.276
1.296
1.324
1.296
1.34
1.232
1.228
1.2
1.216
1.2
1.212
1.224
1.268
1.304
1.336
1.388
1.432
1.416
1.4
1.424
1.424
1.412
1.412
1.456
1.488
1.396
1.44
1.4
1.432
1.356
1.328
1.316
1.292
1.312
1.252
1.296
1.312
1.3
1.312
1.304
1.356
1.368
1.36
1.344
1.352
1.34
1.34
1.268
1.188
1.276
1.332
1.364
1.356
1.356
1.348
1.392
1.412
1.448
1.448
1.452
1.452
1.488
1.424
1.396
1.408
1.432
1.484
1.492
1.376
1.376
1.384
1.32
1.336
1.368
1.34
1.312
1.344
1.3
1.264
1.224
1.232
1.224
1.204
1.228
1.264
1.268
1.296
1.32
1.328
1.36
1.376
1.384
1.372
1.364
1.332
1.344
1.38
1.368
1.368
1.436
1.424
1.436
1.424
1.428
1.352
1.328
1.376
1.328
1.428
1.448
1.348
1.324
1.292
1.252
1.264
1.208
1.228
1.26
1.304
1.304
1.308
1.316
1.316
1.332
1.34
1.336
1.372
1.384
1.38
1.38
1.432
1.452
1.476
1.48
1.452
1.356
1.432
1.484
1.532
1.476
1.476
1.46
1.352
1.4
1.42
1.328
1.384
1.372
1.324
1.332
1.34
1.288
1.276
1.292
1.304
1.264
1.312
1.304
1.296
1.348
1.368
1.332
1.316
1.348
1.368
1.4
1.424
1.448
1.48
1.472
1.444
1.42
1.42
1.392
1.396
1.36
1.332
1.412
1.352
1.292
1.356
1.352
1.28
1.328
1.316
1.268
1.324
1.312
1.308
1.348
1.364
1.348
1.388
1.388
1.392
1.412
1.46
1.48
1.476
1.428
1.424
1.36
1.4
1.472
1.528
1.524
1.572
1.424
1.34
1.364
1.376
1.308
1.296
1.328
1.312
1.188
1.188
1.28
1.256
1.236
1.2
1.208
1.212
1.212
1.2
1.2
1.28
1.304
1.332
1.344
1.328
1.34
1.36
1.36
1.344
1.336
1.372
1.392
1.396
1.368
1.324
1.384
1.416
1.404
1.38
1.404
1.376
1.348
1.376
1.352
1.364
1.392
1.344
1.352
1.376
1.356
1.376
1.364
1.36
1.356
1.356
1.344
1.348
1.348
1.376
1.384
1.356
1.4
1.384
1.376
1.392
1.392
1.412
1.388
1.312
1.364
1.38
1.296
1.352
1.348
1.272
1.244
1.26
1.192
1.192
1.184
1.176
1.168
1.188
1.204
1.2
1.22
1.2
1.228
1.26
1.28
1.292
1.296
1.292
1.304
1.32
1.32
1.276
1.324
1.344
1.352
1.344
1.352
1.356
1.384
1.424
1.436
1.444
1.424
1.34
1.368
1.44
1.408
1.372
1.372
1.32
1.268
1.236
1.176
1.264
1.276
1.248
1.236
1.196
1.196
1.188
1.16
1.196
1.232
1.204
1.256
1.28
1.256
1.308
1.304
1.292
1.296
1.304
1.292
1.292
1.26
1.272
1.304
1.296
1.308
1.34
1.348
1.368
1.328
1.356
1.336
1.364
1.284
1.284
1.308
1.316
1.32
1.304
1.328
1.324
1.324
1.284
1.316
1.352
1.316
1.376
1.408
1.416
1.408
1.388
1.36
1.352
1.368
1.38
1.372
1.396
1.376
1.356
1.388
1.384
1.324
1.348
1.372
1.312
1.336
1.38
1.32
1.324
1.336
1.292
1.304
1.316
1.32
1.316
1.332
1.328
1.328
1.332
1.32
1.344
1.352
1.36
1.392
1.424
1.404
1.392
1.404
1.412
1.404
1.444
1.348
1.344
1.368
1.412
1.392
1.42
1.44
1.356
1.324
1.372
1.328
1.296
1.372
1.36
1.308
1.352
1.316
1.272
1.284
1.268
1.248
1.244
1.256
1.26
1.244
1.296
1.308
1.304
1.308
1.34
1.308
1.288
1.3
1.312
1.328
1.292
1.328
1.364
1.36
1.328
1.332
1.364
1.368
1.296
1.316
1.344
1.364
1.308
1.348
1.36
1.304
1.312
1.336
1.3
1.324
1.356
1.312
1.332
1.344
1.328
1.344
1.364
1.348
1.312
1.332
1.332
1.3
1.344
1.356
1.288
1.284
1.288
1.252
1.26
1.268
1.192
1.092
1.084
1.144
1.152
1.18
1.204
1.192
1.164
1.196
1.184
1.176
1.188
1.18
1.176
1.252
1.228
1.144
1.124
1.268
1.344
1.436
1.416
1.364
1.372
1.364
1.324
1.324
1.328
1.324
1.312
1.356
1.356
1.324
1.344
1.348
1.304
1.34
1.356
1.3
1.336
1.368
1.344
1.336
1.316
1.332
1.34
1.348
1.332
1.34
1.372
1.38
1.368
1.384
1.4
1.392
1.352
1.376
1.38
1.356
1.352
1.376
1.344
1.296
1.372
1.364
1.292
1.332
1.376
1.336
1.32
1.324
1.316
1.256
1.288
1.296
1.288
1.332
1.36
1.344
1.376
1.364
1.324
1.304
1.284
1.28
1.268
1.272
1.308
1.368
1.348
1.304
1.364
1.4
1.324
1.316
1.332
1.284
1.252
1.288
1.272
1.208
1.208
1.216
1.196
1.16
1.188
1.16
1.14
1.104
1.092
1.048
1.076
1.16
1.176
1.264
1.312
1.308
1.296
1.268
1.176
1.228
1.268
1.316
1.32
1.344
1.368
1.392
1.404
1.444
1.46
1.456
1.448
1.44
1.436
1.396
1.368
1.412
1.408
1.4
1.356
1.388
1.404
1.364
1.428
1.412
1.34
1.372
1.368
1.304
1.284
1.32
1.296
1.268
1.308
1.332
1.336
1.364
1.364
1.304
1.296
1.324
1.348
1.368
1.372
1.38
1.388
1.396
1.376
1.34
1.368
1.372
1.34
1.332
1.372
1.368
1.304
1.34
1.352
1.312
1.348
1.34
1.288
1.296
1.312
1.252
1.288
1.316
1.3
1.296
1.244
1.176
1.176
1.176
1.172
1.176
1.224
1.232
1.244
1.268
1.284
1.288
1.308
1.304
1.336
1.364
1.396
1.348
1.38
1.38
1.376
1.424
1.416
1.316
1.332
1.36
1.324
1.4
1.344
1.28
1.24
1.328
1.352
1.324
1.308
1.28
1.208
1.176
1.168
1.096
1.056
1.088
1.16
1.124
1.12
1.168
1.216
1.236
1.22
1.224
1.2
1.192
1.176
1.188
1.18
1.156
1.204
1.312
1.508
1.384
1.324
1.264
1.136
1.1
1.212
1.32
1.368
1.396
1.424
1.368
1.404
1.444
1.46
1.396
1.384
1.432
1.448
1.4
1.404
1.388
1.412
1.356
1.396
1.388
1.348
1.408
1.412
1.396
1.388
1.384
1.352
1.372
1.368
1.364
1.388
1.372
1.348
1.312
1.292
1.328
1.336
1.3
1.344
1.364
1.332
1.4
1.404
1.372
1.388
1.384
1.344
1.38
1.384
1.368
1.412
1.392
1.364
1.392
1.4
1.384
1.412
1.404
1.372
1.4
1.404
1.372
1.416
1.42
1.348
1.372
1.404
1.392
1.34
1.364
1.38
1.352
1.396
1.404
1.352
1.396
1.376
1.328
1.34
1.38
1.348
1.36
1.396
1.416
1.392
1.416
1.42
1.38
1.388
1.344
1.332
1.344
1.324
1.296
1.336
1.384
1.352
1.348
1.364
1.336
1.344
1.36
1.352
1.36
1.38
1.356
1.352
1.368
1.384
1.384
1.38
1.368
1.392
1.384
1.356
1.36
1.364
1.316
1.32
1.324
1.32
1.316
1.34
1.3
1.34
1.332
1.34
1.356
1.368
1.344
1.34
1.364
1.324
1.32
1.348
1.332
1.332
1.332
1.332
1.328
1.368
1.36
1.324
1.356
1.36
1.324
1.368
1.424
1.368
1.388
1.384
1.356
1.368
1.376
1.332
1.308
1.384
1.412
1.3
1.252
1.272
1.22
1.228
1.232
1.236
1.268
1.292
1.288
1.284
1.328
1.36
1.352
1.376
1.38
1.364
1.412
1.392
1.384
1.424
1.428
1.428
1.436
1.408
1.384
1.404
1.38
1.396
1.448
1.388
1.408
1.436
1.408
1.392
1.392
1.376
1.3
1.32
1.292
1.172
1.12
1.208
1.288
1.296
1.292
1.292
1.264
1.224
1.22
1.224
1.256
1.272
1.316
1.34
1.368
1.36
1.34
1.336
1.288
1.244
1.216
1.204
1.204
1.208
1.228
1.24
1.292
1.232
1.232
1.292
1.292
1.292
1.32
1.32
1.316
1.4
1.392
1.396
1.428
1.416
1.508
1.5
1.448
1.376
1.404
1.376
1.38
1.368
1.332
1.272
1.292
1.308
1.312
1.228
1.16
1.092
1.14
1.224
1.256
1.312
1.292
1.3
1.336
1.32
1.28
1.332
1.344
1.324
1.364
1.416
1.372
1.432
1.448
1.388
1.388
1.396
1.336
1.32
1.34
1.328
1.288
1.328
1.344
1.344
1.36
1.352
1.316
1.372
1.384
1.42
1.364
1.4
1.436
1.388
1.34
1.36
1.364
1.256
1.228
1.244
1.284
1.316
1.348
1.304
1.276
1.324
1.328
1.324
1.332
1.328
1.324
1.316
1.368
1.372
1.36
1.416
1.428
1.36
1.416
1.416
1.392
1.408
1.388
1.368
1.376
1.428
1.412
1.352
1.372
1.376
1.344
1.324
1.348
1.352
1.356
1.356
1.332
1.228
1.168
1.1
1.184
1.288
1.32
1.328
1.324
1.34
1.316
1.312
1.324
1.348
1.38
1.408
1.436
1.436
1.296
1.164
1.196
1.356
1.464
1.496
1.484
1.448
1.428
1.38
1.372
1.356
1.352
1.348
1.42
1.376
1.332
1.332
1.372
1.42
1.456
1.444
1.404
1.38
1.332
1.364
1.384
1.416
1.348
1.376
1.364
1.3
1.312
1.324
1.188
1.236
1.256
1.236
1.244
1.196
1.12
1.076
1.1
1.108
1.148
1.216
1.22
1.232
1.148
1.196
1.268
1.288
1.316
1.1
1.08
1.076
1.232
1.424
1.42
1.432
1.412
1.292
1.34
1.34
1.36
1.38
1.408
1.384
1.384
1.384
1.328
1.34
1.376
1.356
1.336
1.292
1.352
1.38
1.344
1.288
1.332
1.372
1.38
1.412
1.46
1.392
1.372
1.368
1.376
1.32
1.308
1.316
1.268
1.284
1.276
1.268
1.276
1.288
1.22
1.204
1.184
1.092
1.108
1.208
1.256
1.316
1.332
1.34
1.328
1.324
1.328
1.324
1.372
1.416
1.396
1.408
1.44
1.38
1.404
1.428
1.432
1.4
1.408
1.352
1.252
1.224
1.204
1.184
1.172
1.224
1.192
1.188
1.2
1.192
1.14
1.032
1.016
1.008
1.004
1.052
1.172
1.192
1.26
1.26
1.208
1.092
1.092
1.228
1.336
1.42
1.396
1.38
1.34
1.336
1.372
1.4
1.416
1.388
1.372
1.364
1.352
1.296
1.276
1.212
1.2
1.28
1.32
1.316
1.3
1.352
1.356
1.34
1.368
1.372
1.344
1.376
1.416
1.412
1.392
1.4
1.372
1.368
1.392
1.372
1.328
1.356
1.324
1.256
1.252
1.292
1.3
1.232
1.224
1.224
1.196
1.208
1.232
1.232
1.208
1.224
1.224
1.192
1.204
1.22
1.224
1.26
1.292
1.28
1.316
1.336
1.348
1.308
1.312
1.32
1.38
1.384
1.36
1.36
1.344
1.248
1.304
1.324
1.288
1.368
1.36
1.336
1.324
1.348
1.32
1.36
1.396
1.4
1.44
1.436
1.464
1.464
1.432
1.432
1.444
1.44
1.456
1.456
1.44
1.424
1.428
1.436
1.392
1.388
1.428
1.372
1.404
1.396
1.348
1.372
1.424
1.396
1.392
1.412
1.372
1.348
1.344
1.328
1.296
1.288
1.316
1.3
1.316
1.332
1.328
1.288
1.308
1.304
1.252
1.248
1.3
1.332
1.324
1.292
1.272
1.224
1.216
1.228
1.24
1.228
1.256
1.216
1.1
1.076
1.132
1.156
1.2
1.244
1.244
1.224
1.196
1.208
1.236
1.18
1.236
1.252
1.248
1.164
1.092
1.14
1.18
1.316
1.492
1.492
1.5
1.492
1.48
1.48
1.42
1.396
1.42
1.448
1.452
1.448
1.444
1.456
1.428
1.46
1.44
1.452
1.468
1.46
1.38
1.328
1.388
1.424
1.276
1.36
1.372
1.308
1.32
1.348
1.312
1.28
1.316
1.308
1.288
1.32
1.344
1.328
1.328
1.328
1.288
1.28
1.28
1.32
1.36
1.388
1.376
1.336
1.36
1.392
1.412
1.424
1.408
1.416
1.364
1.268
1.328
1.42
1.448
1.396
1.288
1.336
1.36
1.324
1.328
1.372
1.404
1.36
1.364
1.348
1.336
1.332
1.316
1.204
1.208
1.216
1.232
1.324
1.336
1.3
1.284
1.324
1.308
1.268
1.296
1.28
1.288
1.148
1.349264
1.416
1.384
1.36
1.356
1.392
1.32
1.332
1.336
1.34
1.316
1.256
1.296
1.328
1.36
1.344
1.388
1.428
1.44
1.392
1.356
1.344
1.448
1.452
1.404
1.352
1.388
1.376
1.276
1.2
1.148
1.168
1.308
1.448
1.44
1.408
1.368
1.352
1.332
1.288
1.276
1.196
1.116
1.08
1.14
1.204
1.396
1.42
1.416
1.384
1.38
1.412
1.396
1.384
1.46
1.476
1.48
1.488
1.512
1.44
1.468
1.484
1.444
1.456
1.476
1.452
1.388
1.412
1.444
1.432
1.428
1.424
1.352
1.352
1.392
1.36
1.36
1.412
1.396
1.372
1.396
1.396
1.376
1.396
1.396
1.376
1.408
1.428
1.42
1.44
1.452
1.436
1.44
1.432
1.42
1.416
1.408
1.404
1.412
1.436
1.38
1.36
1.42
1.404
1.372
1.388
1.388
1.344
1.384
1.368
1.38
1.42
1.396
1.348
1.38
1.364
1.388
1.408
1.392
1.412
1.416
1.364
1.372
1.396
1.416
1.408
1.42
1.404
1.348
1.356
1.364
1.352
1.36
1.384
1.332
1.36
1.384
1.332
1.276
1.208
1.208
1.18
1.22
1.224
1.216
1.208
1.164
1.172
1.18
1.204
1.232
1.264
1.288
1.352
1.356
1.372
1.364
1.392
1.436
1.432
1.428
1.4
1.36
1.388
1.44
1.416
1.412
1.476
1.444
1.42
1.424
1.372
1.292
1.356
1.396
1.34
1.432
1.416
1.416
1.42
1.36
1.372
1.384
1.36
1.356
1.36
1.34
1.36
1.344
1.316
1.228
1.236
1.316
1.408
1.452
1.432
1.384
1.4
1.476
1.52
1.476
1.48
1.464
1.436
1.404
1.44
1.412
1.4
1.412
1.408
1.388
1.34
1.376
1.388
1.384
1.388
1.4
1.38
1.324
1.344
1.352
1.276
1.324
1.288
1.184
1.216
1.248
1.204
1.2
1.212
1.184
1.236
1.276
1.3
1.312
1.348
1.372
1.408
1.416
1.468
1.46
1.448
1.332
1.3
1.484
1.44
1.368
1.316
1.272
1.212
1.2
1.22
1.188
1.156
1.088
1.132
1.204
1.188
1.228
1.248
1.248
1.272
1.32
1.324
1.312
1.292
1.284
1.304
1.384
1.452
1.44
1.42
1.436
1.452
1.388
1.316
1.38
1.456
1.42
1.396
1.356
1.356
1.372
1.336
1.404
1.408
1.424
1.412
1.444
1.44
1.428
1.424
1.432
1.432
1.452
1.44
1.496
1.528
1.5
1.444
1.424
1.412
1.424
1.424
1.412
1.372
1.42
1.448
1.38
1.416
1.452
1.38
1.432
1.412
1.348
1.416
1.432
1.384
1.4
1.436
1.424
1.444
1.468
1.444
1.372
1.292
1.236
1.28
1.328
1.34
1.264
1.304
1.292
1.316
1.34
1.372
1.38
1.388
1.42
1.452
1.476
1.44
1.44
1.492
1.452
1.412
1.352
1.324
1.36
1.392
1.26
1.164
1.132
1.112
1.14
1.196
1.188
1.212
1.216
1.16
1.18
1.176
1.168
1.188
1.208
1.232
1.212
1.224
1.256
1.252
1.26
1.304
1.32
1.284
1.304
1.296
1.304
1.268
1.26
1.28
1.276
1.208
1.188
1.168
1.16
1.224
1.248
1.256
1.296
1.376
1.404
1.436
1.472
1.52
1.504
1.528
1.548
1.532
1.54
1.54
1.516
1.484
1.452
1.516
1.536
1.504
1.488
1.488
1.428
1.408
1.416
1.384
1.324
1.372
1.328
1.224
1.208
1.188
1.208
1.216
1.288
1.34
1.344
1.384
1.364
1.38
1.38
1.384
1.372
1.312
1.144
1.108
1.084
1.284
1.312
1.38
1.352
1.208
1.128
1.22
1.324
1.376
1.352
1.36
1.412
1.412
1.348
1.296
1.24
1.228
1.144
1.136
1.132
1.136
1.104
1.14
1.264
1.32
1.32
1.152
1.164
1.272
1.38
1.44
1.44
1.412
1.396
1.4
1.444
1.452
1.508
1.524
1.496
1.428
1.52
1.512
1.432
1.336
1.424
1.484
1.42
1.376
1.344
1.308
1.28
1.332
1.256
1.24
1.268
1.304
1.32
1.344
1.236
1.216
1.152
1.172
1.208
1.268
1.26
1.288
1.332
1.392
1.404
1.432
1.468
1.46
1.464
1.512
1.516
1.528
1.528
1.468
1.432
1.344
1.176
1.232
1.48
1.388
1.504
1.52
1.428
1.464
1.436
1.408
1.412
1.42
1.428
1.44
1.456
1.424
1.416
1.408
1.38
1.432
1.472
1.444
1.416
1.412
1.388
1.408
1.376
1.396
1.4
1.412
1.408
1.444
1.42
1.356
1.412
1.424
1.288
1.268
1.272
1.296
1.28
1.332
1.34
1.336
1.356
1.348
1.324
1.36
1.364
1.38
1.424
1.428
1.416
1.42
1.44
1.444
1.436
1.44
1.456
1.452
1.3
1.34
1.356
1.328
1.276
1.336
1.42
1.42
1.384
1.416
1.384
1.368
1.42
1.412
1.364
1.324
1.312
1.276
1.248
1.256
1.296
1.332
1.324
1.34
1.364
1.348
1.352
1.352
1.364
1.392
1.416
1.408
1.448
1.44
1.416
1.392
1.34
1.26
1.16
1.188
1.248
1.272
1.328
1.264
1.252
1.208
1.212
1.22
1.2
1.184
1.192
1.188
1.228
1.292
1.36
1.388
1.372
1.348
1.34
1.356
1.396
1.372
1.42
1.396
1.38
1.408
1.356
1.272
1.4
1.412
1.316
1.324
1.4
1.484
1.432
1.444
1.464
1.424
1.416
1.388
1.384
1.4
1.424
1.412
1.428
1.408
1.408
1.384
1.424
1.46
1.472
1.408
1.388
1.464
1.44
1.384
1.392
1.404
1.38
1.392
1.436
1.412
1.404
1.4
1.352
1.376
1.384
1.332
1.364
1.348
1.324
1.332
1.312
1.344
1.356
1.372
1.412
1.352
1.3
1.36
1.356
1.332
1.316
1.308
1.324
1.312
1.256
1.292
1.376
1.308
1.212
1.22
1.272
1.284
1.256
1.304
1.3
1.256
1.268
1.308
1.3
1.292
1.284
1.296
1.34
1.404
1.348
1.324
1.272
1.352
1.4
1.388
1.288
1.3
1.28
1.268
1.184
1.212
1.332
1.4
1.38
1.38
1.368
1.36
1.36
1.4
1.368
1.432
1.456
1.432
1.42
1.44
1.42
1.38
1.468
1.48
1.432
1.38
1.352
1.3
1.176
1.168
1.112
1.124
1.344
1.3
1.38
1.396
1.372
1.3
1.32
1.324
1.32
1.316
1.284
1.3
1.316
1.372
1.38
1.352
1.4
1.392
1.396
1.412
1.344
1.368
1.34
1.328
1.3
1.332
1.368
1.328
1.28
1.268
1.276
1.248
1.256
1.268
1.248
1.288
1.364
1.372
1.368
1.388
1.34
1.288
1.28
1.24
1.192
1.176
1.268
1.348
1.332
1.276
1.304
1.316
1.296
1.272
1.288
1.352
1.364
1.384
1.384
1.364
1.3
1.284
1.292
1.304
1.368
1.38
1.396
1.316
1.276
1.34
1.42
1.4
1.356
1.412
1.436
1.344
1.352
1.38
1.364
1.348
1.392
1.396
1.336
1.304
1.26
1.232
1.248
1.268
1.2
1.22
1.184
1.104
1.104
1.244
1.312
1.34
1.348
1.376
1.312
1.356
1.368
1.36
1.332
1.432
1.452
1.444
1.42
1.432
1.376
1.352
1.372
1.384
1.384
1.38
1.424
1.388
1.336
1.324
1.332
1.328
1.304
1.34
1.372
