0.956
0.944
0.936
0.9
0.92
0.928
0.924
0.928
0.924
0.916
0.9222265
0.892
0.908
0.928
0.964
0.968
0.96
0.936
0.936
0.956
0.952
0.944
0.908
0.884
0.912
0.904
0.892
0.868
0.872
0.864
0.892
0.92
0.92
0.896
0.88
0.892
0.916
0.92
0.904
0.868
0.884
0.932
0.956
0.964
0.932
0.92
0.884
0.884
0.9
0.908
0.9
0.88
0.892
0.9310695
0.9
0.916
0.96
0.94
0.94
0.94
0.904
0.92
0.932
0.94
0.916
0.884
0.9
0.904
0.9
0.888
0.88
0.908
0.936
0.94
0.872
0.876
0.896
0.908
0.908
1.002907
0.844
0.852
0.86
0.864
0.864
0.9401511
0.864
0.872
0.94229
0.836
0.856
0.864
0.876
0.876
0.864
0.868
0.888
0.876
0.9
0.888
0.872
0.896
0.9
0.896
0.904
0.872
0.884
0.888
0.9
0.888
0.876
0.86
0.844
0.848
0.852
0.84
0.82
0.796
0.764
0.768
0.768
0.768
0.772
0.78
0.78
0.784
0.848
0.9
0.924
0.916
0.916
0.912
0.876
1.004013
0.832
0.82
0.812
0.84
0.92
0.916
0.888
0.892
0.884
0.912
0.916
0.9
0.888
0.884
0.9502846
0.844
0.832
0.8779701
0.824
0.9019287
0.78
0.792
0.856
0.912
0.956
0.972
0.952
0.964
0.96
0.948
0.94
0.908
0.912
0.928
0.9
0.9106204
0.9802361
0.8
0.812
0.844
0.848
0.852
0.9
0.928
0.936
0.928
0.932
0.952
0.94
0.92
0.9430226
0.848
0.86
0.868
0.884
0.944
0.968
0.98
0.96
0.932
0.936
0.928
0.912
0.896
0.872
0.896
0.92
0.928
0.896
0.9432893
0.84
0.848
0.832
0.82
0.804
0.824
0.896
0.928
0.908
0.924
0.932
0.916
0.892
0.872
0.888
0.904
0.9
0.876
0.856
0.872
0.86
0.86
0.848
0.84
0.876
0.904
0.9293384
0.832
0.84
0.872
0.888
0.92
0.904
0.88
0.928
0.956
0.9008912
0.876
0.868
0.9
0.912
0.92
0.908
0.92
0.948
0.936
0.932
0.916
0.94
0.964
0.932
0.912
0.908
0.9976842
0.844
0.848
0.864
0.876
0.92
0.976
0.988
0.98
0.956
0.908
0.924
0.92
0.924
0.924
0.916
0.9430033
0.848
0.824
0.824
0.856
0.896
0.924
0.888
0.888
0.956
0.956
0.936
0.916
0.9
0.916
0.908
0.9
0.888
0.884
0.924
0.94
0.948
0.928
0.92
0.912
0.94
0.952
0.94
0.908
0.892
0.932
0.94
0.944
0.932
0.904
0.92
0.8383883
0.84
0.832
0.852
0.892
0.936
0.924
0.928
0.96
0.972
0.9493217
0.884
0.932
0.944
0.924
0.904
0.872
0.888
0.904
0.908
0.912
0.924
0.904
0.888
0.916
0.936
0.94
0.924
0.924
0.872
0.868
0.972
0.98
0.96
0.94
0.916
0.908
0.896
0.88
0.908
0.936
0.96
0.972
0.948
0.8989727
0.884
0.88
0.868
0.884
0.904
0.94
0.944
0.936
0.952
0.932
0.908
0.892
0.9
0.916
0.912
0.904
0.892
0.904
0.92
0.912
0.904
0.904
0.94
0.944
0.944
0.916
0.916
0.94
0.944
0.904
0.892
0.908
0.972
0.924
0.9
0.8729208
0.832
0.828
0.824
0.808
0.828
0.892
0.956
0.992
1.008
0.98
0.94
0.972
0.964
0.888
0.892
0.908
0.896
0.884
0.876
0.892
0.9077649
0.804
0.796
0.8
0.808
0.836
0.856
0.888
0.888
0.884
0.876
0.896
0.884
0.856
0.816
0.824
0.848
0.864
0.888
0.88
0.86
0.824
0.796
0.804
0.816
0.852
0.848
0.8732903
0.784
0.756
0.752
0.764
0.8
0.82
0.824
0.812
0.788
0.784
0.808
0.816
0.828
0.8
0.772
0.768
0.764
0.764
0.768
0.776
0.772
0.764
0.74
0.72
0.716
0.712
0.708
0.716
0.8850162
0.708
0.744
0.768
0.796
0.796
0.772
0.764
0.756
0.752
0.756
0.732
0.74
0.748
0.76
0.74
0.728
0.736
0.752
0.74
0.736
0.752
0.764
0.752
0.736
0.744
0.748
0.76
0.772
0.76
0.748
0.748
0.752
0.768
0.772
0.756
0.752
0.756
0.768
0.772
0.792
0.796
0.792
0.768
0.76
0.764
0.772
0.784
0.8
0.772
0.772
0.776
0.788
0.8
0.816
0.832
0.824
0.796
0.788
0.8
0.812
0.832
0.856
0.8886746
0.796
0.76
0.76
0.78
0.812
0.84
0.848
0.844
0.8443333
0.784
0.792
0.792
0.796
0.812
0.852
0.884
0.904
0.884
0.872
0.9496997
0.9211304
0.788
0.788
0.788
0.8
0.844
0.892
0.92
0.872
0.84
0.868
0.9
0.892
0.86
0.8672334
0.788
0.776
0.768
0.784
0.812
0.844
0.876
0.852
0.832
0.844
0.836
0.856
0.88
0.884
0.856
0.844
0.84
0.848
0.816
0.828
0.86
0.872
0.86
0.888
0.908
0.904
0.9671735
0.808
0.804
0.764
0.788
0.82
0.864
0.88
0.864
0.884
0.92
0.912
0.932701
0.812
0.796
0.796
0.836
0.892
0.92
0.876
0.884
0.928
0.9026419
0.836
0.832
0.84
0.84
0.836
0.86
0.9523682
0.86
0.836
0.836
0.86
0.856
0.824
0.864
0.94
0.94
0.928
0.928
0.908
0.9
0.884
0.864
0.852
0.876
0.884
0.9
0.888
0.9517997
0.796
0.78
0.812
0.84
0.864
0.864
0.864
0.876
0.916
0.928
0.944
0.904
0.868
0.872
0.896
0.892
0.892
0.872
0.876
0.9495719
0.86
0.836
0.816
0.804
0.804
0.88
0.916
0.92
0.9
0.9
0.936
0.94
0.924
0.892
0.88
0.892
0.904
0.928
0.892
0.868
0.884
0.916
0.928
0.912
0.872
0.872
0.868
0.844
0.876
0.916
0.9445624
0.82
0.812
0.892
0.904
0.956
0.952
0.932
0.984
0.976
0.988
0.944
0.916
0.924
0.936
0.972
0.944
0.932
0.96
0.956
0.94
0.912
0.884
0.9398888
0.844
0.832
0.836
0.816
0.844
0.944
0.972
0.98
0.96
0.968
0.98
0.952
0.884
0.876
0.912
0.932
0.928
0.904
0.884
0.924
0.94
0.956
0.936
0.904
0.948
0.956
0.904
0.944
0.988
0.944
0.872
0.86
0.92
0.912
0.912
0.94
0.928
0.92
0.916
0.896
0.912
0.92
0.94
0.88
0.832
0.832
0.86
0.864
0.864
0.856
0.84
0.812
0.836
0.88
0.876
0.868
0.88
0.908
0.9180107
0.808
0.804
0.812
0.844
0.9
0.904
0.892
0.868
0.872
0.9085787
0.848
0.836
0.824
0.828
0.824
0.804
0.86
0.912
0.92
0.9
0.864
0.884
0.906461
0.832
0.816
0.808
0.824
0.888
0.908
0.936
0.9
0.9
0.912
0.916
0.908
0.884
0.864
0.848
0.82
0.844
0.884
0.896
0.888
0.876
0.928
0.948
0.948
0.924
0.908
0.944
0.94
0.928
0.8955811
0.848
0.848
0.832
0.84
0.856
0.908
0.948
0.94
0.9
0.888
0.9166673
0.832
0.852
0.86
0.848
0.844
0.864
0.896
0.92
0.936
0.932
0.928
0.9
0.8733695
0.844
0.836
0.832
0.852
0.904
0.94
0.956
0.936
0.908
0.924
0.932
0.916
1.017487
0.832
0.852
0.872
0.872
0.884
0.872
0.924
0.996
1.032
1.024
1
0.976
0.936
0.896
0.88
0.848
0.884
0.98
0.988
1.012
1.012
0.992
0.964
0.944
0.952
0.94
0.916
0.9786403
0.852
0.844
0.856
0.876
0.956
1
1.004
0.996
0.968
0.92
0.94
0.956
0.94
0.884
0.892
0.932
0.952
0.956
0.944
0.924
0.964
0.956
0.96
0.928
0.92
0.952
0.956
0.948
0.94
0.932
0.96
0.92
0.924
0.916
0.864
0.88
0.94
0.964
0.952
0.928
0.928
0.944
0.948
0.916
0.896
0.912
0.928
0.932
0.912
0.896
0.916
0.948
0.928
0.916
0.888
0.896
0.908
0.9
0.88
0.864
0.872
0.892
0.908
0.912
0.892
0.8847833
0.856
0.852
0.844
0.88
0.92
0.94
0.924
0.916
0.944
0.948
0.916
0.884
0.9156531
0.82
0.832
0.848
0.844
0.88
0.912
0.928
0.924
0.912
0.94
0.948
0.944
0.924
0.912
0.924
0.924
0.92
0.908
0.914191
0.836
0.84
0.888
0.896
0.908
0.948
0.972
0.976
0.964
0.948
0.948
0.96
0.936
0.92
0.892
0.864
0.912
0.968
0.932
0.872
0.864
0.908
0.908
0.904
0.928
0.932
0.928
0.904
0.88
0.896
0.92
0.928
0.928
0.908
0.94
0.956
0.952
0.932
0.908
0.944
0.976
0.972
0.944
0.944
0.956
0.956
0.94
0.916
0.932
0.92
0.932
0.916
0.908
0.912
0.96
0.98
0.972
0.96
0.928
0.956
0.968
0.96
0.928
0.896
0.932
0.936
0.936
0.92
0.912
0.924
0.928
0.94
0.932
0.912
0.952
0.94
0.94
0.92
0.908
0.948
0.96
0.956
0.94
0.952
0.98
0.992
0.98
0.956
0.94
0.956
0.972
0.956
0.924
0.944
0.976
0.968
0.932
0.924
0.948
0.956
0.944
0.916
0.964
0.984
0.984
0.94
0.944
0.964
0.956
0.936
0.928
0.94
0.952
0.94
0.936
0.904
0.904
0.944
0.98
0.98
0.972
0.936
0.968
0.976
0.956
0.936
0.924
0.944
0.908
0.956
0.992
0.98
0.96
0.932
0.932
0.936
0.944
0.92
0.9
0.924
0.932
0.944
0.924
0.932
0.976
0.992
0.988
0.948
0.94
0.964
0.988
0.972
0.944
0.968
0.976
0.968
0.956
0.928
0.896
0.928
0.956
0.94
0.888
0.908
0.912
0.884
0.852
0.88
0.92
0.912
0.904
0.916
0.92
0.908
0.88
0.868
0.88
0.904
0.936
0.928
0.9
0.928
0.948
0.932
0.888
0.88
0.9711026
0.864
0.848
0.848
0.908
0.944
0.96
0.948
0.936
0.96
0.964
0.932
0.908
0.912
0.912
0.92
0.9
0.892
0.928
0.948
0.924
0.896
0.932
0.948
0.964
0.928
0.936
0.96
0.968
0.98
0.956
0.944
0.964
0.972
0.968
0.964
0.936
0.94
0.98
0.984
0.968
0.94
0.948
0.956
0.948
0.912
0.896
0.92
0.936
0.928
0.908
0.904
0.948
0.96
0.952
0.928
0.924
0.964
0.956
0.92
0.9
0.928
0.944
0.944
0.92
0.916
0.956
0.964
0.972
0.936
0.964
0.968
0.956
0.94
0.916
0.92
0.928
0.948
0.908
0.912
0.908
0.916
0.896
0.88
0.916
0.932
0.92
0.912
0.876
0.904
0.92
0.916
0.916
0.9
0.916
0.928
0.916
0.876
0.864
0.884
0.884
0.884
0.884
0.864
0.876
0.896
0.9
0.896
0.892
0.864
0.852
0.908
0.928
0.88
0.848
0.884
0.92
0.9
0.924
0.936
0.932
0.92
0.924
0.872
0.86
0.944
0.96
0.972
0.96
0.948
0.924
0.916
0.94
0.948
0.964
0.964
0.972
1.008
1.024
1
0.984
0.956
0.94
0.952
0.948
0.964
0.928
0.928
0.96
0.98
0.964
0.94
0.928
0.94
0.96
0.948
0.912
0.928
0.952
0.948
0.952
0.928
0.928
0.928
0.948
0.936
0.908
0.94
0.96
0.956
0.932
0.892
0.884
0.872
0.852
0.904
0.952
0.94
0.912
0.944
0.972
0.956
0.924
0.884
0.884
0.888
0.888
0.884
0.88
0.932
0.968
0.992
0.972
0.94
0.956
0.948
0.928
0.908
0.896
0.884
0.876
0.884
0.912
0.94
0.96
0.908
0.892
0.912
0.908
0.908
0.88
0.888
0.896
0.896
0.888
0.86
0.888
0.908
0.928
0.896
0.872
0.896
0.904
0.896
0.888
0.88
0.9
0.936
0.94
0.92
0.94
0.964
0.96
0.916
0.904
0.924
0.932
0.916
0.892
0.912
0.92
0.912
0.892
0.892
0.92
0.964
0.96
0.936
0.912
0.944
0.952
0.928
0.924
0.924
0.968
0.964
0.928
0.896
0.876
0.9
0.964
0.968
0.944
0.908
0.944
0.972
0.96
0.936
0.904
0.928
0.94
0.936
0.924
0.904
0.912
0.912
0.916
0.9
0.904
0.888
0.852
0.88
0.944
0.952
0.944
0.936
0.908
0.92
0.92
0.916
0.9
0.896
0.932
0.936
0.944
0.924
0.936
0.964
0.96
0.944
0.912
0.94
0.992
0.976
0.948
0.932
0.94
0.936
0.932
0.92
0.908
0.924
0.952
0.94
0.904
0.908
0.916
0.912
0.888
0.864
0.88
0.896
0.9
0.892
0.904
0.94
0.952
0.94
0.908
0.904
0.92
0.924
0.896
0.9
0.928
0.932
0.92
0.896
0.88
0.896
0.912
0.892
0.888
0.868
0.896
0.908
0.908
0.896
0.876
0.916
0.928
0.916
0.9
0.92
0.924
0.94
0.928
0.912
0.92
0.928
0.948
0.948
0.9287992
0.884
0.9
0.892
0.892
0.94
0.916
0.916
0.908
0.928
0.952
0.956
0.912
0.904
0.924
0.928
0.92
0.924
0.932
0.976
0.976
0.956
0.932
0.964
0.976
0.956
0.912
0.94
0.92
0.868
0.852
0.884
0.92
0.916
0.888
0.896
0.916
0.888
0.88
0.884
0.876
0.936
0.992
0.996
0.964
0.92
0.928
0.96
0.952
0.928
0.888
0.904
0.928
0.948
0.908
0.908
0.956
0.972
0.968
0.96
0.952
0.968
0.952
0.916
0.9
0.892
0.92
0.936
0.936
0.928
0.956
0.948
0.956
0.912
0.928
0.948
0.948
0.936
0.92
0.94
0.968
0.964
0.952
0.928
0.96
0.988
0.98
0.944
0.92
0.932
0.948
0.936
0.912
0.884
0.908
0.964
0.948
0.944
0.936
0.956
0.956
0.96
0.948
0.888
0.884
1.008
1.012
0.984
0.956
0.936
0.916
0.884
0.92
0.936
0.928
0.908
0.924
0.944
0.98
0.984
0.972
0.968
0.972
0.976
0.944
0.92
0.936
0.952
0.94
0.928
0.908
0.94
0.948
0.932
0.904
0.94
0.948
0.94
0.912
0.92
0.936
0.96
0.952
0.924
0.928
0.96
0.964
0.94
0.936
0.952
0.984
0.964
0.908
0.888
0.892
0.892
0.9
0.892
0.896
0.928
0.94
0.976
0.948
0.932
0.96
0.948
0.94
0.896
0.888
0.916
0.9
0.908
0.896
0.92
0.968
0.98
0.956
0.98
0.992
0.976
0.908
0.948
0.968
0.948
0.928
0.904
0.908
0.92
0.92
0.908
0.896
0.908
0.92
0.932
0.916
0.936
0.964
0.956
0.944
0.936
0.96
0.968
0.964
0.94
0.924
0.956
0.988
0.984
0.944
0.944
0.952
0.948
0.956
0.936
0.92
0.952
0.956
0.948
0.924
0.908
0.936
0.944
0.928
0.908
0.904
0.936
0.928
0.9
0.9
0.92
0.944
0.944
0.908
0.904
0.932
0.94
0.932
0.844
1.036
0.96
0.968
0.928
0.928
0.948
0.944
0.912
0.888
0.908
0.924
0.936
0.936
0.92
0.984
0.976
0.94
0.908
0.912
0.94
0.98
0.948
0.952
1.008
1.004
0.952
0.936
0.996
0.984
0.936
0.912
0.948
0.968
0.952
0.904
0.9
0.924
0.936
0.936
0.928
0.92
0.968
0.968
0.944
0.932
0.912
0.904
0.948
0.988
0.984
0.948
0.92
0.948
0.956
0.956
0.92
0.932
0.964
0.96
0.956
0.928
0.924
0.944
0.968
0.952
0.932
0.932
0.948
0.948
0.94
0.936
0.976
0.968
0.972
0.944
0.984
1.004
0.956
0.924
0.932
0.948
0.948
0.928
0.928
0.964
0.964
0.952
0.924
0.92
0.952
0.976
0.956
0.928
0.956
0.964
0.952
0.936
0.928
0.972
0.98
0.964
0.94
0.916
0.948
0.944
0.944
0.92
0.912
0.948
0.96
0.952
0.92
0.912
0.924
0.92
0.924
0.948
0.932
0.896
0.88
1.008
1.06
1.04
0.992
0.952
0.932
0.924
0.912
0.9
0.908
0.956
0.984
1
1.004
0.98
0.976
0.964
0.96
0.968
0.948
0.924
0.948
0.968
0.976
0.984
0.96
0.988
0.984
0.98
0.948
0.936
0.952
0.96
0.968
0.948
0.956
0.952
0.952
0.928
0.948
0.972
1
0.968
0.928
0.908
0.896
0.872
0.936
0.976
0.964
0.952
0.992
1.016
0.984
0.948
0.924
0.964
0.952
0.94
0.916
0.9
0.944
0.956
0.952
0.94
0.928
0.952
0.952
0.944
0.92
0.908
0.936
0.976
0.992
0.96
0.964
0.968
0.964
0.964
0.984
1
1
0.996
0.98
0.984
0.992
0.996
0.972
0.952
0.972
0.996
1.012
0.98
0.996
0.992
0.98
0.952
0.984
1.012
0.984
0.948
0.964
0.972
0.976
0.944
0.952
1.008
1.032
0.968
0.908
0.872
0.912
0.936
0.932
0.968
0.992
0.992
0.948
0.92
0.94
0.972
0.948
0.928
0.888
0.896
0.988
1.008
1
0.968
0.948
0.988
0.976
0.956
0.924
0.916
0.936
0.96
0.96
0.94
0.944
0.98
0.988
0.98
0.96
0.968
0.996
1.028
1.008
0.98
0.996
1.012
1.012
0.992
0.996
1.008
1
0.996
0.956
0.984
1.008
1.004
0.988
1.016
1.02
1.012
0.972
0.936
0.968
0.98
0.992
0.948
0.924
0.96
0.996
1.004
0.984
0.984
1.008
0.996
0.96
0.948
0.984
1.004
0.968
0.928
0.964
0.992
0.98
0.948
0.892
0.94
0.972
0.988
0.992
0.964
0.944
0.972
0.992
0.976
0.94
0.932
0.98
1.016
1.036
1.028
1.024
1.016
1.008
0.968
0.96
0.98
0.98
0.96
0.924
0.92
0.948
0.968
0.968
0.952
0.924
0.948
0.972
0.948
0.924
0.916
0.928
0.928
0.904
0.888
0.916
0.932
0.924
0.892
0.936
0.964
0.904
0.856
0.868
0.92
0.924
0.908
0.932
0.948
0.956
0.928
0.9
0.864
0.94
0.98
0.972
0.976
0.948
0.936
0.964
0.96
0.932
0.928
0.936
0.98
1.008
1.004
0.98
0.964
0.976
0.964
0.956
0.952
0.956
0.988
1.02
1.02
0.984
0.996
1.02
1.016
0.972
0.948
0.976
0.976
0.964
0.936
0.936
0.968
0.98
1
0.972
0.968
0.988
1.004
0.956
0.924
0.944
0.952
0.956
0.952
0.952
0.98
0.992
0.988
0.944
0.968
0.976
0.952
0.94
0.936
0.944
0.964
0.952
0.952
0.988
0.976
0.944
0.932
0.924
0.88
0.876
0.928
0.932
0.916
0.892
0.908
0.944
0.928
0.908
0.884
0.916
0.932
0.944
0.928
0.896
0.944
0.96
0.952
0.928
0.908
0.94
0.956
0.968
0.936
0.94
0.94
0.944
0.936
0.916
0.952
0.976
0.96
0.96
0.98
1
1.008
0.976
0.98
0.9814781
0.968
0.964
1.02
1.024
1.008
0.968
0.984
1
1
0.96
0.928
0.936
0.948
0.948
0.952
0.928
0.972
0.992
1.004
0.984
0.976
1
0.996
0.956
0.944
0.996
1.008
0.992
0.96
0.984
0.992
0.988
0.96
0.952
0.988
1.008
1.016
0.996
0.988
1
0.996
0.988
0.948
0.928
0.96
0.988
0.984
0.968
0.9
0.896
0.948
0.968
0.968
0.944
0.928
0.968
0.976
1.004
0.972
0.964
0.98
0.984
0.984
0.964
0.976
1
1.016
0.996
0.972
0.968
0.992
0.984
0.972
0.972
1.016
1.012
0.992
0.968
0.956
1
1.004
0.984
0.948
0.956
0.976
0.964
0.928
0.92
0.948
0.96
0.984
0.96
1.012
1.008
1.012
0.984
0.988
0.984
0.96
0.988
0.988
0.988
0.952
0.976
1.028
1.008
0.984
0.948
0.992
1
0.956
0.936
0.876
0.884
0.932
0.928
0.968
1.012
1.02
1.004
0.972
0.92
0.948
0.968
0.96
0.94
0.932
0.952
0.96
0.972
0.944
0.896
0.936
0.964
0.984
0.968
0.948
0.924
0.976
0.996
0.972
0.944
0.976
0.992
1
0.976
0.996
1.016
1.004
0.976
0.984
0.992
0.988
0.972
0.952
1.008
1.024
0.996
0.96
0.968
0.984
0.988
0.976
0.936
0.98
1
1.008
0.98
1.004
1.036
1.036
1
0.988
1.016
1.012
0.972
0.984
1
1.02
1.032
1
1.048
1.068
1.064
1.02
0.964
0.984
1
0.988
0.956
0.932
0.98
0.976
0.952
0.92
0.96
0.972
0.948
0.916
0.948
0.984
0.992
0.98
0.956
0.992
0.98
0.94
0.904
0.948
0.956
0.952
0.952
0.928
0.952
0.96
0.992
0.964
0.968
1
1.012
0.9769919
0.928
0.896
0.904
0.984
1.008
0.988
0.96
0.976
0.98
0.952
0.916
0.892
0.864
1.008
1.1
1.076
1.048
1.016
0.996
0.932
0.932
0.96
0.992
1.004
0.988
1.008
1.052
1.06
1.044
1.008
0.992
1.024
1.032
1.036
1.016
1.016
1.048
1.048
1.004
0.976
0.996
0.992
0.968
0.928
0.92
0.908
0.884
0.856
0.892
0.968
0.928
0.956
1.02
1.024
1.008
0.988
0.936
0.884
0.948
0.98
0.988
0.98
0.972
0.98
0.968
0.944
0.968
0.992
1
0.996
0.984
1.016
1.024
0.972
0.924
0.94
0.944
0.976
0.952
0.964
0.996
1.016
0.996
1
1.004
0.996
0.98
0.988
1.008
1.008
0.98
0.996
1.036
1.052
1.012
1.004
1.02
1.016
1.008
0.98
0.96
0.976
0.968
0.952
0.944
0.944
0.992
0.984
0.996
0.976
0.956
0.972
0.988
0.988
0.952
0.94
0.996
1.004
0.968
0.944
0.984
1.016
1.012
0.98
0.972
0.984
0.972
0.94
0.916
0.948
0.972
0.98
0.944
0.952
0.98
1.008
0.992
1.004
1.028
1.024
1.004
1
0.988
0.976
0.964
0.944
0.972
0.984
0.976
0.98
1.012
1.02
1.016
0.964
0.948
0.988
0.98
0.96
0.916
0.904
0.892
0.868
0.948
1
0.988
0.968
0.996
1.024
0.988
0.952
0.928
0.88
0.9
1.02
1.016
1.008
0.984
0.956
0.952
0.968
0.98
0.96
0.928
0.932
0.968
0.964
0.968
0.948
0.956
1.004
1.016
0.988
0.956
0.972
0.984
0.976
0.956
0.964
1
1.032
1.04
1.008
1.004
1.004
1.004
0.988
1
1.048
1.056
1.016
0.976
0.992
0.992
0.96
0.932
0.936
0.972
1.004
1.016
0.988
1.004
1.032
1.044
1.016
1.008
1.02
1.028
1.028
0.988
0.972
1.008
1.004
0.992
0.976
0.956
1.008
1.012
1.008
0.98
0.944
0.96
0.984
0.984
0.976
0.92
0.98
1.02
1.024
1.004
0.972
0.924
0.94
0.972
0.964
0.936
0.96
0.984
1.024
1.032
1.024
1.024
1.032
1.04
1.004
1
1.024
1.016
1
1
1.04
1.048
1
0.988
1.016
1.036
1.06
1.016
1.032
1.052
1.04
0.996
0.976
1
1.008
0.96
0.908
0.968
0.984
1.008
0.984
0.956
0.988
1.008
0.996
0.944
0.952
0.98
0.98
0.98
0.968
0.956
0.98
0.988
0.96
0.948
0.988
1.016
1.02
1.004
0.988
1.032
1.048
1.044
0.98
0.972
0.988
0.912
0.884
0.936
0.964
0.98
0.996
1
1.008
0.948
0.928
0.964
0.984
0.996
0.968
0.956
0.972
0.988
0.976
0.932
0.94
0.964
0.936
0.912
0.944
0.976
0.936
0.88
0.972
1.048
1.048
1.02
0.984
0.968
0.968
0.924
0.936
0.976
1.004
1.02
1.02
0.976
0.98
0.996
1.012
0.996
0.968
0.98
0.972
0.98
0.952
0.944
1.012
1.032
1.02
0.972
0.968
0.98
1.004
1.004
0.98
1.02
1.032
1.036
1.016
1.004
1.004
1.008
0.984
0.992
1.004
0.984
0.956
0.892
0.864
0.908
0.932
0.904
0.972
1.012
1
0.964
0.936
0.884
0.856
0.952
1.016
1.032
1.008
1.004
0.976
0.92
0.9
0.928
0.948
0.96
0.948
0.94
0.98
0.996
0.996
0.948
0.94
0.96
0.968
0.96
0.928
0.912
0.972
0.992
0.984
0.964
0.976
1.012
1.016
0.98
0.976
1.008
1.024
1.044
0.992
0.968
0.98
0.98
0.992
0.92
0.964
1.028
1.036
0.968
0.904
0.856
0.828
0.856
0.9
0.944
0.936
0.96
0.948
0.968
1.024
1.048
1.028
0.976
0.904
0.928
1.036
1.048
1.036
1.008
0.988
0.964
0.976
0.984
0.984
0.972
0.972
0.988
0.98
0.968
0.932
0.924
0.92
0.968
0.98
0.984
0.984
0.992
1.004
1.024
1.028
0.984
0.984
0.984
0.984
0.948
0.952
0.968
1.008
0.992
0.972
1.004
1.024
1.02
0.964
0.964
0.996
0.992
0.984
0.956
1.016
1.032
1.04
1
0.956
0.996
1
0.988
0.96
0.928
0.98
1.024
1.032
0.996
0.98
1.008
1.012
0.976
0.968
0.992
1.02
1.008
0.972
0.972
1
1.012
0.988
0.972
1.028
1.06
1.08
1.04
1.036
1.064
1.036
1.02
1.008
1.032
1.02
0.98
0.956
1.004
1.052
1.06
1.016
0.928
1.048
1.08
1.092
1.076
1.04
1.044
1.032
1.024
0.988
0.972
1.004
1.024
1.032
1.02
1.024
1.028
1.028
1.028
1.004
0.992
1.036
1.048
1.052
1.012
0.924
0.976
1.012
1.02
1
0.964
0.952
1.004
1.004
0.984
0.964
0.968
0.976
1.012
1.04
1.016
1
1.028
1.032
1.02
0.988
0.968
1.016
1.052
0.992
0.988
1.008
1.016
0.992
1.024
1.048
1.064
1.04
1.036
1.052
1.024
1.012
0.972
0.976
0.988
1.044
0.972
0.952
0.98
0.956
0.916
0.868
0.892
0.936
0.944
0.976
1.004
0.956
0.924
0.896
0.9
0.908
0.924
0.94
0.912
0.868
0.848
0.924
1.048
1.044
1.028
1.02
1
0.988
0.968
0.976
0.992
1.028
1.04
1.032
1.032
1.052
1.04
1.016
0.984
1.004
1.036
1.044
1.032
1.032
1.016
1.032
1.076
1.064
1.012
0.984
1.02
1.032
1.04
1.008
1
1.008
1.04
1.016
0.98
1.02
1.044
1.02
1.004
1
1.02
1.028
1.012
1.008
1.044
1.044
1.032
0.988
0.984
0.98
0.984
0.968
0.916
0.908
0.936
0.92
0.884
0.896
0.972
0.988
0.964
0.996
1
1.012
0.972
0.932
0.956
0.972
0.964
0.944
0.916
0.952
0.956
0.956
0.932
0.928
0.956
0.992
1
0.968
0.968
1.016
1.004
0.968
0.928
0.912
0.944
0.96
0.964
0.944
0.984
1.012
1.012
0.976
0.996
1.028
1.032
1.008
0.992
1.028
1.028
1.004
0.968
0.992
1.02
1.028
0.984
0.976
1.008
1.016
1.004
0.98
1.012
1.072
1.084
1.048
1.036
1.048
1.004
0.956
1.012
1.04
1.052
1.04
1.072
1.104
1.088
1.052
1.048
1.072
1.056
1.02
1.012
1.048
1.056
1.012
1
1.056
1.052
1.008
1.024
1.056
1.016
0.96
0.976
1.024
1.028
0.984
0.9
0.944
1.032
1.052
1.052
1.032
1
0.952
0.968
0.968
0.96
0.932
0.92
0.956
0.972
0.992
1
0.988
1.024
1.036
1.016
0.988
0.968
1.02
1.052
1.06
1.008
1
1.024
1.036
1.032
1.008
1.032
1.056
1.072
1.048
1.056
1.068
1.056
1.028
0.996
1.02
1.028
1.012
1.036
1.08
1.08
1.012
0.972
0.988
0.952
0.892
0.892
0.972
0.976
0.94
0.972
0.988
0.988
0.952
0.928
0.988
0.996
0.988
0.956
0.892
0.94
1.032
1.04
1.012
0.996
1
0.972
0.936
0.988
1.02
1.02
1.012
0.996
0.992
1.028
1.008
0.976
0.94
0.94
0.984
1
1.008
1.016
1.056
1.044
1.032
0.988
1.004
1.012
0.996
0.96
0.96
1.02
1.028
1.02
0.98
0.996
1.02
1.04
1
0.924
0.928
1.068
1.064
1.056
1.06
1.06
1.036
1.028
1.072
1.08
1.056
1.02
1.06
1.084
1.08
1.052
1.096
1.124
1.112
1.092
1.044
1.06
1.068
1.084
1.028
0.996
1.104
1.068
1.016
0.96
0.968
0.952
0.9
0.892
1.004
1.016
0.992
0.92
0.924
1.028
1.024
1.016
1.004
0.996
0.972
0.928
0.972
0.992
1.004
0.996
0.992
0.992
1.044
1.064
1.036
1.016
1.044
1.056
1.008
0.98
1
1.012
0.976
0.96
1.008
1.028
1.028
1.008
1.036
1.036
1.044
1
1.032
1.032
1.044
1.012
1.012
1.048
1.068
1.048
1.016
1.048
1.06
1.056
1.04
1.08
1.08
1.06
1.016
1.004
1.004
1.012
0.98
0.92
0.96
1.104
1.12
1.1
1.052
1.016
1.04
1.044
1.008
1
1.048
1.076
1.064
1.024
1.028
1.04
1.064
1.06
1.044
1.052
1.06
1.068
1.056
1.084
1.076
1.072
1.032
1.024
1.024
1.028
1.012
1.048
1.044
0.996
1.02
1.04
1.044
1.028
0.972
1.032
1.06
1.068
1.032
0.944
1.008
1.024
0.996
0.984
0.936
0.912
0.976
1.02
1.012
0.972
0.956
1.024
1.044
1.052
1.028
1.048
1.072
1.084
1.068
1.088
1.104
1.092
1.044
1.052
1.068
1.076
1.036
1.016
1.04
1.024
1.02
0.976
0.964
1.012
1.036
1.032
0.992
0.916
0.988
1.032
1.044
1.028
1.008
0.976
0.968
1
1.044
1.008
0.956
0.956
1.02
1.024
1.024
1.008
1.016
1.048
1.044
1.004
0.972
0.992
1
1.024
1.008
1
1.004
1
0.984
1
1.02
1.02
1.004
1.008
1.076
1.076
1.064
1.068
1.068
1.068
1.052
1.056
1.056
1.056
1.032
1.068
1.044
1.008
0.996
0.98
1.004
0.924
0.864
0.892
0.876
0.98
1.024
1
0.94
0.924
0.94
0.972
0.976
0.944
0.936
0.972
1
1.004
0.984
0.952
0.984
1.008
0.992
0.96
0.948
1.012
1.008
0.996
0.936
0.932
1
1.016
1.016
0.976
0.988
1.004
1.012
0.988
0.972
0.996
1.012
1.008
1.02
1.032
1.032
1.044
1
1
1.036
1.052
1.012
1.032
1.072
1.1
1.072
1.04
1.044
1.06
1.032
1.032
1.048
1.048
1.04
1.06
1.064
1.04
1.04
1
0.992
1.024
1.008
0.988
0.956
0.968
0.916
0.884
0.944
0.976
1.022476
0.948
0.96
0.98
0.952
0.896
0.896
1.16
1.164
1.1
1.072
1.044
1.02
0.984
0.976
0.996
1.016
1.036
1.064
1.048
1.04
1.02
1.012
0.988
0.964
0.956
0.968
1.008
1.024
0.996
1.016
1.044
1.056
1.044
1.056
1.036
1.04
1.028
1.036
1.016
0.976
1.032
1.052
1.064
1.036
1.044
1.04
1.008
0.996
1.012
1.028
1.028
1
0.956
0.976
1.012
1
0.988
0.98
1.036
1.048
1.032
1
0.956
0.992
1
1
0.976
0.952
0.992
1.012
1.016
0.972
0.968
1.008
1.02
0.996
0.98
1.008
1.008
1.02
0.98
0.976
1
1.028
1.012
1.016
1.1
1.084
1.052
1.032
1.024
1.032
0.988
0.964
0.996
1.028
1.032
1
1.028
1.076
1.072
1.064
1.052
1.056
1.044
1.032
1.044
1.064
1.06
1.052
1.008
0.988
0.98
0.976
0.96
0.936
1
1.016
1.028
1.008
0.98
0.896
0.904
1.068
1.02
0.928
0.876
0.896
0.952
0.952
0.916
0.964
0.992
1.012
1.012
1.085031
0.984
0.956
0.972
0.964
1.02
1.06
1.08
1.068
1.048
1.048
1.04
1.018831
0.968
1.048
1.064
1.068
1.06
1.068
1.064
1.06
1.036
0.992
1.012
1.024
1.032
1.02
1.04
1.072
1.1
1.1
1.064
1.076
1.112
1.104
1.056
1.044
1.04
1.036
0.98
0.968
1.024
1.052
1.052
1.036
1.008
1.08
1.08
1.052
0.996
1.028
1.036
1.028
1
0.988
1.024
1.012
0.988
0.956
0.94
0.996
1.044
1.02
1.016
1.092
1.096
1.032
0.98
1
1.008
1.012
0.996
1.016
1.096
1.116
1.076
1.088
1.088
1.1
1.044
1.036
1.04
1.032
0.996
0.976
0.956
0.956
0.884
0.88
0.98
1.024
1.008
1.004
1.048
1.044
1.016
0.98
0.952
0.992
1.008
0.992
0.956
0.892
0.972
1.06
1.076
1.052
1.028
1.004
1.064
1.056
1.036
1.016
0.996
1.044
1.06
1.094754
0.964
1.04
1.064
1.076
1.068
1.1
1.14
1.128
1.1
1.092
1.088
1.1
1.036
1.028
1.044
1.032
1.024
0.984
0.976
1.012
1.032
1.008
0.956
1
1.032
1.036
1
0.98
1.012
1.024
1.028
0.98
1.016
1.024
1.008
0.98
0.992
1.036
1.04
1.04
1.044
0.976
1.028
1.084
1.112
1.084
1.028
1.048
1.056
1.032
0.98
1.032
1.06
1.044
0.992
1.02
1.052
1.068
1.032
1.004
1.044
1.04
1.028
1.008
1.044
1.052
1.036
0.972
0.996
1.028
1.06
1.064
1.052
1.024
1.092
1.112
1.112
1.08
1.088
1.104
1.072
1.032
1.024
1.012
0.996
0.98
0.948
1.008
1.064
1.072
1.028
0.948
1.012
1.072
1.068
1.02
0.984
1.02
1.032
1.032
0.996
1.028
1.032
1.02
1.028
1
1.06
1.116
1.112
1.072
1.072
1.084
1.088
1.064
1.06
1.08
1.06
1.036
1.056
1.112
1.12
1.096
1.076
1.088
1.108
1.056
1.028
1.044
1.032
1.012
0.984
1.036
1.076
1.08
1.048
0.976
1.028
1.032
1.028
1
0.972
0.992
1.004
1.02
0.984
0.912
0.98
1.072
1.06
1.052
1.024
1.016
1.012
1.004
0.964
0.916
0.96
0.988
1.048
1.06
1.024
1.048
1.056
1.028
0.984
0.968
0.996
1.024
1.016
0.92
0.904
1.116
1.176
1.136
1.096
1.072
1.036
1.024
1.016
0.996
1.04
1.068
1.068
1.072
1.076
1.056
1.048
1.064
1.064
1.048
1.024
1.064
1.072
1.088
1.048
1.044
1.032
1.036
1.004
0.98
1.008
1.008
1.012
1.016
1.056
1.072
1.056
1.08
1.084
1.084
1.056
1.016
1
0.984
0.916
0.868
0.912
1
1.004
1.056
1.072
1.068
1.016
0.964
1.024
1.036
1.004
0.964
0.932
0.972
0.98
0.992
1.004
1
1.04
1.044
1.024
0.992
0.964
1.012
1.04
1.044
1.012
1
1.008
1.016
1.008
0.988
1.016
1.036
1.036
1
0.992
1.032
1.048
1.028
0.964
0.996
1.032
1.044
1.008
1.036
1.068
1.06
1.024
0.988
1.016
0.988
0.996
0.972
1.012
1.064
1.072
1.056
1.072
1.092
1.08
1.048
1.064
1.104
1.084
1.048
1.02
1.004
0.96
0.916
0.868
0.904
0.96
0.984
1.048
1.052
1.064
1.016
0.944
0.944
0.996
0.98
0.988
0.956
0.916
0.988
1.04
1.048
1.024
1.008
0.98
1.02
1.008
0.988
0.956
0.92
0.964
0.976
1.004
0.98
0.952
1.004
1.024
1.028
0.992
0.952
1.012
1.016
1.012
0.972
0.98
1.02
1.028
1.012
0.992
1.004
1.048
1.052
1.032
1.056
1.08
1.068
1.036
1.056
1.068
1.052
1.032
1.076
1.092
1.056
1.02
1.044
1.056
1.056
1.024
1.012
1.032
1.036
1.012
0.964
1.024
1.06
1.06
1.032
0.984
1.008
1.004
1
0.992
0.94
0.876
0.928
1.048
1.08
1.056
1.004
0.968
0.952
0.968
0.98
0.98
0.972
0.988
1.044
1.04
1.016
0.992
1.024
1.02
1.024
1.008
0.96
0.984
1.016
1.064
1.056
1.024
1.036
1.06
1.08
1.072
1.08
1.088
1.088
1.048
1.044
1.056
1.036
1.032
1.044
1.084
1.064
0.996
0.976
0.944
0.908
0.876
0.928
0.992
0.992
0.952
1.008
1.02
1.012
1
0.956
0.888
0.908
1.028
1.048
1.032
1.012
1
0.968
0.944
0.992
1.048
1.06
1.056
1.02
1.068
1.048
1
0.96
1.032
1.044
1.056
1.036
1.044
1.076
1.076
1.012
0.972
0.984
1
1.032
1.028
1.032
1.044
1.032
1.004
0.98
1.004
1.028
1.052
1.036
1.044
1.06
1.076
1.056
1.076
1.08
1.08
1.072
1.08
1.076
1.036
0.98
0.976
1.04
1.072
1.056
1
0.928
0.98
1.052
1.044
1.04
1.04
0.996
0.976
1.016
1
1.02
1.02
1
1.044
1.088
1.072
1.008
1.004
1.044
1.048
1.084
1.052
1.024
1.072
1.084
0.9379393
1.016
1.052
1.024
1.008
0.98
0.988
1.016
1.024
1.02
0.996
1.008
1.04
1.052
1.016
1.016
1.092
1.104
1.088
1.04
1.036
1.04
1.104
1.076
1.036
1.052
1.088
1.084
1.04
1.028
1.036
1.044
1.04
1.08
1.104
1.108
1.08
1.088
1.096
1.108
1.048
1.004
1.056
1.068
1.06
1.02
0.968
1.016
1.04
1.052
1.016
0.992
1.04
1.064
1.056
1.02
1.036
1.052
1.064
1.008
0.996
1.04
1.06
1.028
1.052
1.08
1.124
1.068
1.008
1.028
1.04
1.06
1.016
1.036
1.084
1.104
1.076
1.092
1.084
1.064
1.02
1.016
1.056
1.044
1.012
1.032
1.104
1.108
1.052
1.028
1.064
1.044
1.024
0.98
0.96
0.992
1.004
1.028
0.988
0.928
0.996
1.064
1.096
1.104
1.084
1.028
0.988
1.02
0.988
0.896
0.872
0.928
0.992
0.996
0.92
0.924
0.908
0.852
0.88
0.9
0.9
0.88
0.832
0.844
0.868
0.876
0.876
0.84
0.848
0.908
0.94
0.916
0.876
0.856
0.868
0.856
0.832
0.86
0.892
0.9
0.88
0.86
0.864
0.884
0.896
0.864
0.828
0.868
0.868
0.856
0.876
0.896
0.892
0.888
0.876
0.884
0.916
0.928
0.884
0.836
0.864
0.888
0.892
0.928
0.96
0.968
0.948
0.936
0.932
0.932
0.936
0.932
0.908
0.888
0.912
0.928
0.896
0.848
0.864
0.924
0.924
0.904
0.924
0.936
0.96
0.96
0.936
0.888
0.928
0.988
1.036
1.04
1.02
0.988
0.996
0.996
1
0.968
0.976
0.976
0.956
0.916
0.868
0.852
0.912
0.968
1.012
1.036
1.004
0.904
0.9
0.992
1.016
1.012
1.024
1.028
1.036
1.012
0.992
1.008
1.012
0.952
0.976
0.992
0.936
0.884
0.928
0.96
0.976
0.972
0.968
0.968
1.016
1.052
1.044
1.044
1.024
1.004
0.976
0.996
1.012
1.02
0.944
0.964
0.972
0.972
0.972
0.936
0.904
0.912
0.888
0.852
0.876
0.988
1.004
0.932
0.904
0.928
0.948
0.956
0.952
0.908
0.916
0.948
0.964
0.96
0.94
0.92
0.944
0.98
0.984
0.96
0.948
1.04
1.036
0.968
0.98
0.996
0.944
0.912
0.9
0.872
0.884
0.988
1.02
0.944
0.992
1.016
0.988
0.992
0.964
0.944
0.96
0.984
1.012
0.952
0.94
0.932
0.996
0.988
0.9
0.884
0.92
0.988
0.96
0.984
1
0.992
0.968
0.944
0.968
1.004
1
1.012
0.984
1.02
1.028
1.028
1
0.96
1.024
1.064
1.072
1.072
1.032
1.036
1.02
1.008
0.976
0.948
0.976
1.016
1.028
0.996
0.976
1.004
1.036
1.024
1.004
0.976
0.932
0.936
0.9
0.88
0.988
1.04
1.048
1.024
1.004
1.016
1.008
1.018764
0.864
0.868
0.9995799
0.916
0.944
0.972
0.972
1.032
1.076
1.076
1.076
1.036
0.98
0.988
0.988
0.992
0.976
0.956
1.004
1.016
1.004
0.964
0.92
1.004
1.048
1.064
1.044
1.012
0.984
1.02
1.012
1.016
1.004
1.004
0.972
1.004
1.032
1.036
1.008
0.976
1
1.02
1.048
1.012
1.008
1.056
1.068
1.052
1.012
1.032
1.052
1.036
1.008
1.024
1.088
1.072
1.02
1.02
0.948
0.972
1.004
0.964
0.9
0.9
0.96
0.992
0.96
0.948
0.992
0.98
0.992
0.964
0.916
1
1.056
1.064
1.048
1.016
1.044
1.036
1.016
0.984
1
1.004
1
0.996
0.968
0.936
1.028
1.052
1.052
1.052
1.004
0.992
1.028
1.056
1.052
1.032
1.004
1.044
1.052
1.028
1
1.012
1.056
1.068
1.06
1.024
1
1.028
1.068
1.056
1.024
1.02
1.036
1.028
0.988
0.948
1.004
1.04
1.044
1.016
0.98
0.968
1.036
1.056
1.068
1.036
0.988
1.012
1.024
1.024
0.996
0.984
1.024
1.052
1.02
1.012
1.024
1
0.944
1.012
1.036
1.036
1.008
0.98
0.968
0.952
0.972
0.976
0.98
1.028
1.032
1.04
1.016
0.996
1.02
1.036
1.06
1.032
1.024
1.032
1.012
0.972
0.944
0.964
1.004
1.036
1.024
0.952
0.892
0.976
1.144
1.132
1.088
1.048
1.032
0.976
0.984
1.004
1.024
1.036
1.012
0.96
0.96
0.992
1.016
1.036
1.056
1.04
1.088
1.076
1.08
1.072
1.012
0.988
0.992
1.008
1.028
1.044
1.036
1.06
1.096
1.084
1.032
1.036
1.04
1.044
1.016
0.992
1
0.996
1
0.976
0.888
0.88
0.86
0.888
0.972
0.988
0.952
0.924
0.944
0.964
0.944
0.924
0.892
0.92
0.936
0.94
0.928
0.932
0.984
1.012
1.004
0.98
0.956
0.988
1.008
1.004
1.004
0.96
0.924
0.992
1
1.008
1.004
0.98
0.992
1.044
1.044
1.02
0.98
1.012
1.02
1.024
0.992
0.964
1.004
1.048
1.08
1.06
1.076
1.056
1.024
1
0.984
1.016
1.064
1.088
1.056
1.072
1.088
1.072
1.012
0.996
1.012
0.988
0.932
0.984
1.008
1.012
1.024
0.996
1.02
1.032
1.032
1.008
0.98
1
1.032
1.02
0.992
0.956
1
1.032
1.024
0.996
0.98
1.012
1.056
1.048
1
0.992
1.012
1.028
1.02
0.98
0.992
1.036
1.04
1.02
0.996
1.052
1.056
1.04
1.004
1
1
1.004
0.98
1.004
1.06
1.08
1.044
1.036
1.04
1.044
1.04
1.036
1.08
1.08
1.052
1.024
1.012
0.98
0.936
0.92
0.892
0.876
0.988
1.032
0.948
0.988
1
0.992
0.98
0.952
0.916
0.932
0.964
0.96
0.96
0.944
0.924
0.972
0.984
0.992
0.96
0.912
0.916
0.928
0.944
0.936
0.912
0.908
0.948
1
1.004
0.968
0.904
0.968
1.048
1.044
1.04
1
0.984
1.008
1.032
1.036
1.012
1.036
1.064
1.08
1.084
1.056
1.064
1.072
1.06
1.044
1.068
1.072
1.084
1.064
1.048
1.064
1.064
1.068
1.032
1.052
1.06
1.096
1.04
1.056
1.064
1.04
1.008
1.008
1.048
1.064
1.032
0.932
0.94
1.036
1.032
1.004
1
0.984
0.952
0.948
0.984
1.012
1.02
0.988
0.972
1.032
1.052
1.064
1.032
1.048
1.092
1.108
1.08
1.04
1.06
1.072
1.068
1.044
1.04
1.044
1.048
1.02
1.02
1.036
1.032
1.028
0.988
0.968
1.012
1.052
1.052
1.028
1.084
1.104
1.096
1.052
1.024
1.032
1.028
1
0.96
0.972
1.012
1.024
1.04
1.02
0.976
0.992
1.02
1.012
1
1
1.044
1.052
1.024
1
0.976
0.924
0.984
1.028
1.032
1.02
0.98
1.024
1.052
1.044
0.996
0.992
1.052
1.044
1.036
0.996
1.02
1.028
1
0.968
0.972
1.008
0.948
0.896
0.86
0.872
0.916
1.012
1.004
1
0.972
0.932
0.948
0.976
0.976
0.944
0.92
0.956
1.012
1.024
0.976
0.948
0.972
0.984
0.984
0.976
1.02
1.036
1.012
0.976
1.016
1.04
1.048
1.024
1.024
1.02
0.984
0.964
0.968
0.984
0.96
0.944
0.976
1.008
1.016
0.984
0.92
0.908
1.068
1.092
1.064
1.036
1
0.944
0.936
0.952
0.98
0.988
0.968
0.996
1.02
1.02
1.024
0.996
0.976
1.012
1.028
1.004
0.96
0.96
0.984
1.008
1.016
0.976
0.992
1.016
1.008
0.996
0.996
1.048
1.056
1.032
1.028
1.024
1.048
1.064
1.016
1
1.016
1.028
1.032
1.004
0.952
1.004
1.028
1.008
0.988
0.956
0.94
0.98
0.984
0.976
0.98
0.96
0.932
0.944
0.948
0.956
0.932
0.9
0.94
0.952
0.964
0.984
0.924
0.9
0.876
0.928
1.008
0.992
0.992
1.024
1.02
0.984
0.96
0.992
1.008
1.036
1.012
0.988
1.044
1.052
1.076
1.032
1.06
1.084
1.08
1.06
1.008
1.024
1.036
1.008
0.96
0.984
1.008
1.008
0.996
0.976
1.004
1.016
1.028
0.976
0.964
1.008
1.02
1.036
1.032
1.012
1.024
1.024
1.016
0.964
0.9
0.964
1.068
1.06
1.044
1.02
1.024
0.968
0.944
0.968
1
1.04
1.048
1.012
1.004
1.044
1.052
1.06
1.028
0.992
0.976
1.004
1.016
1.036
0.996
1.012
1.036
1.052
1.044
1.016
1.012
1.048
1.052
1.016
0.972
0.96
1.008
1.028
1.008
0.98
0.956
1.012
1.008
0.984
0.94
0.944
0.98
0.988
0.96
0.932
0.964
0.984
0.98
0.972
1.036
1.016
0.996
0.972
1
1.036
1.052
1.032
1.068
1.092
1.076
1.048
1
1.044
1.048
1.036
1.012
0.988
1.028
1.064
1.064
1.028
1.04
1.032
1.032
0.992
1
1.032
1.048
1.064
1.02
1.036
1.052
1.096
1.014983
1.1
1.092
1.064
1.096
1.056
0.964
0.94
0.928
0.888
0.88
1
1.06
1.024
1.008
1.02
1.02
0.98
0.932
0.96
0.972
0.98
0.952
0.932
0.984
1.008
1.012
0.976
0.956
1.008
1.04
1.012
1.004
1.036
1.028
1.004
0.96
1
1.02
1.008
0.964
0.972
1.032
1.064
1.064
1.016
1.004
1.052
1.06
0.996
0.988
1.02
1.044
1.016
0.98
0.976
1.012
1.028
0.996
0.964
0.988
1
0.992
0.948
0.94
0.968
0.996
0.996
0.996
1.004
1.02
1.028
1.016
1.02
1.028
1.044
1.016
1
1.02
1.068
1.028
0.996
1.02
1.036
0.948
0.916
0.892
0.86
0.92
1.016
1.04
1.012
1.004
1.06
1.028
1
0.944
0.976
1
1.004
1.004
0.964
1
1.028
1.02
0.976
0.956
0.988
1.004
1.012
0.976
0.992
1.02
1
1.004
1.008
1.036
1.048
1.02
0.996
1.02
1.028
0.992
0.972
1.02
1.02
0.992
0.98
1.024
1.024
1.012
0.964
0.984
1.04
1.032
1.028
1.04
1.064
1.072
1.044
1.064
1.072
1.052
1.032
1.04
1.044
1.048
1.016
0.992
1.036
0.988
1.004
0.92
0.872
0.896
0.928
0.96
1
1.016
0.984
0.904
0.904
1.028
1.04
1.04
1
1
0.984
0.944
0.98
0.996
1
0.992
0.988
1.028
1.04
1.008
0.984
0.988
1.008
1
0.992
0.948
0.928
0.96
0.976
0.996
0.964
0.9
0.976
1.028
1.028
1.024
1.004
0.988
0.968
0.964
0.984
1
1.004
0.988
0.964
0.972
1.012
1.036
1.032
1.016
0.988
1
1.036
1.06
1.06
1.04
1.04
1.044
1.036
1.02
1.052
1.084
1.072
1.044
1.048
1.056
1.048
1.024
1.024
1.064
1.076
1.032
1.02
1.028
1.032
0.984
0.904
0.924
1.036
0.964
0.896
0.908
0.992
1
0.956
0.964
0.984
0.988
1.004
0.992
0.976
1.04
1.052
1.02
1.012
1.008
0.98
1.04
1.052
1.044
1.024
1.004
1.032
1.044
1.012
0.98
1.012
1.024
1.02
1.008
1.036
1.04
1.028
1.004
1.02
1.02
1.02
0.996
1.016
1.044
1.04
1.012
0.988
1.052
1.056
1.048
1.02
1.004
1.032
1.032
0.996
0.976
1.024
1.04
1.044
1.008
1.016
0.996
0.98
0.944
0.888
0.932
1.036
1.044
1.028
1
0.972
1.012
1.024
0.992
0.984
1
1.004
1
0.984
0.992
1.036
1.052
1.028
0.988
1.012
1.04
1.056
1.04
1.064
1.064
1.036
1.012
1
1.02
1.016
1.008
0.968
1
1.012
1
0.96
0.948
0.988
0.992
0.988
0.964
0.952
0.988
1.008
1.008
0.98
0.908
0.876
0.908
1.144
1.116
1.096
1.06
1.028
0.972
0.944
0.908
0.88
0.872
0.952
1.032
1.044
1.06
1.028
1.044
1.06
1.064
1.052
1.008
0.984
1.032
1.028
1.02
0.98
0.968
0.984
0.992
1.032
1.024
1.012
1.036
1.056
1.052
1.028
1.024
1.04
1.044
1.032
1.016
0.988
1.004
1.012
0.996
0.988
1.032
1.036
1.04
1.008
1.024
1.044
1.008
0.98
0.968
0.956
0.932
0.908
0.948
0.996
0.988
0.968
0.94
0.956
0.968
0.98
0.952
0.936
0.968
0.988
1
0.988
0.952
0.988
1.032
1.02
1.004
0.952
0.984
0.976
0.988
0.964
0.948
0.98
1.004
0.996
0.98
0.976
1.02
1.032
1.02
1
1.012
1.008
1.012
0.988
0.956
0.968
0.984
0.988
0.964
0.996
1.016
1.008
0.98
0.96
0.988
0.944
0.884
0.86
0.928
0.94
0.952
1.004
1.02
1.024
0.992
0.972
1
1.004
0.98
0.956
0.988
1.004
1.016
0.988
0.988
1.044
1.08
1.072
1.012
0.984
1.02
1.02
1
0.988
1.052
1.048
1.012
0.972
0.988
1
1.008
0.972
1
1.02
1.028
1.008
0.984
1.012
1.004
0.976
0.952
0.992
1.016
0.992
0.984
0.96
0.984
1.008
0.984
0.964
0.98
1.012
1.008
0.972
0.94
0.988
1.012
1.016
0.948
0.908
1.008
1.024
1.024
0.988
0.952
0.996
1
1
0.952
0.992
1.024
1.036
1.024
1.048
1.04
1.036
0.984
0.992
0.996
0.992
0.992
0.968
0.984
1.02
1.052
1.04
1.016
1.016
1.048
1.048
0.996
0.988
0.984
0.968
0.94
0.936
1.004
1.028
1.024
0.984
1.028
1.048
1.048
1.024
1.044
1.048
1.028
1.015894
0.908
0.896
0.912
1.02
1.104
1.088
1.068
1.064
1.036
0.98
0.94
0.948
0.976
0.984
0.96
0.92
0.96
0.976
0.988
0.972
0.936
0.976
1.012
1.024
1
0.972
0.892
0.936
1.056
1.088
1.072
1.044
1.012
0.996
1.032
1.024
1
0.988
1.02
1.028
1.032
1.024
1.004
1.012
1.012
1.008
0.98
1
1.032
1.048
1.052
1.036
1.036
1.044
1.04
1.012
0.996
1.052
1.048
1.064
1.016
1.048
1.068
1.06
0.984
0.956
1
1.024
1.024
1.016
0.988
1.036
1.04
1.012
0.968
0.932
0.976
0.98
0.964
0.936
0.912
0.936
0.968
0.948
0.92
0.872
0.876
0.956
0.94
0.88
0.904
0.98
0.984
0.968
0.944
0.968
0.968
0.94
0.908
0.896
0.94
0.976
0.96
0.956
0.952
1.012
1.024
1.016
0.968
0.964
0.988
0.988
0.992
0.968
1
1.064
1.04
1.024
1.012
1.012
1.044
1.012
0.956
0.956
0.98
0.992
0.988
0.968
0.996
1.016
1.008
0.976
0.968
1.004
1.004
0.988
0.96
1.008
1.02
1.02
1.008
1.028
1.016
0.996
0.968
0.96
1.016
1.024
1.036
1.016
0.976
1.004
1.036
1.016
0.992
0.944
0.952
0.972
0.96
0.924
0.976
0.968
0.984
0.972
1.028
1.06
1.028
0.972
0.992
1
1
0.984
1.036
1.06
1.072
1.044
1.024
1.028
1.024
1
0.98
0.988
0.956
0.948
0.952
0.996
1.02
1.008
0.988
0.948
0.972
0.984
0.98
0.98
0.964
0.904
0.908
1.084
1.136
1.12
1.072
1.044
1.028
1
0.972
0.98
1.052
1.052
1.068
1.08
1.068
1.06
1.06
1.084
1.088
1.04
1
0.98
1.028
1.044
1.032
0.992
0.988
1.044
1.052
1.02
0.98
0.976
1.016
1.032
1.04
1.024
1.032
1.06
1.06
1.012
0.968
0.992
1.004
0.988
0.94
0.92
0.952
1.004
1.032
1.012
0.98
1.008
1.024
1.012
0.98
0.944
0.98
0.988
0.956
0.928
0.948
0.972
0.984
0.976
0.972
1.016
1
0.988
0.98
0.984
1.016
1.036
1.032
0.992
0.956
0.908
0.864
0.904
1.016
1.036
1.016
1.004
1.028
1.036
1.028
0.988
0.94
0.968
1.032
1.048
1.04
0.992
0.98
1.044
1.068
1.068
1.028
1.016
1.032
1.032
1.016
0.968
1.004
1.024
1.02
0.984
1.016
1.04
1.036
0.992
1
0.988
1.016
0.976
0.948
0.952
0.972
1.004
0.984
0.972
1
1
1
0.976
0.948
0.984
1.016
1.016
1
0.968
0.924
0.968
0.984
0.976
0.944
0.944
0.98
1.008
1.012
0.98
0.964
1
1.004
1
0.956
0.932
0.94
0.972
0.964
0.964
0.96
1.032
1.044
1.04
1.004
1.016
1.012
0.988
0.948
0.884
0.888
1.028
1.068
1.04
1.012
0.996
0.956
0.968
0.996
1.004
0.98
0.988
1.02
1.02
1.032
1.008
0.996
1.02
1.004
1.012
0.98
0.988
0.988
0.9777564
0.9
0.884
0.944
0.976
1.004
0.98
0.984
1.02
1.016
1.016
0.964
0.972
1.004
1
0.996
0.988
0.968
0.924
0.948
1.024
1.04
1.04
1.016
0.972
1.008
1
0.996
0.976
1.02
1.032
1.02
0.984
1.016
1.024
1.012
0.98
0.984
1.024
1.036
1.032
1.008
1.008
1.02
1.028
1
0.98
1.02
1.024
1.004
0.96
0.972
1
1.02
1.012
0.972
0.988
0.984
0.952
0.912
0.872
0.868
0.908
0.984
1.016
1.02
1.008
0.976
0.996
1.012
0.988
0.96
0.916
0.984
0.992
0.988
0.968
0.924
0.972
0.992
0.992
0.968
0.948
0.996
1.024
1.04
0.992
0.988
0.992
0.98
0.956
0.932
0.968
0.988
0.98
0.964
0.98
1.036
1.036
1.016
0.996
1.024
1.036
1.024
0.976
0.952
1.004
1.008
0.992
0.968
0.948
0.972
1.012
1.008
0.98
0.988
1.028
1.028
1.004
1
1.028
1.024
1
0.952
0.92
0.952
0.988
0.98
0.96
0.944
0.98
0.984
1.02
1.02
1.004
1.044
1.02
0.996
0.976
1.012
1.032
1.036
1
1.028
1.016
1.024
0.996
0.984
1.04
0.982942
1.016
1.048
1.04
1.036
1.016
1.016
1.012
1.02
0.996
1.004
1.04
1.036
1.02
1.016
1.028
1.02
1.028
1
0.992
1.04
1.1
1.088
1.032
1.032
1.04
1.032
1
0.948
0.928
1
0.976
0.912
0.884
0.948
1.012
0.984
1.012
1.016
0.992
0.928
0.9
0.916
0.928
0.944
0.956
0.956
1.012
1.032
1.036
1.008
0.992
1.016
1
0.96
0.928
0.936
0.948
0.964
0.96
0.944
1
1.012
1.024
0.992
0.964
0.984
0.996
0.984
0.944
0.944
1.016
1.048
1.056
0.984
0.98
1
1.016
1
0.968
0.996
1.016
1.04
1.008
0.984
1.032
1.04
1.04
1.012
0.976
1.012
1.032
1.044
1.02
0.98
1.02
1.052
1.044
1.024
0.992
1.028
1.04
1.02
0.972
0.996
1.024
1.012
0.98
0.968
1.008
1.028
0.996
0.976
1.024
1.048
1.032
1.012
1.028
1.036
1.028
0.992
0.98
1
1.012
1
0.992
1.04
1.076
1.064
1.016
0.916
0.876
1.084
1.12
1.1
1.072
1.064
1.024
0.996
0.988
1.024
1.028
1.016
1
0.996
1.044
1.068
1.056
1.036
0.996
1.016
1.024
1.008
1
0.972
0.944
0.976
0.964
0.976
0.948
0.932
0.944
0.948
0.932
0.92
0.936
0.98
0.972
0.936
0.928
0.972
0.976
0.976
0.932
0.92
0.94
0.944
0.944
0.952
0.916
0.936
0.952
0.968
0.956
0.92
0.932
0.948
0.908
0.872
0.892
0.976
0.988
1.028
1.032
1.048
1.012
0.98
1.008
1.008
1
0.964
0.952
0.996
1.016
1.024
1.008
0.988
1.056
1.06
1.044
0.984
0.956
0.992
1.02
1.032
0.984
0.992
1.012
1.02
0.992
0.952
0.984
1.032
1.02
1
0.984
1.028
1.036
1.036
1.008
0.976
0.992
1.008
1.016
1.008
0.996
0.996
0.972
0.972
0.96
0.932
0.968
0.996
1.012
0.996
0.94
0.928
1.028
1.032
1.044
1.004
0.964
0.976
0.952
0.924
0.916
0.908
0.944
0.984
1
1.016
0.98
0.996
1.04
1.04
1.04
1.012
0.988
1.004
1
0.992
0.968
0.988
1.02
1.048
1.064
1.012
1.008
1.02
1.004
0.984
0.94
0.928
1.02
1.04
1.032
1.028
1.012
0.996
1.024
1.024
1.032
0.996
0.984
1.024
1.036
1.016
0.988
0.96
0.916
0.872
0.92
1
1.04
1.032
0.992
1.048
1.044
1.028
0.988
0.964
1
1.012
1.008
0.972
0.956
0.98
0.996
0.984
0.96
0.988
1.004
1.008
0.988
0.972
1
1.012
1.012
0.972
1
1.016
1.012
0.964
0.948
1
1.004
1.02
1.012
1.008
1.04
1.048
1.028
0.976
1
1.032
1.032
1.032
1
1.036
1.04
1.028
1.02
0.964
0.916
0.936
1.012
1.012
0.996
0.956
0.932
1.04
1.064
1.048
1.024
1.004
0.976
0.964
0.964
0.952
0.944
0.98
1
1.04
1.036
1.004
0.964
0.984
0.992
0.984
0.96
0.956
0.988
1.004
0.98
0.984
1.008
1.044
1.004
0.984
1
1
1
0.968
0.964
1.016
1.012
1.024
1.004
1.008
1.032
1.032
0.98
0.976
1.008
1.02
0.984
0.964
1.004
1.024
0.9420838
1.02
1.06
1.06
1.032
1.028
1.024
1.02
0.984
0.952
0.94
0.9
0.876
0.928
0.976
0.972
0.952
0.988
0.988
0.972
0.96
0.932
0.896
0.936
0.972
0.964
0.94
0.92
0.944
0.96
0.932
0.912
0.892
0.852
0.844
0.908
0.936
0.94
0.948
0.94
0.904
0.932
0.94
0.924
0.92
0.908
0.932
0.956
0.952
0.94
0.936
0.96
0.972
0.968
0.924
0.924
0.952
0.96
0.956
0.908
0.872
0.916
0.968
0.972
0.984
0.964
0.972
0.952
0.932
1
1.004
1
1
1
1.012
0.984
0.964
1.004
1.008
