0.948
0.844
0.772
0.776
1.052
1.108
0.98
0.876
0.88
1.056
1.096
0.924
0.884
0.952
0.968
0.928
0.876
0.868
1.032
1.084
0.976
0.916
0.904
0.992
0.956
0.944
0.904
0.876
0.976
1.048
0.988
0.928
0.876
0.992
1.06
1
0.976
0.896
0.84
0.82
1.104
1.012
0.932
0.884
0.968
0.992
0.964
0.888
0.816
0.776
0.772
1.256
1.152
1.096
1.036
0.924
0.864
0.84
1.204
1.16
1.06
0.992
0.928
1.004
0.908
0.888
1.208
1.168
1.072
0.912
0.952
1.096
1.04
0.96
0.86
0.828
1.124
0.992
0.86
0.796
0.764
0.744
0.836
1.136
0.96
0.88
0.996
1.008
0.952
0.892
0.84
0.956
1.044
0.936
0.936
1.08
0.992
1.016
1.008
0.928
0.86
0.96
1.048
0.924
0.872
1.052
1.068
1.076
1.056
0.968
0.868
0.92
1.044
0.944
0.856
0.884
1.116
1.064
1.02
0.972
0.94
0.948
0.944
0.884
0.828
0.844
1.084
0.972
0.972
0.936
0.832
0.804
0.888
0.96
0.904
0.82
0.864
1.072
1
0.912
0.912
0.972
0.964
0.956
0.912
0.868
0.832
0.944
1.04
0.984
0.892
0.88
1.048
1.004
0.904
0.924
0.892
0.856
0.86
0.904
0.924
0.912
0.888
1.036
1.012
0.996
0.968
0.892
0.836
0.892
1.016
0.98
0.984
0.968
0.904
0.96
0.94
0.9
0.828
0.92
1.072
1.012
0.996
0.512
0.736
0.984
0.968
1.024
1.068
0.996
1.004
0.92
1.02
1
0.968
0.984
0.968
1.056
0.996
1.016
0.96
0.948
1.024
0.932
0.996
0.956
0.96
0.992
0.924
1.068
0.944
0.968
0.904
0.896
0.956
0.916
0.976
0.944
0.928
0.972
0.928
0.992
0.932
0.9
0.948
0.916
0.972
0.952
0.904
0.928
0.896
0.928
0.944
0.884
0.92
0.884
0.944
0.928
0.856
0.912
1.016
0.952
1.012
0.94
0.92
0.956
0.904
0.948
0.996
0.932
0.904
0.988
0.94
0.884
0.944
0.952
0.896
0.88
0.924
0.92
0.888
0.824
0.888
1.072
0.944
0.84
0.852
0.992
0.936
0.864
0.948
0.968
0.876
0.892
0.964
0.916
0.988
1.016
1.004
0.984
0.92
0.968
0.924
0.912
0.984
0.996
1.024
0.992
0.964
1.012
0.96
1.016
0.956
0.932
0.968
0.948
1.004
0.944
0.92
1.004
0.932
0.964
0.956
0.92
1.008
0.924
0.888
0.968
0.968
0.892
0.868
0.912
1.004
0.932
0.976
0.972
0.968
1.02
0.952
0.984
0.932
0.884
0.952
0.972
0.92
1.004
0.964
0.92
0.92
0.88
0.912
0.952
0.964
1.176
1.016
1.108
1.12
0.932
0.9
1.104
0.972
0.924
1.072
0.932
0.976
1.032
0.948
0.884
0.948
1.108
0.984
0.904
0.992
1.036
0.98
1.004
1.06
0.98
0.896
0.984
1.04
0.972
1.1
1.032
0.9114022
0.824
1.056
1.148
1
0.916
1.036
0.988
0.968
1.012
0.96
0.964
1.072
1.068
1.076
0.98
0.932
1.076
0.996
0.892
1.016
1.016
0.924
0.984
1.096
0.96
1.024
1.012
0.888
0.92
1.124
0.984
0.892
1.072
1.096
1.264
0.9416288
0.996
0.996
1
1.048
0.912
0.952
1.152
0.988
0.884
1.048
1.032
0.932
0.876
1.068
1.032
0.988
1.4
1.102067
0.968
0.988
0.956
0.884
0.892
1
0.952
0.864
0.94
1.124
0.96
0.864
1.004
1.096
0.976
0.892
1.096
1.048
1.052
1.06
0.964
0.864
1.032
1.068
1.108
1.068
1.016
0.908
0.996
0.976
0.956
0.956
0.88
0.852
1.176
1.036
0.88
0.828
1.028
1.072
0.912
0.856
1.008
1.02
0.936
0.896
1.128
1.024
0.964
0.976
0.912
0.852
0.928
1
0.972
1.004
0.928
0.868
0.916
1.032
1.028
0.96
0.868
0.936
1.064
0.932
0.856
1.012
1.068
1.036
1.044
0.992
0.992
0.912
0.968
1.008
0.948
1.028
1.012
1.04
0.964
0.928
0.908
0.892
0.976
0.984
0.9
0.964
0.936
0.84
0.88
0.892
0.824
0.864
0.94
0.876
0.808
0.8
1.048
1.056
0.864
0.808
0.888
1.148
1.024
0.872
0.932
1.072
0.904
0.888
1.072
1.004
0.896
0.908
1.008
1.044
0.92
0.896
1.02
1.076
0.944
0.884
0.924
1.036
1.024
0.9
0.908
1.012
0.988
0.992
1.036
0.936
0.908
1.012
1.024
0.94
0.916
1.032
1.048
0.932
0.912
1.012
1.024
0.964
0.912
1.02
1.02
0.936
0.896
0.96
1.04
0.956
0.904
0.944
1.028
0.988
0.904
0.876
0.98
1.052
0.956
0.888
0.952
1.06
0.968
0.888
0.936
1.052
0.984
0.932
1.028
1.036
0.964
0.892
0.916
1.108
1.024
0.944
0.912
1.096
1.164
0.972
0.84
0.892
1.18
1.028
0.952
1.092
0.984
0.896
1.056
1.096
0.964
0.892
1.068
0.972
0.896
1
1.092
1.02
0.976
0.912
0.976
1.072
0.988
0.86
0.828
1.024
1.108
1.076
1.036
1.02
0.932
0.88
0.992
1.004
1.064
1.04
1.004
1
0.984
0.96
0.94
0.892
0.84
0.968
1.024
0.932
0.852
0.864
1.14
1.032
0.896
0.84
0.836
1.192
1.12
0.96
0.852
0.936
1.164
1.04
0.916
0.868
1.064
1.048
0.928
0.836
0.856
1.168
1.068
1.032
1.028
0.928
0.84
0.852
1.04
1.076
1.08
1.064
1.052
1.016
0.988
0.896
0.96
1.096
1.06
1.052
0.984
0.908
0.828
0.852
1.244
1.08
1.028
1.052
1.072
0.996
0.884
0.916
1.116
0.992
1.056
1.02
1.004
0.936
0.956
0.992
0.924
1
1.02
0.904
0.832
0.772
0.812
1.188
1.056
0.86
0.848
0.868
0.848
0.804
0.912
1.1
0.912
0.9
0.968
0.952
0.932
1.004
0.964
0.908
0.968
0.996
0.928
0.9
0.972
1.008
0.984
0.988
0.9
0.936
1.016
1
1.012
0.944
0.904
0.976
0.94
0.964
0.992
1.004
0.976
0.928
0.904
0.956
0.96
0.94
1.004
0.956
0.916
0.952
0.936
0.952
0.972
0.924
0.944
0.98
0.896
0.912
0.968
0.884
0.916
0.98
0.892
0.952
0.972
0.888
0.956
0.964
0.9
0.972
0.952
0.892
0.98
0.98
0.904
0.984
1
0.916
0.992
1.012
0.928
1.012
1.02
0.944
1.012
0.98
0.94
0.996
1
0.936
1.004
0.972
0.94
0.992
0.936
0.884
0.988
0.988
0.92
1.004
1.02
0.932
1.024
1.04
0.944
0.988
0.96
0.9
0.972
0.96
0.904
1
0.992
0.904
0.98
0.976
0.928
1.008
0.984
0.92
0.964
0.96
0.904
0.972
0.924
0.896
0.992
0.98
0.952
1.06
1.04
0.948
0.972
0.968
0.932
1.032
1.06
0.96
1.012
1.06
0.952
0.984
1.016
1.068
1.032
1.044
0.912
0.84
0.796
0.772
0.8
0.98
1.024
0.856
0.96
0.992
0.9
0.96
0.952
0.8
0.752
0.736
0.732
0.868
0.82
0.9
1.164
0.948
1.012
1.016
0.92
0.96
1.024
0.956
0.944
1.048
0.984
0.916
1.032
0.996
0.92
0.988
1.028
0.968
1.02
0.988
0.94
0.988
1
0.924
1.008
1.072
0.968
1.048
1.048
0.948
1.008
0.992
0.972
1.116
1.028
1.06
1.06
0.964
0.944
1.064
1.024
1.12
0.992
0.916
1.032
1.036
0.936
0.928
1.08
1.124
1.116
1.06
1.028
0.996
0.964
0.952
1.004
0.96
1.052
1.052
0.94
1
0.936
0.86
0.88
0.94
0.904
1.044
0.92
0.868
0.936
0.9
0.964
1.036
0.94
1.004
0.972
0.944
1.012
0.956
0.976
0.964
0.936
0.988
0.96
1.008
0.988
0.956
1.032
0.976
1.048
1.028
0.952
1
0.988
0.952
1.052
1.04
0.98
1.068
0.996
0.912
0.996
0.948
0.888
0.98
0.964
0.98
1.072
0.944
0.992
0.976
0.932
1.004
0.996
0.932
0.988
0.952
0.936
1.064
1.064
0.968
1.068
1.016
0.916
1.004
1.02
0.908
0.844
0.772
0.756
0.944
1.236
1.14
1.104
0.928
1.036
1.036
0.912
0.916
0.972
0.984
0.94
0.884
0.932
0.98
0.988
0.964
0.936
0.848
0.94
1.024
1.036
0.892
0.912
0.876
0.96
1.044
1.088
1.056
0.984
0.956
0.928
0.904
0.916
0.924
0.828
0.828
0.852
0.852
1.012
0.928
0.856
0.972
1.088
0.88
0.84
1
0.96
0.86
0.796
0.908
1.228
1.04
1.136
1.068
0.908
0.896
1.108
1
1.08
1.06
1.004
1.124
1.016
0.948
1.12
1.016
1.08
1.088
1.016
1.052
0.956
0.928
1.116
1.064
1.088
1.124
1.02
0.932
1.116
1.008
0.92
1.048
1.032
0.924
0.96
1.04
0.928
0.892
1
0.912
0.94
1.1
1.048
1.044
0.972
0.912
1.068
1.08
1.044
1.04
0.96
0.992
0.944
0.948
0.876
1.068
1
0.924
1.152
1.08
0.96
0.968
0.92
0.912
0.884
0.904
1.04
0.976
0.916
1.06
0.96
1.02
0.968
0.928
0.992
0.892
0.944
0.956
0.888
1.02
0.968
0.892
0.952
0.916
0.952
0.968
0.892
0.988
1.012
0.932
1.008
0.96
0.952
0.964
0.876
0.976
1
0.916
1.028
1.028
0.936
0.98
1.024
0.98
1.064
1.024
0.92
0.96
1.008
0.952
0.996
1.068
0.912
0.852
0.92
1.012
0.904
0.88
1.232
1.104
0.928
0.852
1.056
1.08
0.904
0.908
1.016
1.116
1.04
1.036
1.012
0.908
1.004
1.068
0.944
0.944
1.02
0.964
0.916
1.016
1.028
0.94
1.032
1.068
1
1.04
1.084
1.016
1
0.964
0.952
1.044
0.992
1.032
1.1
1.004
1.028
0.976
0.9
0.948
0.96
0.904
1.012
1.072
0.92
0.892
0.924
0.956
0.864
1.132
1.004
0.96
1.076
1.004
0.948
1.056
1.004
0.928
1.044
0.988
0.992
1.056
0.912
0.944
0.972
0.928
1.012
1.032
0.992
1.012
1.18
1.044
0.944
1.072
1.008
0.912
0.976
1.044
0.996
1.048
1.136
1.016
1.084
0.988
1.116
1.072
0.988
1.176
1.108
1.104
1.084
0.996
1.068
1
0.948
1.16
1.076
1.176
1.132
1.092
1.1
1.02
1.072
0.996
1.096
1.056
0.996
1.088
0.992
1.052
0.964
0.916
1.12
0.92
1.136
1.016
0.92
1.164
1
1.112
0.988
0.932
1.092
1
1.056
1.052
0.928
1.112
0.988
0.964
1.08
0.992
1.096
1.084
0.984
1.128
1.008
0.948
1.104
1.068
1.132
1.104
0.936
1.08
1.032
0.952
1.192
1.052
1.104
1.008
0.948
1.116
0.988
1.14
1.136
1.016332
1.24
1
1.2
1.156
1.132
1.236
1.128
1.164
1.096
1.14
1.032
1.008
1.124
1
1.192
1.064
1.028
1.156
1.032
1.14
1.072
1.076
1.076
0.988
1.132
1.032
1.12
1.104
1.008
1.196
1.116
1.04
1.092
0.976
1.056
1.112
1.044
1.112
1.048
1.108
1.056
0.96
1.112
0.956
0.876
0.96
0.848
0.852
0.928
0.884
0.836
1.064
1.188
1.044
1.128
1.036
0.952
1.052
1.052
1.004
1.096
1.024
1.148
1.092
0.98
1.168
1.064
0.952
1.06
1.096
1
1.132
1.112
1.008
1.112
1.032
1.08
1.132
0.984
1.132
1.144
0.924
1.004
0.988
1.012
1.116
0.984
1.068
1.012
0.92
1.02
1.1
0.948
1.076
1.044
0.9
0.992
1.036
0.992
0.944
1.196
0.996
1.144
1.024
1.004
1.2
1.036
1.176
1.072
1.072
1.18
1.076
1.16
1.08
0.948
1.108
1.164
1.024
1.104
1.044
0.956
1.068
1.052
0.932
1.032
1.076
0.936
1.068
1.056
0.908
1.096
1.152
0.944
1.044
1.012
0.912
0.988
1.08
0.96
1.196
1.108
1.068
1.212
1.084
1
0.964
0.932
0.876
0.828
0.856
0.808
0.772
0.792
1.18
0.928
0.976
0.928
0.988
0.944
0.908
0.928
0.9
0.932
0.992
0.924
1.02
1.024
0.932
0.996
0.976
0.908
0.956
0.932
0.96
1.036
0.972
1.068
1
0.968
1.012
0.964
1.068
1.056
0.948
1.088
0.98
0.944
1.12
0.992
0.956
1.056
0.976
1.028
1.04
0.948
1.072
1.024
0.984
1.08
0.996
1.012
0.964
0.928
1.176
1.092
0.976
1.132
1
1.096
1.04
0.932
1.072
1.024
0.94
1.004
0.988
0.936
1.08
1.064
0.904
1
1.012
0.948
1.1
1.072
0.944
1.036
1.036
0.952
1.056
1.088
0.968
1.052
1.052
0.956
1.056
1.004
0.928
1.032
1.072
0.956
1.004
0.948
0.948
1.104
0.9
0.816
0.756
0.772
1.296
1.164
1.136
1.136
1.064
1.036
0.988
1.04
1.012
1.012
0.992
1.008
1.032
1.028
1.076
1.004
1.016
1.064
0.944
0.94
1.028
0.86
0.892
0.992
0.848
0.972
1.004
0.912
0.984
0.94
0.852
0.944
0.988
0.9
1.156
1
0.86
0.872
0.884
0.924
0.904
0.864
1.028
0.928
1.004
0.964
0.964
0.972
0.932
1.004
1.06
1.008
1.064
1.008
0.968
1.028
1.056
0.984
1.032
0.936
0.98
1.008
0.924
1.024
1.008
0.94
1.012
0.984
0.996
1.044
0.94
0.98
0.98
0.924
1.048
1
0.92
1.032
1.116
0.98
1.028
0.972
0.968
1.04
0.96
0.884
0.864
0.864
0.884
1.12
1.016
1.148
1.08
1.064
1.124
1.044
0.984
1.032
0.996
0.948
1.008
1.02
0.948
0.98
1.004
0.924
1.008
0.988
0.924
1.044
1.012
1.044
1.084
0.992
1.084
1.18
1.032
1.104
1.02
0.892
0.876
0.88
0.916
1.124
1.136
0.992
1.072
1
1.052
1
0.952
1.088
1.056
0.956
1.016
1.036
0.924
0.916
1.032
0.988
1.124
1.176
1.048
1.144
1.084
0.956
1.092
1.044
0.968
1.072
1.076
0.928
1.104
1.088
0.916
1.02
1.1
0.92
1.068
1.096
0.932
1.04
1.02
1.012
1.048
1.092
0.956
1.204
1.068
0.964
1.208
1.008
1.052
0.984
0.952
1.048
0.92
1.184
1.076
0.924
0.98
0.972
1.116
1.14
1.036
1.064
1.088
1.084
1.192
1.104
1.164
1.084
1.076
1.048
0.98
1.116
1.068
0.932
1.06
1.052
1.049521
0.972
1.008
0.976
1.036
0.948
1.16
1.012
0.888
1.196
1.104
0.84
0.768
0.832
1.228
0.98
0.792
0.732
0.724
0.768
1.196
1.004
0.96
0.948
0.904
0.868
0.828
0.78
0.788
0.828
0.804
0.788
0.78
0.792
0.78
0.812
0.828
0.796
0.764
0.808
0.864
0.844
0.868
0.904
0.844
0.816
0.86
0.824
0.856
1.092
0.948
0.924
0.864
0.888
1.024
0.956
1.048
0.952
0.896
0.992
0.924
0.924
1.14
0.928
1.044
1.084
0.972
1.088
1.036
0.884
0.912
0.932
1.024
1.188
1.128
1.228
1.08
1.176
1.048
0.984
1.084
0.988
1.232
1.064
1.008
1.22
1.168
1.236
1.16
1.196
1.084
1.12
1.1
1.044
1.136
1.108
1.04
1.192
1.08
0.94
0.968
1.036
1.232
1.184
1.016
1.204
1.072
0.924
1.1
1.164
1.02
1.204
1.096
1.152
1.052
0.972
1.236
1.16
1.016
1.2
1.136
1.2
1.112
0.98
1.276
1.104
1.084
1.128
0.996
1.22
1.12
1.052
1.184
1.016
1.056
1.036
1.012
1.116
1.1
0.988
1.108
1.048
0.932
1.064
1.1
0.976
1.188
1.092
0.948
1.048
1.072
0.976
0.968
1
0.924
1.156
1.032
0.956
1.196
1.084
1.144
1.124
1.024
1.184
1.132
1.036
1.1
0.996
1.152
1.128
1.02
1.22
1.132
0.968
1.18
1.072
1.16
1.196
1.052
1.232
1.168
1.12
1.148
1.016
1.12
1.132
1.004
1.14
1.092
0.956
0.996
1.016
0.892
0.884
0.92
0.932
0.964
1.292
1.096
0.948
1.164
1.08
0.9
1.052
1.036
0.904
0.996
1.028
0.996
1.136
1.1
1.048
1.004
0.904
0.924
0.956
0.912
1.296
1.016
1.176
0.96
1.028
1.072
0.928
1.172
1.064
1.176
1.128
1.06
1.168
1.116
1.052
1.128
1.036
1.088
1.128
1.04
1.148
1.148
0.976
0.936
1.18
0.992
1.216
1.032
1.232
1.14
1.128
1.18
1.012
1.128
1.12
1.016
0.996
1.148
0.992
1.228
1.06
1.104
1.204
1.028
1.252
1.168
1.156
1.184
1.088
1.168
1.056
0.988
1.048
0.996
1.096
1.144
1.104
0.968
1.048
0.936
1.088
1.24
1.036
1.248
1.14
1.104
1.22
1.1
1.088
1.116
1.008
1.104
1.088
0.932
1.052
1.2
1.012
1.064
1.076
0.952
1.22
1.152
0.984
1.128
1.028
0.876
0.968
1.096
0.896
0.916
1.212
1.024
1.208
1.144
1.016
1.172
1.108
0.964
1.172
1.056
0.944
1.128
1.12
0.96
1.08
1.096
0.976
1.08
1.02
0.94
1.084
1.14
0.94
1.076
1.108
0.928
1.18
1.124
1.004
0.932
1.156
1.016
1.092
1
0.916
1.184
0.956
1.168
1.016
0.912
1.124
0.944
1.02
1.048
0.912
1.064
0.916
0.88
1.008
0.908
1.024
1.016
0.996
1.084
0.988
1.176
1.104
0.968
1.1
1.044
1.18
1.152
1.052
1.1
1.068
0.988
1.064
0.992
0.94
1.104
1.012
1.144
1.16
1.064
1.152
1.048
1.116
1.072
0.948
0.904
1.24
1.184
1.212
1.08
1.22
1.16
1.1
1.196
1.124
1.216
1.168
1.028
1.092
1.008
0.896
1.168
1.056
1.14
1.212
1.084
1.184
1.088
1.04
1.108
1.016
1.084
1
0.892
0.88
1.216
1.084
1.18
1.092
1.1
1.212
1.084
1.144
1.044
1.048
1.088
1.012
0.988
1.116
1.06
1.164
1.1
0.972
1.108
1.112
1.012
1.124
1.012
1.164
1.076
0.932
1.104
1.064
1.004
1.064
1.128
0.956
1.056
1
0.968
1.34
1.164
1.124
1.1
1.178855
0.956
0.856
0.816
0.78
0.74
0.792
0.9
1.052
1.064
0.916
1.024
0.908
0.948
0.94
0.836
0.904
1.012
0.924
0.996
0.976
0.892
0.944
0.944
0.908
1.028
1.004
0.956
1.088
1.1
0.956
0.964
1
0.952
1.152
1.152
1.052
1.164
1.06
0.952
1.068
1.056
0.936
1.068
1.168
0.976
1.032
1.056
1.004
1.036
1.104
0.964
1.052
1.16
0.976
1.272
1.16
1.096
1.128
0.988
0.984
1.112
0.976
1.24
1.14
1.032
1.228
1.116
0.956
1.12
1.108
0.916
0.988
1.08
0.98
1.08
1.036
0.896
1.012
1.2
1.06
1.228
1.12
1.04
1.148
1.02
1.072
1.108
0.976
1.064
0.972
0.944
1.164
1.1
0.936
1.22
1.164
1.056
1.224
1.14
0.984
1.128
1.14
0.932
1.224
1.132
1.092
1.184
1.08
1.188
1.128
1.06
1.128
1.048
1.092
1.088
1.064
0.996
1.104
1.148
1.168
0.94
0.88
0.82
0.804
0.832
0.928
0.896
0.972
0.932
0.836
0.864
0.828
0.796
0.82
0.844
0.796
0.84
0.844
0.788
0.808
0.816
0.788
0.832
0.884
0.82
0.9
0.944
0.856
0.832
0.764
0.768
0.8
0.804
0.848
0.796
0.816
0.884
0.856
1.016
1.004
0.884
0.92
0.864
0.924
1.012
0.916
1.092
0.948
0.984
0.996
0.884
1.084
1.1
1.016
1.136
1.012
1.056
1.004
0.904
1.12
1.04
1.04
1.068
0.852
0.8
0.8
0.816
0.764
0.748
0.78
1.28
1.104
1.06
0.928
0.848
0.804
0.752
0.728
0.712
0.732
0.864
1.084
1.02
1.032
1.048
1.008
1.056
0.992
1.04
1.036
0.984
1.052
0.96
1.064
1.06
0.952
1.012
0.928
1.008
1.052
0.932
1.084
0.96
0.976
0.904
0.844
0.928
1.024
0.924
1.08
0.98
0.972
1.052
0.932
0.972
0.972
0.896
1.004
0.952
0.956
1
0.904
0.92
0.972
0.892
1.132
1.092
0.96
1.044
0.972
1.032
1.06
0.952
1.02
1.012
0.928
0.976
0.928
1.016
1.068
0.976
1.092
1.092
0.98
1.076
0.984
1.008
1.064
0.944
1.052
0.988
0.888
0.96
0.94
0.98
1.024
0.924
1.016
0.964
0.936
1.004
0.904
0.948
1
0.916
1.052
1.02
0.908
1.016
0.972
0.924
0.968
0.924
0.972
0.972
0.912
0.992
0.968
0.884
0.952
0.912
0.812
0.784
0.776
0.752
1.023586
0.824
0.792
0.852
1.08
0.952
0.852
0.876
0.896
0.852
0.904
0.916
0.9
1.012
0.96
0.904
0.94
0.98
0.948
1.124
0.984
0.988
0.976
0.92
1.016
0.936
0.996
0.948
0.864
0.972
1
0.908
1.04
0.96
0.9
0.956
0.904
0.928
0.992
0.908
1.004
1.024
0.928
1.016
1.036
0.952
1.02
1.012
0.904
1.016
0.996
0.888
1.032
0.98
0.876
0.876
0.824
0.816
0.86
0.912
1.084
0.96
0.956
0.988
0.9
0.968
0.996
0.892
0.924
0.928
0.868
0.936
0.968
0.9
0.96
0.964
0.884
0.968
0.952
0.904
1.032
0.96
0.988
1.004
0.896
0.824
0.912
1.144
0.936
1.036
0.96
0.904
1.04
0.988
0.952
1.088
0.984
1.028
0.924
0.876
0.98
1.052
0.94
1.132
0.984
0.876
1.14
1.052
0.916
0.948
0.92
0.912
0.916
0.864
0.94
0.896
0.908
0.96
0.908
0.984
0.956
0.904
0.988
0.896
0.944
1.008
0.96
1.064
1.064
0.96
1.084
1.024
0.9
0.956
1.16
0.968
0.844
0.912
1.192
0.972
0.844
0.92
1.192
1.028
0.884
0.948
0.96
0.868
0.836
0.916
0.956
0.856
0.832
0.964
0.988
0.896
0.928
1.008
0.924
0.956
1.076
0.976
0.988
0.972
0.896
0.92
1.132
1.04
1.092
1.06
1.048
1.072
1.024
0.992
1
0.912
0.948
0.992
0.9
0.88
0.844
0.912
0.92
1.008
0.956
0.836
0.804
0.856
1
0.876
0.96
0.948
0.884
0.944
0.96
0.904
0.952
0.908
0.956
0.94
0.844
0.892
0.908
0.856
0.948
1.016
0.92
1.056
1.008
0.916
1
0.944
0.924
1.096
1.06
0.968
1.096
1.02
0.88
0.964
1.012
0.928
0.992
0.976
0.868
0.96
1.064
0.952
1.088
1.056
0.936
1.04
1.016
0.884
0.916
0.972
0.88
1.06
1.152
0.984
1.108
1.06
0.924
0.992
0.996
0.916
0.968
1.088
0.98
1.068
1.064
0.892
0.924
1.076
0.96
1.2
1.076
0.952
1.084
1
1.064
1.068
0.948
1.088
1.096
0.952
0.904
0.932
0.988
1.072
1.088
0.996
1.116
1.016
1.056
1.076
0.996
1.112
1.104
1.02
1.052
1.016
0.916
0.956
1.036
0.908
0.992
1.016
0.8624847
0.736
1.2
1.04
1.064
1.056
1.028
1.032
1.016
1.012
1.024
1.012
1.04
1.048
0.992
1
0.976
1.024
0.988
0.94
0.96
1.008
0.936
0.956
0.964
0.892
0.872
0.86
0.856
0.848
0.944
0.9
0.964
1.132
0.96
1.036
1.016
0.896
0.944
1.036
0.948
1.052
1.08
0.976
1.004
1.024
0.992
1.036
0.976
1.06
1.032
0.956
0.96
0.92
0.864
0.912
0.948
0.872
1.016
0.924
0.976
0.996
0.92
0.964
0.96
0.928
0.96
0.932
0.952
0.976
0.944
1.008
1.02
0.944
0.984
0.98
0.916
0.912
0.896
0.884
0.968
1.044
0.988
1.184
1.068
0.98
0.996
0.944
0.96
0.972
0.916
0.96
1.028
0.976
1.104
1.02
0.94
1.004
0.996
0.904
0.936
0.964
0.932
1.048
1.072
1.004
1.1
0.988
0.92
0.94
0.892
0.948
0.98
0.924
0.976
0.94
0.98
1.028
0.968
0.996
0.932
0.972
1
0.964
1.1
1.036
1.008
1.056
1
1.028
1.028
1.016
1.024
0.96
0.904
1.028
1.028
0.928
1.064
1.132
0.964
0.872
0.908
1.008
0.952
1.072
1.048
1.156
1.068
0.98
1.004
0.976
0.908
0.96
1.004
0.932
0.964
1.012
0.92
0.972
0.98
0.9
1.044
1.108
0.992
1.1
1.008
0.944
0.996
0.972
1.152
1.052
0.964
1.024
0.952
0.972
0.98
0.928
0.976
0.984
0.94
0.98
0.988
0.908
0.968
0.96
0.896
1.016
1.044
0.908
1.008
0.988
0.924
1.096
1.088
0.992
1.068
0.992
1.028
1.044
0.952
1.008
0.988
0.912
0.948
1.012
1
1.188
1.148
1.02
1.016
0.996
0.964
1.236
1.084
1.048
1.064
0.928
1
1.092
0.964
1.248
1.032
1.104
0.972
0.96
0.844
0.912
0.928
0.876
0.916
0.872
0.936
0.844
0.8
0.772
0.74
0.728
0.776
0.864
0.868
0.848
0.932
0.88
0.808
0.864
0.952
0.864
0.876
0.86
0.8
0.844
1.188
0.98
1.092
1.068
0.976
1.056
0.932
0.972
1.072
0.976
1.068
1.06
0.94
1.108
0.992
1.112
1.152
0.98
1.124
1.048
0.94
0.984
0.944
1.156
1.116
0.92
1.028
1.108
0.976
1.112
1.028
0.9475104
1
0.94
1.244
1.14
1.08
1.004
0.872
0.988
1.012
0.876
0.944
0.928
0.884
1.056
0.924
1
1.044
0.92
1.068
1.052
0.908
0.98
1.028
0.98
1.096
1.08
1.04
1.04
0.936
1.024
1.112
1.088
1.164
1.072
0.984
1.036
1.036
0.948
1.124
0.988
0.916
1.076
0.984
1.032
1.032
0.888
0.944
1.124
0.936
0.988
1.092
0.908
1
1.168
0.944
0.936
1.012
0.988
0.96
1.132
1.076
1.056
1.112
0.968
1.048
1.052
0.948
1.264
1.052
1.116
1.112
0.92
0.956
0.964
0.98
1.2
1.1
1.148
1.092
0.98
1.08
1
0.924
1.024
1.156
1.064
1.164
1.056
0.964
1.104
1.052
0.92
1.072
1.036
0.944
0.996
1.08
0.972
1.124
1.088
0.972
1.064
1.068
1.044
0.932
1.076
1
1.228
1.148
0.988
1.14
1.088
0.88
1.008
1.096
0.972
1.14
1.072
0.928
1.124
1.124
0.972
1.08
1.052
0.924
1.012
0.972
0.896
1.008
1.08
0.948
1.052
1.1
0.94
0.872
0.936
0.92
1.036
1.264
1.064
1.2
1.12
0.924
1.136
1.108
1.104
1.172
1.068
1.172
1.14
0.996
1.128
1.128
1.084
1.232
1.108
0.964
1.212
1.124
1.124
1.12
1.024
1.228
1.164
1.068
1.196
1.136
1.048
1.188
1.104
0.928
1.08
1.128
1.028
1.088
1.064
1.048
1.064
0.888
0.796
0.844
0.976
0.86
0.984
0.84
0.812
0.78
0.756
0.756
0.716
0.704
0.7
0.704
0.712
0.716
0.752
0.776
0.74
0.768
0.8
0.78
0.728
0.704
0.712
0.704
0.732
0.812
0.788
0.852
0.892
0.832
0.836
0.832
0.784
0.8
0.84
0.804
0.804
0.844
0.768
0.74
0.716
0.7
0.676
0.704
0.808
0.836
1.128
1.036
0.884
1.032
0.916
0.916
1.028
0.864
0.948
1.072
0.98
1.188
1.064
1.06
1.136
1.012
1.212
1.048
0.88
1.028
1.204
1.128
1.12
0.984
1.188
1.16
1.16
1.172
1.02
1.188
1.164
1.128
1.168
0.992
1.064
1.18
1.112
1.212
1.028
1.136
1.196
0.996
1.048
1.028
0.936
1.208
0.984
1.232
1.156
1.112
1.212
1.12
0.968
1.088
1.068
0.952
0.976
0.928
0.924
1.052
0.988
1.024
1.184
1.092
1.204
1.088
0.98
1.128
1.06
1.048
1.072
0.996
1.184
1.144
1
1.172
1.044
0.924
0.98
1.008
0.912
1.024
0.964
0.88
1.012
0.988
0.884
0.956
0.956
0.892
0.916
1.048
1.024
1.044
1.032
0.924
1.132
1.148
0.956
1.156
1.144
0.984
1.112
1.128
0.94
1.096
1.136
0.948
1.136
1.116
0.98
1.112
1.048
1.064
1.1
1.136
1.084
0.9880974
1.172
0.944
1.216
1.088
0.996
1.128
0.94
1.016
1.012
0.96
1.244
1.152
1.172
1.172
1.048
1.136
1.092
1.04
1.204
1.112
1.076
1.176
1.036
1.092
1.06
0.972
1.18
1.196
1.032
1.16
1.12
0.988
1.116
1.14
1.04
1.188
1.136
1.012
1.236
1.14
1.012
1.188
1.08
0.932
1.196
1.152
0.988
1.032
1.08
1.137481
1.308
1.2
1.272
1.136
1.252
1.144
1.036
1.076
1.128
1.036
1.192
1.128
1.024
1.252
1.144
1.04
1.172
1.104
0.924
0.956
1.016
0.944
1.008
1.12
0.968
0.968
1.072
0.96
1.08
1.084
0.916
0.976
1.228
1.1
1.232
1.14
1.076
1.18
1.132
1.096
1.016
0.908
1.116
1.004
0.992
1.092
0.892
1.012
0.996
0.992
1.148
0.972
1.112
1.032
0.996
1.12
1.012
1.108
1.112
1.036
1.168
1.112
1.004
1.1
1.12
1
1.1
1.116
0.984
1.176
1.096
0.94
1.172
1.112
0.908
1.016
1.216
1.06
1.248
1.168
1.04
1.244
1.152
0.972
1.148
1.128
1
1.148
1.108
0.988
1.132
1.068
0.944
1.224
1.1
1.012
1.224
1.116
1.18
1.064
0.952
1.148
1.108
1.032
1.052
1
0.852
0.908
1.048
0.916
1.176
1.096
0.992
1.084
1.176
1.06
0.996
1.128
0.932
1.14
0.988
0.892
1.188
1.1
1.1
1.112
0.992
0.964
1.02
0.896
1.04
1.048
0.956
1.16
1.036
1.032
1.144
1.028
1.14
1.096
0.912
1.044
1.168
1.008
1.236
1.08
0.896
1.2
1.16
1.052
1.24
1.088
1.004
1.088
0.992
1.036
1.236
1.032
1.212
1.084
0.928
1.228
1.144
1.112
1.132
1.016
1.124
1.168
0.992
1.188
1.084
1.016
1.052
1.052
1.092
1.112
1.036
1.248
1.192
1.072
1.216
1.124
0.984
1.02
0.96
1.088
1.096
0.928
0.912
0.976
0.908
1.036
0.884
0.86
0.972
0.848
0.6
1.132
0.872
0.78
0.76
0.756
0.764
0.756
0.792
0.772
0.776
0.748
0.756
0.728
0.708
0.7
0.684
0.696
0.716
0.728
0.756
0.78
0.752
0.732
0.712
0.712
0.94
1.184
0.72
0.736
0.74
0.8
0.896
0.832
0.9
0.948
0.82
0.752
0.744
0.792
1.248
1.084
1.052
1.096
0.924
1.008
1.008
0.964
1.112
0.94
1.048
1.06
1.004
1.068
0.976
1.06
1.02
1.044
1.096
1.08
1.108
1.024
1.128
1.12
0.992
1.156
1.104
1.064
1.128
0.972
1.092
1.08
0.912
1.052
1.016
0.88
1.008
1.044
0.916
1.104
1.076
0.968
1.092
1.008
0.9
0.96
1.052
0.956
1.076
1.064
1.096
1.044
0.968
0.992
0.976
0.868
0.956
1.064
0.908
0.964
0.984
0.888
1.068
1.012
0.944
1.076
0.996
1.024
0.992
0.904
1.008
1.016
0.952
1.068
0.956
1.016
1.024
0.944
1.048
1.008
0.976
1.048
0.972
1.032
0.996
0.92
1.052
0.956
1.02
1.036
0.912
0.992
0.98
0.88
0.972
1.04
0.944
1.08
0.988
0.864
0.88
0.908
0.856
1.088
1.016
0.956
1.072
0.92
1
1.008
0.984
1.024
0.972
0.968
1.028
0.976
1.052
0.98
0.876
0.928
1.012
0.896
0.968
0.932
0.852
0.908
0.948
0.884
1.056
1.052
0.956
1.044
1.012
0.936
0.984
0.936
0.996
1.052
0.988
0.944
0.996
0.956
0.876
0.98
1.008
0.98
1.204
1.012
1.176
1.068
1.049768
1.052
0.976
1.124
1.024
0.904
1.004
1.064
1.008
1.176
1.076
1.16
1.116
0.912
0.964
1.124
1.02
1.188
1.132
0.956
0.992
1.02
0.972
1.248
1.056
1.14
1.148
0.972
0.996
1.128
0.996
1.048
1.004
0.916
1.192
1.096
0.936
1.12
1.044
0.92
1.156
1.06
0.964
1.036
0.996
0.864
1
1.04
0.912
1.076
1.016
0.968
1.096
0.968
1.064
1.032
0.892
0.896
0.928
0.896
0.964
1.1
0.96
1.004
0.948
0.864
0.888
0.868
0.812
0.82
0.956
0.904
1.16
1.004
1.028
0.96
0.908
1.02
0.9
0.948
0.992
0.924
1.188
1.044
0.88
0.932
0.96
1.008
1.132
1.012
1.144
1.084
0.948
1.132
1.064
0.972
1.06
1.044
0.888
0.98
1.116
1.036
1.136
0.992
0.976
0.996
0.94
1.272
1.24
1.144
1.184
1.088
1.136
0.928
0.832
0.884
1.212
1.04
1.236
1.084
1.116
1.116
0.952
1.14
1.096
0.936
1.028
1.14
0.968
1.008
0.992
0.88
0.892
1.02
0.92
1.18
1.104
0.956
1.112
1.076
0.96
1.044
0.964
1.128
1.064
0.948
1.128
1.064
1
1.016
1
1.016
1.036
0.932
0.832
0.936
1.2
1.008
1.132
1.136
0.976
1.124
1.064
0.916
1.076
1.02
0.884
1.064
0.98
0.896
1.056
0.964
0.944
1.132
1.072
1.024
1.108
0.948
0.944
0.964
0.86
1.04
1.216
1.072
1.164
1.072
1.02
1.052
0.94
0.872
1.08
1.084
1.18
1.18
1.068
1.22
1.12
1.092
1.112
0.992
1.056
1.028
0.912
0.972
1.068
0.948
1.032
1.088
0.944
0.988
0.956
0.884
1.084
1.016
1.012
0.992
1.092
0.98
1.2
1.16
0.976
1.084
1.06
1.004
1.072
1.028
0.968
1.18
1.092
0.956
1.128
1.12
1.068
1.184
1.06
0.976
1.192
1.128
1.048
1.224
1.136
0.956
1.18
1.14
1.016
1.188
1.164
1.036
1.116
1.052
0.944
1.096
1.064
0.932
1.08
1.052
0.952
0.92
0.976
0.924
0.964
1.06
0.944
1.044
1.056
0.952
0.912
0.996
0.908
1.02
1.328
1.2
1.276
1.136
0.908
0.992
1
1.004
1.172
0.98
0.936
0.812
0.776
0.732
0.708
0.676
0.692
0.772
0.808
0.8
0.9
0.848
0.912
1.008
0.872
0.948
0.944
0.848
0.892
0.996
0.924
1.004
1.064
0.916
0.924
1.016
0.956
1.184
1.108
0.956
0.984
1.052
0.904
1.132
1.084
0.928
1.196
1.16
0.96
0.968
0.968
0.884
1.232
1.16
1.06
1.192
1.052
1.104
1.096
0.948
1.152
1.16
0.988
1.184
1.148
0.952
1.04
1.176
1.052
1.068
1.044
0.92
1.28
1.152
1.124
1.208
1.048
1.152
1.12
0.98
1.056
1.108
0.992
1.176
1.108
1.004
1.208
1.144
1.136
1.088
1.04
1.124
1.032
0.964
0.98
0.932
0.896
1.076
0.868
0.892
0.828
0.832
0.98
0.916
1.044
0.956
0.928
1.024
0.92
0.98
0.904
0.84
0.86
0.832
0.872
0.936
0.868
1.058575
0.732
1.396
0.96
0.768
0.744
0.72
0.728
0.788
1.044
0.856
0.932
0.956
0.876
0.912
0.88
0.82
0.864
0.984
0.86
0.948
0.988
0.888
1.004
0.98
0.876
0.948
0.88
0.812
0.884
1.02
0.916
1.084
0.976
0.992
1.06
0.9
0.984
1.12
0.98
1.14
1.12
0.98
1.096
1.024
0.892
1.004
1.076
0.912
1.148
1.084
0.916
0.964
0.972
0.92
1.256
1.148
1.084
1.112
1.096
1.168
1.056
1.144
1.08
0.96
1.164
1.124
0.928
0.892
0.98
0.928
1.28
1.22
1.084
1.168
0.996
1.072
1.144
1.016
1.128
1.076
0.964
1.064
0.94
0.868
0.876
1.136
0.972
1.12
1.112
1.016
1.216
1.056
1.076
1.016
0.964
1.104
1.096
0.952
1.156
1.092
0.924
1.14
0.936
1.032
1.048
0.908
1.096
1.044
1.06
1.096
0.972
1.072
1.032
0.944
1.076
1.076
0.964
1.072
1.028
0.912
0.976
1.084
0.924
0.94
0.972
0.92
1.088
1.132
0.916
0.976
1.06
0.868
0.952
1.096
0.956
0.932
1.136
1.036
1.112
1.056
0.928
1.148
1.132
0.984
1.132
1.02
0.888
1.016
1.096
0.896
0.896
0.968
0.908
0.964
1.16
1.052
1.048
1.008
0.872
0.944
1.072
0.932
1.296
1.164
1.168
1.192
0.996
1.064
1.072
0.992
0.972
1.024
0.916
1.132
1.056
0.98
1.196
1.012
1.196
1.124
1.072
1.16
1.024
0.94
1.076
1.04
0.984
1.184
1.12
1.168
1.18
1.036
1.116
1.104
1.076
1.212
1.132
1.012
1.096
1.08
0.972
1.16
1.008
0.9
1.244
1.132
1.056
1.212
1.092
0.916
1.128
1.148
1.044
1.232
1.14
1.028
1.108
0.996
0.992
1.032
0.956
1.044
1.076
0.964
1.06
1.092
0.988
1.1
1.072
0.948
1.1
1.068
0.972
1.044
1.068
0.992
1.024
1.052
0.92
0.952
1.024
0.972
0.876
0.996
1.052
0.916
0.94
1.128
1.084
0.924
0.904
1.1
0.928
1.204
1.052
0.936
1.112
0.948
1.088
1.036
0.912
1.152
1.092
1.056
1.164
1.052
1.14
1.144
1.012
1.068
1.104
0.996
1.044
1.044
0.956
1.228
1.076
1.068
1.104
1.004
1.024
1.232
1.104
1.204
1.152
1.188
1.116
0.999064
0.976
0.92
1.036
1.032
1.008
0.912
1.128
1.072
0.988
1.14
1.036
1.036
1.124
1.02
1.096
1.12
0.98
1.048
1.116
0.984
1.048
1.064
0.932
1
1.072
0.912
0.956
1.02
0.924
1.116
1.1
1.028
1.132
1.04
0.904
0.968
1.08
0.92
0.932
1.084
0.916
0.968
0.976
0.88
0.868
1.024
1.096
0.932
1.012
1.148
0.964
0.952
1.12
1
1.14
1.24
1.092
1.176
1.128
0.964
0.984
1.14
0.988
1.004
1.008
0.908
1.02
1.224
1.024
1.2
1.144
0.964
1.168
1.16
1.112
1.216
1.212
1.032
1.136
1.168
1.024
1.048
0.948
0.884
1.02
1.04
0.932
1.38
1.188
1.284
1.064
1.212
1.072
0.984
1.188
1.008
1.108
1.156
0.956
0.872
0.832
0.788
0.792
0.924
0.936
0.812
0.784
0.772
0.748
0.712
0.664
0.668
0.688
0.688
0.676
0.688
0.72
0.744
0.8
0.744
0.744
0.72
0.7
0.692
0.684
0.664
0.656
0.644
0.628
0.628
0.628
0.64
0.66
0.68
0.696
0.712
0.7
0.68
0.676
0.676
0.656
0.664
0.66
0.672
0.716
0.816
0.788
0.78
0.876
0.896
0.832
0.836
0.9
0.856
0.816
0.924
0.988
0.896
0.92
1.096
0.9
0.852
1.032
1.008
0.888
0.988
1.032
0.98
0.972
0.892
0.928
0.916
0.952
0.928
0.9
0.904
0.872
0.936
0.916
0.872
0.92
0.952
0.888
0.92
0.896
0.904
0.972
0.892
0.964
0.972
0.928
1.04
1.004
0.88
0.94
0.956
0.94
1.012
1
0.828
0.8
0.78
0.796
0.82
0.9130176
0.856
0.72
0.72
0.708
0.72
0.72
0.74
0.772
0.768
0.788
0.816
0.792
0.84
0.812
0.812
0.984
0.964
0.904
0.96
0.896
1.004
0.976
0.932
1.012
0.916
0.992
0.98
0.928
1.048
0.948
1.02
1.024
0.92
1
0.956
0.888
1
0.94
1.06
1.016
0.952
1.108
0.98
1.06
1.028
0.976
1.044
0.984
1.084
1.004
0.948
0.996
0.96
1.044
1.052
0.988
1.032
0.952
1.008
1.036
0.908
0.952
0.948
0.904
0.976
1.02
1.008
1.068
0.924
0.968
1.056
0.936
0.896
0.916
0.9
1.052
1.048
0.96
1.08
1.004
0.996
0.944
0.868
0.888
0.94
0.92
1.12
1.04
0.928
1.016
1.016
0.948
1.104
1.02
0.912
0.944
0.912
0.884
1.052
0.98
0.964
1.072
0.912
0.988
0.968
0.896
0.928
0.88
0.916
0.996
0.936
0.98
0.944
0.876
0.952
0.964
0.908
1.068
1.064
0.948
0.948
0.948
0.884
0.912
0.94
0.884
0.972
0.952
0.908
0.984
0.932
0.988
0.948
0.884
0.944
0.94
0.94
1.032
0.92
0.996
0.96
0.908
0.992
0.924
0.844
0.848
0.868
0.912
0.976
0.904
0.968
0.936
0.872
0.904
0.88
0.904
0.9
0.864
0.884
0.908
0.888
0.992
0.924
1.004
0.996
0.92
0.972
0.94
1.016
1.064
0.916
0.944
0.992
0.94
1.104
1.076
1
1.1
1.048
0.936
1.032
1.012
0.952
1.096
1.02
0.904
0.952
0.948
0.98
1.06
0.94
1.052
1.016
0.952
1.028
0.916
0.964
0.944
0.856
0.896
0.932
0.852
0.92
0.896
0.852
0.896
0.868
0.908
0.908
0.848
0.892
0.864
0.836
0.852
0.8
0.764
0.744
0.704
0.692
0.712
0.78
0.824
0.868
0.864
0.832
0.876
0.848
0.82
0.876
0.872
0.824
0.888
0.916
0.848
0.896
0.948
0.864
0.896
0.884
0.852
0.872
0.872
0.88
0.836
0.84
1.136
1.044
1.004
1.02
0.908
0.972
0.952
0.9
1.032
0.932
0.988
1.008
0.956
1.048
0.972
1.04
1.02
0.924
1.028
0.96
0.916
0.972
0.924
1.012
1.016
0.964
1.012
0.94
1.02
1.028
0.928
1.028
0.98
0.944
1.008
0.94
1.04
1.016
0.932
1
0.956
0.976
1
0.928
0.984
0.952
0.904
1.016
0.932
0.96
0.976
0.912
0.968
0.964
0.932
1.016
0.968
0.92
0.976
0.912
0.96
0.984
0.932
0.976
0.976
0.924
1.048
0.988
0.912
0.948
0.908
0.976
1.111806
1.008
1.028
0.924
1.036
1.06
0.924
0.972
0.956
0.88
0.956
1.012
0.944
1.024
0.936
0.856
0.9973341
0.7768736
0.756
0.772
0.78
0.84
1.2
0.98
1.036
0.968
0.988
1
0.92
0.948
0.976
0.872
0.92
0.972
0.916
1.06
1.016
0.924
0.976
0.988
0.96
1.04
0.968
0.932
1.068
0.936
0.952
0.98
0.92
1.052
1.02
0.924
1.036
0.996
0.904
1.004
0.956
0.94
1.016
0.94
0.98
1.02
0.924
1.012
1
0.904
1.012
0.94
0.876
0.936
0.98
0.9
0.968
0.92
0.892
0.972
0.924
0.904
0.972
0.896
0.952
1.008
0.892
0.944
1.008
0.9
0.98
1.012
0.896
0.992
0.968
0.884
0.984
0.992
0.86
0.86
0.892
0.864
0.928
1.019914
0.9148904
0.8616847
0.8
0.9
0.884
1.092
1.056
0.976
0.996
0.944
0.964
0.96
0.896
0.928
0.892
0.844
0.908
0.944
0.944
1.1
0.98
1.04
0.98
0.892
0.96
0.9
0.928
1.008
0.904
0.956
1.02
0.928
1.076
0.976
0.936
1.012
0.944
1.008
1.004
0.94
1.008
0.936
0.992
0.956
0.888
0.956
0.916
0.948
1.004
0.916
0.964
0.908
0.912
0.996
0.908
1.044
1.068
0.98
1.044
0.972
0.98
1.04
0.924
1.024
1.084
1.02
1.12
1.052
0.956
1.048
1.088
1.004
1.1
1.08
0.996
1.116
1.12
1.044
1.124
1.064
0.992
1.072
1.048
0.972
1.068
1.048
0.932
0.98
0.968
0.888
0.976
1.008
0.908
0.972
0.96
0.868
0.932
0.98
0.888
0.924
0.904
0.876
0.996
1.012
0.908
1.012
1
0.916
1.048
1.072
0.92
0.956
1.1
1.016
1.12
1.084
0.948
1.048
0.976
0.972
1.06
0.96
1.096
1.056
0.956
0.968
0.944
0.872
0.924
0.996
0.888
0.988
0.928
0.824
0.768
0.76
0.9429036
1.072
1.06
1.104
1.076
1.004
0.956
0.964
0.968
0.956
0.864
0.808
0.836
0.824
0.808
0.752
0.74
0.748
1.168
1.06
0.976
0.916
0.968
0.936
0.888
0.856
0.988
0.984
0.884
0.928
1.032
0.96
0.86
0.88
0.96
0.9
0.908
0.92
0.868
0.9
0.832
0.784
0.748
0.728
0.768
0.792
0.836
1.124
0.936
0.868
0.968
1.02
0.916
0.968
1.056
0.916
0.98
1.116
1.06
1.096
1.048
1.008
1.068
1.008
1.056
1
0.888
0.944
1.016
0.924
0.976
0.9
0.94
0.936
0.876
0.956
0.944
0.888
0.94
1
0.928
1.044
1.008
0.952
0.98
0.892
0.944
0.988
0.916
0.992
0.964
0.912
0.972
0.952
0.876
0.932
0.928
0.868
0.948
0.972
0.908
0.98
0.988
0.96
1.028
0.976
1.016
0.988
0.896
0.94
0.952
0.908
1.02
1.004
0.924
1.024
0.96
0.912
0.9
0.892
0.908
1.004
0.932
0.976
0.964
0.908
1.024
0.944
0.948
0.928
0.864
0.888
0.828
0.78
0.748
0.736
0.812
0.988
1.084
1.012
1.092
1.032
0.952
1.02
1.048
0.996
1.072
1.044
0.948
1.016
0.924
0.98
1.1
0.96
0.976
0.952
0.92
1.128
1.02
0.948
1.164
1
1.064
1.044
0.916
0.992
0.976
0.9
0.988
0.988
0.896
1
0.996
0.916
0.952
0.948
0.88
0.98
0.972
0.892
0.944
0.972
0.86
0.928
0.996
0.908
1.08
1.072
0.948
1.048
1.016
0.952
0.936
0.884
0.928
0.984
0.932
1.04
1.004
0.9
0.916
0.916
0.92
1.2
1.072
1.016
1.092
0.996
1.084
1.016
0.904
0.996
0.996
0.92
1.108
0.98
0.968
1.032
0.924
0.956
0.936
0.896
1.124
1.112
0.952
1.132
1.008
0.956
0.984
0.9
1.02
1.084
0.952
1.12
1.08
0.932
0.984
0.956
0.892
0.984
0.972
0.908
1.032
1.044
0.916
0.96
0.928
0.888
0.98
0.976
0.876
0.952
1.036
0.956
1.02
0.968
0.848
0.836
0.876
0.86
1.004
1.064
0.928
1.112
0.984
1.004
1.088
0.98
1.028
0.924
0.94
0.9
0.804
0.76
0.644
0.812
1.324
1.092
1.096
0.996
0.952
0.952
0.896
0.884
0.812
0.76
0.732
0.716
0.744
0.876
0.94
0.964
1.056
1.024
0.948
0.984
0.928
0.856
0.964
1.008
0.88
0.912
1.012
0.892
0.908
0.984
0.936
1.1
1.08
0.968
1.08
1.024
0.916
0.988
0.952
0.868
0.916
0.92
0.88
0.96
0.924
0.872
0.932
0.944
0.984
0.98
0.896
1.004
0.952
0.868
0.944
0.976
0.916
1.008
0.956
0.992
1.028
0.952
0.996
1.056
0.968
1.044
1.06
0.948
0.992
0.992
1.064
1.016
0.884
0.92
0.928
0.872
1.008
1.044
0.964
1.108
0.988
1.008
0.992
0.908
0.936
0.912
0.88
0.972
1.016
0.896
1.092
1.028
0.964
1.004
0.896
0.964
0.968
0.904
1.004
0.94
0.992
1.056
0.936
0.992
0.992
0.948
1.032
1.016
0.976
1.088
1.044
0.988
0.964
0.856
0.872
0.844
0.8
0.8
0.784
0.796
0.964
1.16
1.084
0.964
0.892
0.824
0.864
0.86
0.9
0.9
0.876
0.976
0.96
0.996
0.904
0.88
0.952
0.92
1.008
0.96
0.956
0.976
0.94
0.988
0.968
0.868
0.908
0.94
0.888
0.948
0.92
0.8
0.792
0.804
0.864
1.052
0.956
0.996
0.972
0.956
1.012
0.924
0.968
0.968
0.872
0.88
0.896
0.888
0.972
0.892
0.98
0.928
0.848
0.88
0.88
0.828
0.864
0.892
0.828
0.884
0.896
0.856
0.916
0.884
0.924
1.004
0.924
1.12
1.068
1.008
1.064
0.956
1.024
1.056
1
1.116
1.036
1.012
1.036
0.948
1.096
1.06
0.976
1.072
0.976
1.044
1.012
0.932
1.096
1.092
1.004
1.116
1.044
1.148
1.072
1.036
1.072
0.96
1.048
1.084
1.052
1.164
1.036
0.98
1.064
0.972
1.068
1.092
0.98
1.1
1.02
0.952
0.992
0.916
1.06
1.1
0.952
1.032
0.964
1.032
1.056
0.956
1.012
0.952
0.888
1.04
1.04
0.956
1.04
0.952
0.98
0.932
0.892
1.016
1.036
0.9
0.968
1.052
0.916
1.016
1.02
0.924
1.068
0.996
0.984
1.088
0.964
0.988
1.016
0.936
0.996
0.976
0.872
0.924
0.92
0.872
0.984
0.968
1.028
1.012
0.892
0.976
0.956
0.936
1.008
0.884
0.932
1.048
0.96
1.148
0.968
1.016
1.156
0.984
1.02
0.988
0.976
1.124
0.952
1.076
1.032
0.944
1.032
0.924
1.016
0.96
0.9
0.968
0.908
0.86
0.972
0.98
1.1
1.056
0.952
0.988
0.924
0.896
0.984
0.952
1.008
1.012
0.904
0.948
0.94
0.892
1.06
1.004
0.952
1.028
0.968
1.064
1.016
0.912
1.004
0.984
0.94
1.064
0.952
0.956
0.988
0.892
1.024
1.064
0.932
1.076
0.988
0.896
0.956
0.908
0.984
1.056
0.952
1.072
0.996
0.968
1.08
1.004
0.996
0.988
0.864
0.904
0.956
0.884
1.028
1.084
0.928
1.008
1.024
0.912
1.028
0.936
0.928
1
0.94
1.08
1.104
1.028
1.088
1
1.008
0.98
0.88
0.868
0.924
0.94
1.232
1.116
1.04
1.084
0.956
0.908
0.92
0.888
0.992
1.004
0.856
1.024
1.132
1.04
1.068
0.94
0.948
0.884
0.984
1.088
0.96
1.116
1.06
0.972
0.9
0.844
0.904
0.98
0.888
1.072
0.984
0.924
0.988
0.952
1.108
1.048
0.916
0.952
0.936
0.852
0.932
1.052
0.988
1.14
1.048
1.024
1.072
0.948
0.996
1.012
0.916
0.96
0.944
0.872
0.976
1.08
0.944
1.068
0.992
0.876
1.028
1.048
0.928
1.228
1.132
0.948
0.976
0.904
0.86
1.028
0.996
1.14
1.18
0.96
1.108
1.072
0.996
1.156
1.104
0.992
1.032
0.976
0.948
1.108
1
1.184
1.088
1.08
1.156
1.04
1.08
1.06
0.944
1.008
1.032
0.94
0.968
0.972
0.88
1
1.024
0.896
1.016
1.008
0.852
0.916
0.9
0.8
0.776
0.756
0.72
0.76
1.148
1.068
0.996
1.048
0.916
0.972
1.02
0.904
0.952
0.936
0.864
0.912
1.044
0.924
1.012
0.996
0.952
1.072
1.112
1.012
1.072
0.976
1.024
1.012
0.964
0.984
0.972
0.888
0.86
0.848
0.92
1.204
1.036
1.168
1.04
0.928
0.984
0.972
0.944
1.064
0.956
0.968
1.024
0.912
1.004
0.976
0.888
1.052
0.98
0.972
0.968
0.896
1.048
1.04
0.98
1.152
1.076
0.944
1.004
0.968
0.94
1.076
0.972
1.096
1.076
0.936
1.052
1.056
0.912
1.08
1.024
0.948
1.028
0.952
1.068
1.052
0.932
0.992
0.984
0.924
0.956
1.116
0.972
1.068
1.08
0.896
0.928
0.924
0.864
1.208
1.108
1.028
1.036
0.948
0.968
1.024
0.932
0.944
0.924
0.864
0.932
1.028
1.016
0.988
0.984
0.968
0.872
0.92
0.956
0.932
0.968
1.048
1.112
0.976
0.988
0.888
0.86
0.828
0.824
0.928
0.94
0.824
0.836
1
0.972
0.904
0.876
0.832
0.832
0.836
0.812
0.84
0.836
0.82
0.844
0.836
0.864
0.908
0.848
0.864
0.884
0.812
0.852
0.844
0.796
0.824
0.872
0.824
0.86
0.888
0.84
0.896
0.952
0.872
0.988
0.916
0.852
0.984
0.944
0.896
1
0.936
0.94
1.02
0.932
1.08
0.988
0.952
0.996
0.884
1.064
1.064
0.984
1.04
0.932
1.064
1.052
0.948
1.128
0.98
1.048
0.996
0.948
1.108
1.024
1.116
1.048
0.98
1.04
0.976
1.052
1.052
0.92
1.076
1.016
1.008
1.076
0.952
1.084
1.008
0.916
0.98
0.964
1.004
1.044
0.936
1.044
0.98
0.904
0.996
0.948
1.048
1.124
1.012
1.072
0.956
1.016
1.06
0.972
1.044
0.96
0.992
1.076
0.968
1.064
0.984
0.92
0.984
0.976
1.072
1.036
0.932
0.988
0.972
0.908
1.1
1.004
0.912
1.016
0.956
1.052
1.076
0.94
0.964
0.92
0.856
1.04
1
0.888
1.048
0.972
1.028
1.048
0.908
1.032
0.968
0.904
1.036
0.96
0.908
0.992
0.98
1
1.028
0.936
1.068
1.028
0.908
0.94
0.888
0.888
1.012
0.904
0.98
1.048
0.904
0.936
0.928
0.912
1.064
0.916
0.976
1.008
0.9
1.012
0.952
0.856
0.912
0.928
0.896
0.976
0.932
1.012
1.084
0.932
0.932
0.92
0.852
0.908
0.92
0.824
0.768
0.752
0.744
0.844
1.144
0.972
0.904
0.924
0.864
0.772
0.736
0.736
0.728
1.168
0.968
1.016
0.8941818
1.032
0.988
0.92
0.94
1.008
0.9209178
1.02
1.064
1.008
0.964
1.028
1.068
0.972
1.076
0.996
0.952
0.96
0.884
0.96
1.076
0.96
1.096
0.952
0.976
1.036
0.924
1.044
1.028
0.912
1.056
1.044
0.948
1.084
1.028
0.94
0.996
0.992
0.964
1.044
1
1
1.024
0.944
1.036
1.012
0.936
1.072
1.056
0.976
1.036
0.936
0.928
0.988
0.912
0.996
1
0.912
0.996
0.984
0.9
0.972
0.992
0.92
1.06
1.008
0.964
1.056
0.964
1.008
1.004
0.916
0.976
1.004
0.904
1
0.988
0.948
1.116
0.98
1.032
1.092
0.964
0.964
0.96
0.896
1.06
1.116
0.996
1.128
1.044
1.004
1.076
0.948
0.992
1.012
0.864
0.92
0.944
0.864
0.944
0.94
0.86
0.94
0.98
0.928
1.032
0.912
0.964
0.976
0.892
0.972
1.032
0.952
1.044
0.968
0.948
1.028
0.92
1
0.992
0.908
0.992
1.004
0.92
0.988
0.996
0.896
0.96
1
0.916
1
1.016
0.924
1.024
1
0.9
0.988
0.988
0.896
0.976
0.992
0.88
1.036
1.06
0.944
1.064
1.088
0.904
0.916
1.036
0.884
0.976
1.064
0.952
1.196
1.02
0.9
0.984
1.076
1.032
1.164
1.024
1.02
0.956
0.848
0.896
1.18
1.024
1.152
1.072
0.972
1.032
0.924
0.96
0.932
0.884
1.176
0.964
1.032
1.016
0.94
1.048
0.956
1.068
1.04
0.98
1.044
0.924
0.964
1.036
0.972
1.1
1.064
0.924
0.936
1.024
0.884
0.976
0.976
0.888
0.988
0.908
1.008
0.944
0.864
0.928
0.88
0.916
0.952
0.892
0.98
0.98
0.936
0.988
0.94
0.904
0.952
0.904
0.844
0.936
1.052
1.044
1.064
0.968
0.9
0.968
0.96
0.992
1.136
1.008
1.036
1.016
0.912
0.948
0.984
0.884
1.048
1.012
0.904
0.988
0.932
0.896
1.104
0.964
1
1.028
0.896
0.92
0.852
0.824
0.888
1.036
1.008
1.104
0.964
1.076
1.004
0.992
1.036
0.952
1.028
1.064
0.976
0.972
0.912
0.98
1.152
1.016
1.14
1.076
0.896
0.92
1.172
0.956
1.14
1.096
1.108
1.176
1.084
1.184
1.06
0.964
1.136
1.024
1.02
1.104
0.976
1.056
0.98
0.88
1.048
0.964
0.86
0.96
1.16
1.072
1.136
1.024
1.076
1.092
1.008
1.068
0.972
0.948
0.976
0.924
1.06
0.972
0.872
1.136
1.12
0.948
1.072
1.036
1.248
1.164
0.96
1.132
1.096
0.936
1.2
1.172
1.084
1.164
1.056
1.076
1.116
0.98
1.156
0.936
0.844
0.856
0.912
1.156
1.156
1.124
1.008
1.18
1.06
1.012
1.048
0.844
0.836
0.84
0.856
1.192
0.996
0.956
0.844
0.828
1.008
1.028
0.876
0.856
0.784
0.9174888
0.712
0.692
0.716
0.596
1.292
1
1.052
1.032
0.908
0.872
0.848
0.876
0.892
0.832
0.892
0.944
0.872
0.984
0.9
0.808
0.78
0.8203091
0.728
0.756
0.792
0.92
0.924
0.852
0.924
0.852
0.852
0.948
0.824
0.844
0.908
0.836
0.86
0.992
0.892
1.048
1.012
0.884
0.984
1
0.924
1.032
0.972
0.904
1.04
1.024
1.112
1.132
0.952
1.072
1.096
0.936
1.144
1.116
1.072
1.172
0.984
1.128
1.028
0.964
1.196
1.044
0.892
0.972
0.98
0.996
1.14
0.936
1.188
1.084
1.088
1.108
0.992
1.044
1.024
0.928
0.996
0.936
1.072
1.132
1.016
1.1
1
1.092
1.092
1
1.116
1.008
1.1
1.108
1.004
1.152
1.06
1.132
1.068
1.02
1.08
0.96
1.1
1.052
0.996
1.032
0.932
1.012
1.072
0.992
1.176
1.108
1.02
1.128
0.94
0.936
0.96
0.856
0.916
0.976
0.912
1.076
0.924
1.016
0.948
0.864
0.82
0.784
0.748
0.772
0.852
0.832
0.928
0.932
0.844
0.916
0.872
0.824
0.86
0.864
0.832
0.848
0.856
0.86
0.92
0.856
0.896
0.872
0.788
0.744
0.744
0.74
0.916
1.124
1.084
1.029851
0.908
0.884
0.98
1.008
1.016
0.984
1.008
0.98
0.92
0.996
1.016
0.952
1.032
0.976
0.88
0.948
0.928
0.952
1.044
0.876
0.964
0.948
0.856
0.956
0.968
0.892
0.976
0.996
0.868
0.968
1.04
0.944
0.988
0.908
0.976
1.036
0.932
1.048
1.044
0.912
0.996
0.944
0.944
1.004
0.984
1.164
1.068
0.94
1.016
0.968
0.892
1
0.904
1.016
1
0.872
0.936
0.924
0.876
0.932
0.856
1.016
0.956
0.896
1.032
0.952
0.904
1.028
0.992
1.06
1.004
0.94
1.004
0.948
0.976
0.916
0.872
0.94
0.956
0.94
0.988
0.924
0.936
0.912
0.856
0.892
0.928
0.844
0.9
0.86
0.832
0.9
0.944
0.972
0.972
0.884
0.94
0.904
0.828
0.808
0.78
1.088
1.168
1.264
0.98
1.12
0.968
0.992
1.04
0.948
0.972
0.996
0.94
1.032
0.98
0.896
0.956
0.924
1.028
0.964
0.848
0.844
0.852
0.82
0.852
0.896
0.868
1.016
0.956
1.032
0.996
0.924
0.956
0.916
0.916
0.94
0.884
0.992
1.008
0.92
1.024
0.912
0.948
0.924
0.856
0.896
0.92
0.868
0.98
0.916
0.872
1.012
0.888
0.948
0.944
0.852
0.924
0.916
0.808
0.848
1.256
1
1.084
1.092
0.96
1.036
1.004
0.868
0.912
0.908
0.856
0.912
0.932
0.888
1.02
0.844
1.344
0.98
0.856
0.796
0.884
1.168
1.368
0.976
0.944
0.96
0.9
0.876
0.904
0.872
0.88
0.88
0.86
0.916
0.892
0.828
0.848
0.884
0.82
0.86
0.904
0.832
0.864
0.836
0.78
0.78
0.776
0.78
0.796
0.86
0.848
0.948
0.976
0.888
0.952
0.892
0.872
1.004
0.924
0.888
0.924
0.868
0.92
0.932
0.86
0.892
0.892
0.896
0.904
0.836
0.84
0.904
0.872
0.956
0.976
0.92
0.892
0.832
0.892
0.904
0.864
0.984
0.948
0.876
0.94
0.904
0.844
0.852
0.848
0.82
0.876
0.904
0.812
0.82
0.788
0.772
0.748
1.148
0.988
0.704
1.076
0.988
0.752
0.788
0.748
0.728
0.772
0.852
0.896
0.872
0.856
0.788
0.78
0.76
0.76
0.784
0.848
0.9
0.904
0.924
0.88
0.872
0.848
0.828
0.864
0.88
0.82
0.852
0.912
0.844
0.94
0.968
0.844
0.824
0.804
0.768
0.748
0.784
1.16
0.92
0.976
0.992
0.892
0.992
1.024
0.932
0.988
0.944
0.936
0.964
0.872
0.916
0.9
0.86
0.928
0.972
0.88
0.956
0.94
0.872
0.876
0.872
0.836
0.876
0.916
0.86
0.988
0.972
0.9
0.944
0.948
0.84
