0.74
0.736
0.756
0.756
0.736
0.716
0.72
0.748
0.772
0.784
0.772
0.784
0.728
0.724
0.704
0.676
0.668
0.676
0.74
0.752
0.716
0.784
0.824
0.812
0.756
0.776
0.788
0.796
0.752
0.732
0.772
0.796
0.776
0.752
0.776
0.784
0.816
0.82
0.792
0.74
0.768
0.784
0.804
0.768
0.736
0.788
0.804
0.82
0.772
0.728
0.78
0.8
0.792
0.744
0.728
0.776
0.784
0.788
0.74
0.776
0.792
0.812
0.76
0.752
0.776
0.792
0.804
0.772
0.732
0.768
0.78
0.8
0.752
0.744
0.78
0.796
0.772
0.752
0.772
0.8
0.788
0.74
0.764
0.804
0.8
0.756
0.764
0.78
0.756
0.748
0.744
0.708
0.696
0.728
0.744
0.768
0.712
0.712
0.744
0.68
0.8
0.9
0.7698432
0.728
0.716
0.756
0.728
0.744
0.784
0.84
0.768
0.7932188
0.764
0.748
0.72
0.708
0.868
0.864
0.9192164
1.028
0.8145141
0.768
0.74
0.8186965
0.74
0.788
0.788
0.9303576
0.796
0.796
0.808
0.8421589
0.844
0.84
0.78
0.8
0.824
0.824
0.824
0.78
0.78
0.832
0.82
0.82
0.748
0.752
0.78
0.78
0.76
0.7209834
0.792
0.816
0.764
0.788
0.8
0.812
0.788
0.736
0.7618267
0.748
0.736
0.778852
0.796
0.832
0.768
0.812
0.84
0.84
0.812
0.764
0.768
0.772
0.776
0.8965717
0.752
0.772
0.792
0.748
0.744
0.784
0.784
0.776
0.835912
0.752
0.788
0.8388499
0.772
0.8
0.796
0.772
0.8
0.84
0.852
0.78
0.796
0.816
0.812
0.772
0.744
0.776
0.784
0.804
0.768
0.748
0.796
0.808
0.844
0.816
0.748
0.776
0.76
0.716
0.692
0.688
0.704
0.684
0.72
0.804
0.884
0.804
0.756
0.816
0.86
0.8
0.756
0.788
0.82
0.808
0.756
0.768
0.804
0.804
0.768
0.736
0.78
0.788
0.8
0.756
0.748
0.796
0.8
0.804
0.752
0.768
0.792
0.824
0.804
0.748
0.764
0.78
0.788
0.784
0.744
0.8
0.844
0.86
0.776
0.78
0.792
0.8
0.752
0.728
0.78
0.816
0.848
0.772
0.812
0.832
0.824
0.764
0.788
0.8
0.716
0.744
0.768
0.788
0.792
0.744
0.788
0.796
0.808
0.796
0.8205263
0.756
0.756
0.768
0.724
0.756
0.804
0.848
0.768
0.804
0.84
0.86
0.792
0.7739423
0.76
0.756
0.72
0.732
0.776
0.9389663
0.768
0.768
0.784
0.796
0.756
0.8484019
0.736
0.7
0.676
0.668
0.7
0.78
0.844
0.824
0.768
0.752
0.808
0.808
0.812
0.752
0.768
0.796
0.824
0.82
0.76
0.768
0.8
0.82
0.816
0.768
0.6756237
0.784
0.732
0.752
0.776
0.84
0.828
0.784
0.844
0.896
0.896
0.812
0.848
0.848
0.8
0.748
0.8
0.804
0.776
0.724
0.756
0.76
0.764
0.732
0.74
0.764
0.768
0.724
0.716
0.74
0.744
0.732
0.704
0.732
0.744
0.752
0.72
0.712
0.74
0.744
0.732
0.696
0.716
0.72
0.72
0.732
0.704
0.708
0.728
0.752
0.76
0.72
0.736
0.752
0.76
0.744
0.712
0.736
0.748
0.736
0.748
0.72
0.74
0.76
0.772
0.764
0.728
0.76
0.78
0.792
0.74
0.74
0.764
0.772
0.772
0.732
0.756
0.764
0.776
0.756
0.728
0.752
0.776
0.788
0.744
0.72
0.748
0.748
0.768
0.728
0.74
0.776
0.784
0.736
0.74
0.768
0.776
0.784
0.736
0.744
0.756
0.756
0.764
0.724
0.724
0.744
0.756
0.74
0.712
0.748
0.776
0.788
0.736
0.736
0.752
0.768
0.788
0.74
0.736
0.772
0.776
0.752
0.728
0.76
0.784
0.792
0.744
0.764
0.76
0.784
0.776
0.72
0.732
0.748
0.752
0.768
0.736
0.716
0.772
0.8
0.84
0.808
0.756
0.764
0.764
0.768
0.768
0.724
0.716
0.696
0.672
0.664
0.676
0.748
0.716
0.74
0.832
0.9
0.864
0.776
0.804
0.804
0.808
0.8
0.748
0.78
0.884
0.872
0.804
0.796
0.832
0.896
0.8
0.768
0.804
0.824
0.848
0.772
0.772
0.82
0.84
0.84
0.8688631
0.796
0.796
0.748
0.768
0.828
0.872
0.796
0.852
0.896
0.876
0.804
0.832
0.844
0.852
0.78
0.7867564
0.768
0.732
0.76
0.776
0.844
0.772
0.796
0.872
0.916
0.7452141
0.828
0.816
0.824
0.748
0.76
0.772
0.824
0.896
0.788
0.848
0.86
0.84
0.768
0.804
0.812
0.808
0.768
0.8056327
0.776
0.764
0.748
0.724
0.744
0.792
0.82
0.884
0.804
0.78
0.848
0.864
0.82
0.768
0.784
0.816
0.852
0.836
0.768
0.76
0.796
0.836
0.828
0.764
0.8
0.796
0.82
0.768
0.736
0.76
0.788
0.8
0.756
0.736
0.78
0.78
0.768
0.704
0.684
0.668
0.696
0.776
0.836
0.808
0.750349
0.808
0.816
0.752
0.7714028
0.796
0.8
0.756
0.7788562
0.892
0.868
0.784
0.78
0.824
0.852
0.824
0.788
0.828
0.864
0.88
0.792
0.7046167
0.8
0.744
0.752
0.792
0.832
0.84
0.8825359
0.856
0.856
0.788
0.788
0.836
0.864
0.848
0.792
0.856
0.9
0.876
0.796
0.8348538
0.812
0.752
0.768
0.8
0.856
0.868
0.804
0.852
0.884
0.876
0.8
0.82
0.832
0.848
0.776
0.84
0.86
0.864
0.796
0.78
0.828
0.852
0.848
0.768
0.796
0.828
0.816
0.764
0.812
0.864
0.84
0.78
0.792
0.812
0.82
0.844
0.756
0.7454089
0.78
0.764
0.736
0.732
0.784
0.872
0.904
0.816
0.792
0.88
0.892
0.82
0.82
0.824
0.852
0.808
0.76
0.788
0.784
0.792
0.78
0.736
0.764
0.784
0.796
0.8
0.764
0.744
0.78
0.792
0.764
0.724
0.756
0.768
0.772
0.724
0.74
0.768
0.776
0.724
0.72
0.752
0.784
0.788
0.744
0.732
0.768
0.8
0.792
0.796
0.752
0.744
0.76
0.772
0.764
0.736
0.748
0.772
0.776
0.744
0.728
0.76
0.776
0.788
0.744
0.736
0.76
0.752
0.76
0.696
0.688
0.676
0.656
0.648
0.648
0.7
0.728
0.692
0.728
0.752
0.792
0.8
0.752
0.768
0.82
0.856
0.784
0.744
0.772
0.8
0.816
0.752
0.744
0.764
0.804
0.824
0.76
0.784
0.852
0.844
0.796
0.756
0.796
0.82
0.836
0.78
0.764
0.82
0.836
0.812
0.776
0.82
0.856
0.824
0.772
0.804
0.82
0.848
0.804
0.772
0.812
0.844
0.852
0.8
0.84
0.872
0.86
0.784
0.78
0.808
0.82
0.919431
0.772
0.764
0.732
0.8614299
0.784
0.792
0.756
0.8108792
0.836
0.752
0.784
0.792
0.82
0.796
0.744
0.895105
0.784
0.74
0.768
0.784
0.804
0.756
0.78
0.856
0.876
0.8945085
0.824
0.788
0.8907119
0.748
0.744
0.712
0.8816028
0.736
0.716
0.752
0.788
0.788
0.748
0.792
0.844
0.812
0.752
0.768
0.772
0.728
0.7
0.672
0.66
0.68
0.732
0.788
0.792
0.744
0.76
0.804
0.804
0.8
0.8737781
0.772
0.756
0.8
0.744
0.724
0.812
0.84
0.848
0.832
0.772
0.808
0.844
0.86
0.784
0.8314249
0.796
0.74
0.752
0.784
0.828
0.832
0.8147144
0.836
0.82
0.728
0.74
0.828
0.868
0.904
0.872
0.844
0.912
0.924
0.908
0.864
0.804
0.852
0.856
0.876
0.876
0.82
0.844
0.86
0.904
0.868
0.808
0.82
0.828
0.848
0.788
0.776
0.824
0.836
0.832
0.78
0.8117358
0.796
0.736
0.7898198
0.792
0.744
0.8242757
0.852
0.804
0.7500526
0.796
0.78
0.748
0.76
0.812
0.836
0.84
0.792
0.848
0.888
0.844
0.788
0.804
0.848
0.824
0.9927858
0.788
0.772
0.9253475
0.752
0.768
0.796
0.772
0.82
0.9
0.896
0.824
0.836
0.836
0.852
0.82
0.76
0.772
0.8
0.796
0.776
0.7624244
0.768
0.752
0.72
0.72
0.768
0.812
0.812
0.748
0.796
0.772
0.732
0.696
0.66
0.692
0.668
0.704
0.688
0.716
0.74
0.704
0.684
0.68
0.696
0.724
0.676
0.692
0.728
0.752
0.78
0.74
0.708
0.736
0.748
0.776
0.704
0.728
0.764
0.852
0.888
0.892
0.864
0.784
0.776
0.82
0.852
0.812
0.756
0.828
0.888
0.904
0.796
0.844
0.876
0.844
0.788
0.824
0.816
0.744
0.736
0.708
0.68
0.692
0.744
0.728
0.716
0.768
0.788
0.832
0.8
0.752
0.78
0.788
0.816
0.816
0.764
0.772
0.84
0.844
0.848
0.776
0.8174175
0.804
0.824
0.844
0.832
0.772
0.788
0.856
0.888
0.892
0.796
0.78
0.808
0.812
0.8
0.748
0.812
0.836
0.784
0.748
0.8138444
0.764
0.716
0.748
0.74
0.732
0.7
0.68
0.664
0.724
0.936
0.948
0.908
0.824
0.9021951
0.876
0.784
0.768
0.804
0.856
0.88
0.82
0.908
0.98
0.952
0.84
0.904
0.912
0.86
0.8420858
0.82
0.816
0.772
0.756
0.8
0.9
0.936
0.86
0.884
0.936
0.944
0.876
0.816
0.84
0.884
0.864
0.8664995
0.78
0.764
0.784
0.812
0.832
0.808
0.912
1.048
1.044
0.948
0.832
0.892
0.916
0.876
0.808
0.82
0.82
0.816
0.848
0.772
0.78
0.792
0.792
0.78
0.748
0.768
0.776
0.784
0.74
0.8479076
0.744
0.7
0.676
0.708
0.748
0.816
0.792
0.752
0.812
0.812
0.748
0.704
0.712
0.76
0.696
0.728
0.788
0.776
0.792
0.728
0.712
0.744
0.764
0.764
0.764
0.8479702
0.7
0.716
0.724
0.74
0.7
0.696
0.752
0.828
0.832
0.788
0.748
0.824
0.84
0.844
0.752
0.768
0.78
0.792
0.756
0.74
0.796
0.832
0.828
0.9483009
0.788
0.8
0.78
0.74
0.748
0.812
0.884
0.792
0.776
0.832
0.904
0.896
0.8366458
0.8
0.784
0.8
0.752
0.764
0.828
0.904
0.932
0.86
0.84
0.888
0.888
0.884
0.804
0.816
0.812
0.82
0.832
0.776
0.796
0.816
0.824
0.784
0.9602964
0.796
0.784
0.748
0.732
0.776
0.84
0.904
0.88
0.7449812
0.864
0.84
0.84
0.78
0.768
0.812
0.808
0.732
0.704
0.716
0.744
0.716
0.72
0.776
0.824
0.828
0.8958943
0.82
0.836
0.84
0.764
0.784
0.8
0.848
0.852
0.792
0.828
0.884
0.924
0.884
0.812
0.84
0.844
0.836
0.768
0.788
0.828
0.868
0.88
0.864583
0.824
0.816
0.792
0.736
0.8
0.868
0.904
0.8714833
0.884
0.883111
0.804
0.792
0.816
0.82
0.772
0.844
0.896
0.908
0.884
0.8
0.832
0.856
0.836
0.78
0.788
0.828
0.864
0.892
0.808
0.804
0.832
0.832
0.832
0.788
0.76
0.796
0.816
0.812
0.756
0.752
0.772
0.808
0.832
0.76
0.768
0.824
0.852
0.856
0.8233078
0.816
0.804
0.8353945
0.768
0.776
0.788
0.752
0.776
0.852
0.928
0.924
0.7877236
0.884
0.852
0.776
0.8
0.82
0.832
0.784
0.808
0.844
0.848
0.788
0.78
0.808
0.824
0.828
0.764
0.768
0.8
0.788
0.788
0.744
0.785385
0.788
0.784
0.736
0.752
0.788
0.82
0.776
0.764
0.828
0.892
0.86
0.792
0.8830173
0.788
0.736
0.76
0.792
0.836
0.776
0.8
0.9
0.952
0.928
0.828
0.872
0.912
0.9
0.808
0.808
0.824
0.84
0.828
0.8944993
0.788
0.78
0.764
0.748
0.808
0.864
0.856
0.816
0.88
0.924
0.916
0.836
0.856
0.872
0.868
0.804
0.808
0.836
0.868
0.84
0.78
0.816
0.812
0.812
0.772
0.756
0.816
0.848
0.824
0.764
0.8686606
0.788
0.78
0.748
0.752
0.772
0.748
0.72
0.688
0.688
0.93045
0.828
0.88
0.808
1.010062
0.808
0.82
0.756
0.776
0.844
0.88
0.884
0.764
0.8317647
0.844
0.796
0.836
0.844
0.88
0.876
0.812
0.88
0.904
0.908
0.812
0.832
0.848
0.78
0.7046681
0.784
0.796
0.804
0.76
0.756
0.78
0.764
0.736
0.712
0.708
0.748
0.736
0.74
0.776
0.796
0.816
0.772
0.9389132
0.78
0.776
0.748
0.74
0.808
0.852
0.848
0.828
0.784
0.818718
0.86
0.756
0.764
0.764
0.792
0.808
0.76
0.832
0.844
0.844
0.792
0.764
0.8
0.804
0.804
0.748
0.74
0.748
0.704
0.676
0.664
0.8211852
0.9418193
0.804
0.744
0.776
0.816
0.836
0.836
0.764
0.8499123
0.784
0.76
0.732
0.7841848
0.816
0.816
0.764
0.882981
0.812
0.78
0.748
0.776
0.864
0.876
0.824
0.8606715
0.816
0.772
0.736
0.78
0.816
0.848
0.808
0.816
0.908
0.952
0.8710935
0.86
0.84
0.8
0.76
0.78
0.808
0.852
0.876
0.804
0.852
0.884
0.912
0.852
0.784
0.812
0.784
0.7
0.708
0.72
0.724
0.72
0.7
0.684
0.712
0.792
0.808
0.844
0.84
0.8981275
0.78
0.78
0.768
0.776
0.76
0.748
0.784
0.816
0.852
0.836
0.82
0.784
0.828
0.828
0.836
0.828
0.768
0.8449519
0.78
0.78
0.748
0.78
0.792
0.804
0.74
0.808
0.828
0.848
0.808
0.752
0.796
0.808
0.82
0.828
0.772
0.76
0.796
0.792
0.84
0.788
0.812
0.86
0.86
0.812
0.76
0.808
0.824
0.836
0.78
0.816
0.832
0.864
0.804
0.9161879
0.796
0.796
0.78
0.744
0.8552819
0.816
0.816
0.772
0.8
0.868
0.92
0.872
0.808
0.836
0.8940637
0.792
0.76
0.744
0.752
0.792
0.792
0.776
0.72
0.9478307
0.7
0.712
0.756
0.752
0.76
0.792
0.888
0.892
0.824
0.764
0.796
0.796
0.804
0.784
0.74
0.78
0.796
0.82
0.828
0.776
0.764
0.808
0.848
0.844
0.788
0.9011027
0.772
0.772
0.748
0.724
0.768
0.912
0.92
0.852
0.856
0.932
0.944
0.924
0.8475101
0.852
0.816
0.808
0.756
0.78
0.812
0.844
0.816
0.772
0.784
0.824
0.84
0.788
0.76
0.9513285
0.764
0.724
0.744
0.768
0.776
0.78
0.728
0.732
0.704
0.692
0.736
0.824
0.852
0.792
0.872
0.912
0.892
0.804
0.836
0.896
0.912
0.9
0.796
0.84
0.852
0.868
0.792
0.816
0.852
0.836
0.876
0.876
0.828
0.84
0.88
0.804
0.9409137
0.792
0.8
0.748
0.909691
0.76
0.764
0.712
0.8880106
0.68
0.668
0.784
0.888
0.92
0.94
0.952
0.96
0.924
0.876
0.772
0.732
0.8274628
0.764
0.784
0.8
0.852
0.848
0.804
0.856
0.868
0.86
0.904
0.844
0.804
0.872
0.904
0.9
0.9680819
0.836
0.828
0.824
0.776
0.804
0.844
0.888
0.904
0.832
0.868
0.872
0.8305512
0.792
0.792
0.8
0.82
0.86
0.824
0.876
0.976
1
0.96
0.852
0.92
0.936
0.876
1.027257
0.784
0.764
0.752
0.728
0.788
0.848
0.896
0.816
0.828
0.884
0.904
0.86
0.804
0.84
0.856
0.864
0.84
0.9817476
0.804
0.804
0.76
0.744
0.792
0.852
0.904
0.832
0.84
0.928
0.928
0.8576499
0.832
0.816
0.804
0.812
0.768
0.8021701
0.944
0.864
0.908
0.928
0.932
0.8245739
0.84
0.832
0.792
0.796
0.876
0.912
0.84
0.88
0.908
0.968
0.8929428
0.796
0.796
0.768
0.772
0.872
0.952
0.92
0.8577167
0.908
0.892
0.812
0.86
0.856
0.864
0.796
0.836
0.844
0.852
0.792
0.816
0.816
0.82
0.772
0.8510498
0.8
0.748
0.756
0.784
0.816
0.828
0.8
0.784
0.824
0.872
0.888
0.836
0.888
0.916
0.916
0.816
0.832
0.816
0.832
0.772
0.8091343
0.82
0.86
0.848
0.792
0.84
0.848
0.864
0.8731795
0.84
0.824
0.792
0.756
0.812
0.864
0.94
0.94
0.852
0.892
0.888
0.916
0.884
0.8215672
0.824
0.804
0.78
0.76
0.812
0.868
0.7596689
0.784
0.804
0.836
0.82
0.796
1.004
1.008
0.928
0.808
0.808
0.792
0.772
0.724
0.7
0.724
0.736
0.724
0.788
0.824
0.852
0.844
0.776
0.796
0.824
0.824
0.84
0.792
0.8
0.856
0.88
0.828
0.768
0.804
0.804
0.812
0.852
0.812
0.78
0.84
0.872
0.88
0.8520949
0.832
0.824
0.76
0.768
0.844
0.936
0.832
0.86
0.94
0.96
0.872
0.892
0.9
0.892
0.888
0.808
0.9444616
0.764
0.792
0.808
0.756
0.756
0.816
0.884
0.892
0.804
0.812
0.86
0.896
0.864
0.8401747
0.804
0.816
0.832
0.792
0.82
0.872
0.9239302
0.832
0.816
0.852
0.868
0.82
0.808
0.896
0.964
0.944
0.86
0.92
0.924
0.7682545
0.812
0.788
0.804
0.812
0.768
0.776
0.856
0.94
0.9
0.836
0.904
0.916
0.896
0.816
0.864
0.88
0.896
0.824
0.872
0.884
0.892
0.848
0.804
0.872
0.9
0.896
0.892
0.816
0.82
0.84
0.852
0.788
0.8814999
0.816
0.804
0.76
0.796
0.832
0.856
0.804
0.828
0.88
0.896
0.82
0.868
0.9
0.88
0.812
0.9239815
0.816
0.752
0.9090253
0.78
0.768
0.744
0.808
0.864
0.896
0.82
0.876
0.892
0.884
0.804
0.8
0.808
0.8
0.764
0.724
0.72
0.684
0.676
0.688
0.74
0.712
0.736
0.764
0.808
0.832
0.772
0.772
0.8
0.808
0.828
0.764
0.76
0.776
0.8
0.804
0.812
0.756
0.76
0.804
0.836
0.836
0.776
0.808
0.832
0.824
0.78
0.812
0.84
0.88
0.812
0.852
0.888
0.876
0.8
0.9038054
0.824
0.728
0.704
0.692
0.756
0.968
0.952
0.8525915
0.856
0.868
0.864
0.852
0.788
0.844
0.864
0.868
0.876
0.839533
0.816
0.828
0.828
0.784
0.788
0.868
0.928
0.8285777
0.872
0.9092598
0.828
0.776
0.864
0.984
0.98
0.884
0.952
0.98
0.92
0.868
0.876
0.816
0.748
0.784
0.824
0.88
0.904
0.896
0.844
0.792
0.852
0.86
0.784
0.768
0.788
0.812
0.852
0.844
0.772
0.776
0.792
0.804
0.784
0.756
0.764
0.728
0.704
0.712
0.76
0.756
0.748
0.796
0.816
0.848
0.824
0.772
0.792
0.828
0.844
0.86
0.792
0.804
0.848
0.852
0.828
0.784
0.82
0.84
0.832
0.768
0.812
0.82
0.816
0.748
0.772
0.828
0.856
0.888
0.876
0.852
0.756
0.748
0.784
0.844
0.86
0.8456739
0.8
0.812
0.792
0.756
0.812
0.9
0.94
0.852
0.868
0.936
0.952
0.8792494
0.868
0.852
0.796
0.832
0.928
1.04
0.94
0.8966116
0.964
1.044601
0.908
0.884
0.78
0.812
0.84
0.872
0.848
0.924
0.808
0.8699043
0.784
0.792
0.776
0.768
0.756
0.724
0.9329375
0.712
0.72
0.856
0.748
0.716
0.788
0.848
0.86
0.88
0.88
0.8
0.848
0.848
0.868
0.876
0.88
0.88
0.872
0.82
0.796
0.832
0.836
0.84
0.792
0.828
0.8
0.816
0.82
0.848
0.796
0.852
0.816
0.848
0.876
0.872
0.876
0.852
0.812
0.772
0.74
0.716
0.744
0.768
0.788
0.76
0.764
0.776
0.744
0.724
0.712
0.716
0.704
0.712
0.712
0.788
0.648
0.716
0.716
0.684
0.732
0.752
0.632
0.712
0.784
0.66
0.728
0.724
0.9279597
0.844
0.8549891
1.18
1.008
0.712
0.748
0.9181831
1.024967
0.736
0.716
0.752
0.736
0.748
0.788
0.772
0.74
0.952
0.9561405
0.724
0.728
0.724
0.716
0.712
0.712
0.688
0.708
0.736
0.748
0.76
0.788
0.788
0.756
0.736
0.9289894
0.712
0.684
0.692
0.712
0.78
0.844
0.916
0.8972205
0.836
0.844
0.868
0.892
0.912
0.924
0.824
0.88
0.92
0.7835372
0.8
0.792
0.8
0.804
0.816
0.8
0.94
0.996
0.996
1.008727
0.836
0.82
0.826635
0.764
0.784
0.82
0.908
0.948
0.88
0.856
0.98
0.9824512
0.816
0.828
0.836
0.816
0.76
1.065354
0.796
0.812
0.864
0.824
0.784
0.824
0.888
0.896
0.830303
0.788
0.732
0.716
0.696
0.7
0.736
0.728
0.784
0.82
0.904
0.884
0.812
0.856
0.88
0.916
0.9828697
0.832
0.8
0.82
0.804
0.776
0.872
0.916
0.928
0.856
0.9159539
0.888
0.844
0.796
0.852
0.884
0.92
0.928
0.856
0.888
0.908
0.952
0.916
0.836
0.84
0.864
0.876
0.824
0.776
0.8
0.8254639
0.848
0.768
0.772
0.808
0.828
0.88
0.8300479
0.848
0.776
0.796
0.828
0.804
0.772
0.8244414
0.752
0.8999258
0.72
0.748
0.796
0.884
0.812
0.816
0.932
0.956
0.864
0.856
0.908
0.948
0.8352459
0.86
0.9866456
0.796
0.808
1.086197
0.796
0.8479335
0.9939985
1.004
0.9927853
0.9620926
0.796
0.876
0.82
0.8679402
0.804
0.9305888
0.804
0.796
0.8
0.82
0.776
0.804
0.88
0.9195866
0.9789764
0.884
0.9132154
0.764
1.00825
0.9131685
1.013649
0.976
0.976
0.884
0.8658651
0.896
0.8
0.816
0.868
0.824
0.78
0.812
0.884
0.884
0.816
0.8513872
0.828
0.756
0.768
1.168292
0.9108989
0.8
0.692
1.196
0.961353
0.876
0.844
0.796
0.804
0.892
0.9853557
0.824
0.872
0.9
0.916
0.836
0.836
0.876
0.884
0.9067914
0.816
0.9772731
0.784
0.9669256
0.864
0.892
0.828
0.932
1.02
0.92
0.868
0.924
0.928
0.84
0.848
0.9261572
0.844
0.772
0.804
0.884
0.888
0.844
0.968
1.036
1.016
0.94
0.996
0.996
0.916
0.812
0.836
0.828
0.772
0.9464099
0.696
0.756
0.848
0.876
0.844
0.792
0.872
0.908
0.9
0.808
0.84
0.836
0.82
0.78
0.844
0.92
0.924
0.84
0.9
0.956
0.9399473
0.872
0.876
0.816
0.796
0.932
1.008
1.092298
0.936
0.98
0.948
0.872
0.944
0.96
0.94
0.856
0.9
0.924
0.928
0.832
0.828
0.932
0.976
0.908
0.852
0.9
0.92
0.876
0.808
0.856
0.892
0.908
0.9
0.8908747
0.816
0.8659523
0.776
0.744
0.816
0.94
0.964
0.884
0.968
1
0.928
0.84
0.872
0.888
0.808
0.82
0.892
0.932
0.844
0.9460444
0.86
0.796
0.812
0.884
0.896
0.852
0.94
1.012
0.992
0.936
0.852
0.896
0.916
0.916
0.852
0.84
0.908
0.9654788
0.78
0.9743724
0.7
0.9114169
0.728
0.812
1.052
0.924
0.872
0.94
0.932
0.808
0.76
0.8689435
1.032681
0.9191865
0.692
0.8828995
0.792
0.824
0.844
0.836
0.848
0.776
0.927235
0.704
0.672
1.28
0.644
0.88
0.924
0.896
0.804
0.856
0.94
0.904
0.892
0.888
0.9300623
0.712
0.752
0.868
0.852
1.022066
0.82
0.86
0.884
0.928
0.932
0.952
0.896
0.9499339
0.868
0.856
0.856
0.844
0.796
0.788
0.804
0.792
0.776
0.8
0.992
1.272
0.748
0.792
0.848
1.2
1.216
0.816
0.8
0.9970113
0.824
0.764
0.792
0.852
0.9087855
0.95901
0.728
0.752
0.8
0.748
0.772
0.8
0.8
0.752
1.152
1.156
0.9209933
0.9504892
0.668
0.66
0.684
0.736
0.776
0.892
0.94
0.8807107
0.8514569
0.916
0.856
0.868
0.828
0.888
1.084141
0.86
0.904
0.916
0.964
0.912
0.892
0.904
0.92
0.952
0.976
0.985577
0.828
0.796
0.844
0.856
0.888
0.8550538
0.852
0.912
0.908
0.9
0.808
0.828
0.848
0.86
0.788
0.824
0.852
0.88
0.864
0.868
0.824
0.8
0.84
0.876
0.8993532
0.836
0.872
0.88
0.868
0.804
0.832
0.852
0.832
0.776
0.852
0.892
0.876
0.808
0.8582529
0.84
0.76
0.736
0.72
0.72
0.692
0.732
0.936
0.828
0.808
1.095817
1.033379
0.84
0.832
0.836
0.852
0.756
0.756
0.884
0.82
0.896
0.916
0.956
0.816
0.84
0.768
0.796
0.804
0.772
0.728
0.74
0.712
0.72
0.732
0.724
0.9208434
0.704
0.72
0.744
0.728
0.9773878
0.684
0.668
0.7
0.684
0.692
0.668
0.684
0.756
0.8
0.828
0.832
0.9091466
0.804
0.764
0.744
0.776
0.756
0.82
0.956
1
0.904
0.908
0.936
0.908
0.856
0.784
0.736
0.732
0.78
0.82
0.852
0.884
0.82
0.848
0.916
0.96
0.964
0.944
0.88
0.832
0.884
0.96
0.964
0.924
0.872
0.892
0.944
0.968
0.928
0.868
0.864
0.9016985
0.908
0.796
0.796
0.844
1.112
0.828
0.872
1.084
0.98
0.832
0.908
0.928
0.956
0.952
0.848
0.864
0.864
0.776
0.732
0.708
0.792
0.848
0.884
0.82
0.888
0.844
0.8775205
0.732
0.696
0.8909274
0.808
0.844
0.768
0.728
0.788
0.84
0.872
0.844
0.836
0.888
0.948
1.047981
0.924
0.92
0.876
0.844
0.96
1.024
1.016
1
0.912
0.936
0.968
0.948
0.944
0.848
0.876
0.876
0.9266339
0.812
0.8
0.824
0.868
0.892
0.9383568
0.944
0.92
0.916
0.844
0.884
0.912
0.932
0.916
0.9464199
0.872
0.796
0.852
0.88
0.9
1.015553
0.856
0.864
0.872
0.836
0.8
0.88
0.916
0.972
0.944
0.864
0.904
0.912
0.8915462
0.804
0.792
0.8
0.828
0.868
0.86
0.876
1.004
1
0.876
0.952
0.96
0.928
0.84
0.816
0.848
0.888
0.852
0.784
0.824
0.812
0.836
0.768
0.772
0.74
0.716
0.7
0.68
0.696
0.752
0.824
0.848
0.804
0.788
0.856
0.868
0.892
0.824
0.78
0.816
0.824
0.844
0.82
0.764
0.816
0.828
0.872
0.808
0.8530987
0.832
0.804
1.040499
0.772
0.82
0.828
0.772
0.848
0.916
0.892
0.808
0.86
0.884
0.844
0.78
0.804
0.808
0.816
0.744
0.764
0.732
0.708
0.68
0.664
0.7
0.744
0.796
0.82
0.752
0.752
0.816
0.876
0.836
0.752
0.78
0.78
0.772
0.76
0.752
0.712
0.704
0.76
0.816
0.82
0.816
0.748
0.8853567
0.756
0.752
0.776
0.732
0.712
0.744
0.852
0.844
0.88
0.808
0.768
0.808
0.84
0.872
0.832
0.772
0.804
0.828
0.876
0.872
0.824
0.844
0.9
0.924
0.932
0.8615024
0.9
0.8250715
0.816
0.848
0.932
0.912
0.868
1
1.04
0.96
0.868
0.96
0.976
0.972
0.868
0.9
0.952
0.972
0.912
0.86
0.944
0.8185196
0.912
0.796
0.8
0.836
0.928
0.864
0.896
1.108
1.036
0.928
0.904
0.936
0.932
0.92
0.856
0.884
0.924
0.944
0.9
0.86
0.92
0.936
0.936
0.924
0.868
0.8645322
0.904
0.852
0.836
0.888
0.9476693
0.848
0.9
0.952
0.952
0.884
0.876
1
0.984
0.92
0.84
0.868
0.876
0.796
0.9802502
0.9517996
0.768
0.8
0.74
0.788
0.88
0.928
0.896
0.812
0.8751631
0.796
0.74
0.768
0.788
0.824
0.788
0.9040262
0.908
0.84
0.9
0.944
0.92
0.852
0.876
0.904
0.88
0.824
0.84
0.872
0.88
0.864
0.808
0.84
0.848
0.86
0.796
0.792
0.848
0.86
0.868
0.8473168
0.824
0.824
0.8460992
0.796
0.816
0.864
0.828
0.924
0.944
0.932
0.852
0.9578967
0.848
0.788
0.816
0.836
0.896
0.84
0.8234987
0.924
1.032395
0.856
0.844
0.792
0.812
0.86
0.896
0.828
0.848
0.876
0.888
0.808
0.844
0.86
0.824
0.776
0.808
0.804
0.816
0.752
0.76
0.78
0.8
0.804
0.76
0.768
0.784
0.792
0.792
0.756
0.736
0.764
0.788
0.792
0.776
0.728
0.756
0.748
0.74
0.688
0.672
0.648
0.664
0.716
0.844
0.828
0.8841506
0.808
0.812
0.824
0.788
0.776
0.824
0.856
0.848
0.824
0.928
0.968
0.908
0.824
0.872
0.892
0.9039846
0.82
0.8367068
0.816
0.768
0.856
1.004
0.968
0.864
0.948
0.988
0.944
0.852
0.892
0.94
0.8469112
0.788
0.804
0.808
0.876
0.92
0.884
1.032
1.048
0.924
0.892
0.876
0.832
0.756
0.708
0.7
0.752
0.804
0.788
0.764
0.756
0.8
0.828
0.852
0.836
0.7920352
0.832
0.84
0.864
0.82
0.8713261
0.92
0.944
0.948
0.916
0.828
0.904
0.952
0.92
0.856
0.912
0.94
0.936
0.844
0.884
0.912
0.944
0.9
0.824
0.864
0.876
0.88
0.804
0.872
0.9
0.888
0.808
0.852
0.872
0.896
0.828
0.824
0.86
0.9103239
0.776
0.9034638
0.804
0.8254438
0.868
0.8247501
0.852
0.868
0.916
0.86
0.808
0.852
0.876
0.88
0.8440431
0.844
0.84
0.856
0.864
0.9842019
0.836
0.812
0.792
0.864
0.86
0.7983261
0.828
0.808
0.788
0.752
0.732
0.716
0.704
0.764
0.908
0.9
0.82
0.884
0.844
0.8645283
0.856
0.776
0.74
0.768
0.804
0.86
0.92
0.964
0.992
0.88
0.9
0.956
1
0.96
0.872
0.868
0.904
0.952
0.96
0.9
0.836
0.896
0.96
0.976
0.98
0.872
0.904
0.94
0.956
0.944
0.86
0.864
0.9
0.924
0.928
0.872
0.816
0.852
0.872
1.007994
0.756
0.728
0.8668197
0.7781648
0.8270195
0.888
0.872
0.836
0.856
0.94
0.964
0.9075575
0.824
0.868
0.904
0.948
0.98
0.896
0.916
1.04
0.992
0.928
0.872
0.916
0.96
0.952
0.848
0.796
0.86
0.864
0.86
0.8
0.8
0.848
0.856
0.852
0.804
0.816
0.828
0.776
0.756
0.764
0.78
0.812
0.8454851
0.764
0.772
0.724
0.7
0.7
0.696
0.824
0.728
0.812
0.872
0.884
0.964
1
1
0.988
0.848
0.828
0.86
0.892
0.94
0.932
0.848
0.852
0.884
0.92
0.908
0.824
0.856
0.88
0.904
0.82
0.856
0.88
0.892
0.872
0.796
0.848
0.86
0.8307664
0.82
0.82
0.776
0.816
0.876
0.912
0.912
0.824
0.88
0.912
0.884
0.8
0.86
0.888
0.844
0.852
0.82
0.76
0.788
0.764
0.72
0.712
0.696
0.684
0.7
0.724
0.756
0.736
0.752
0.78
0.784
0.748
0.82
0.852
0.844
0.8445045
0.756
0.776
0.812
0.728
0.684
0.696
0.696
0.688
1.056
0.976
0.968
0.952
0.944
0.932
0.912
0.892
0.884
0.792
0.736
0.728
0.748
0.72
0.772
0.78
0.828
0.836
0.84
0.836
0.8738072
0.792
0.78
0.8
0.816
0.776
0.784
0.804
0.796
0.804
0.816
0.812
0.8
0.764
0.728
0.692
0.712
0.74
0.768
0.796
0.78
0.752
0.784
0.792
0.812
0.752
0.764
0.788
0.812
0.812
0.792
0.836
0.852
0.816
0.9785777
0.8
0.784
0.8
0.756
0.752
0.78
0.768
0.748
0.868
0.868
0.84
0.78
0.764
0.8
0.776
0.736
0.768
0.744
0.772
0.76
0.744
0.716
0.744
0.776
0.744
0.708
0.736
0.744
0.772
0.776
0.784
0.768
0.748
0.756
0.784
0.784
0.772
0.756
0.72
0.772
0.8585669
0.78
1.2
0.9407879
0.936
0.732
0.9090457
0.748
0.768
0.712
0.8565703
0.764
0.7566474
0.76
0.784
0.776
0.836
0.808
0.84
0.808
0.848
0.812
0.8
0.796
0.788
0.804
0.796
0.784
0.772
0.764
0.76
0.736
0.772
0.776
0.792
0.796
0.808
0.788
0.784
0.772
0.74
0.728
0.72
0.748
0.784
0.792
0.776
0.744
0.788
0.768
0.784
0.792
0.808
0.812
0.816
0.8
0.8
0.796
0.796
0.812
0.808
0.82
0.82
0.808
0.796
0.796
0.808
0.824
0.844
0.852
0.812
0.844
0.84
0.82
0.82
0.816
0.808
0.792
0.784
0.756
0.808
0.848
0.856
0.856
0.8
0.792
0.808
0.8
0.788
0.772
0.736
0.764
0.776
0.8
0.788
0.76
0.82
0.828
0.82
0.808
0.744
0.716
0.716
0.692
0.676
0.708
0.744
0.756
0.708
0.74
0.78
0.788
0.792
0.792
0.792
0.748
0.764
0.772
0.788
0.784
0.732
0.7
0.712
0.704
0.684
0.672
0.664
0.648
0.712
0.772
0.724
0.708
0.688
0.732
0.772
0.772
0.788
0.792
0.8
0.812
0.808
0.824
0.804
0.796
0.756
0.788
0.8
0.82
0.804
0.816
0.816
0.784
0.768
0.804
0.824
0.824
0.836
0.84
0.768
0.784
0.816
0.828
0.832
0.824
0.784
0.8
0.812
0.824
0.832
0.788
0.796
0.808
0.82
0.828
0.832
0.788
0.792
0.828
0.848
0.844
0.8316685
0.76
0.76
0.76
0.776
0.848
0.82
0.904
1.008
0.976
0.936
0.86
0.896
0.896
0.876
0.856
0.828
0.8349381
0.768
0.732
0.748
0.732
0.792
0.912
0.972
0.972
0.948
0.872
0.936
0.924
0.876
0.876
0.812
0.788
0.832
0.84
0.872
0.828
0.804
0.868
0.888
0.912
0.832
0.844
0.8745194
0.812
0.756
0.768
0.772
0.788
0.808
0.784
0.74
0.712
0.724
0.796
0.852
0.864
0.844
0.792
0.836
0.86
0.852
0.864
0.8
0.824
0.852
0.884
0.896
0.9643861
0.836
1.034394
0.844
0.84
0.86
0.816
0.864
0.932
0.964
0.884
0.888
0.892
0.904
0.824
0.796
0.832
0.82
0.86
0.808
0.8
0.864
0.983241
0.844
0.788
0.788
0.816
0.896
0.932
0.892
0.908
0.992
0.96
0.932
0.876
0.888
0.904
0.932
0.9
0.84
0.852
0.896
0.936
0.932
0.908
0.848
0.852
0.844
0.848
0.796
0.792
0.832
0.904
0.8668408
0.852
0.856
0.848
0.844
0.7528739
0.804
0.816
0.848
0.856
0.836
0.8494526
0.86
0.812
0.836
0.86
0.856
0.876
0.908
0.8835013
0.832
0.82
0.76
0.804
0.836
0.836
0.764
0.784
0.828
0.864
0.848
0.784
0.792
0.824
0.86
0.856
0.784
0.812
0.836
0.872
0.884
0.804
0.804
0.836
0.844
0.884
0.884
0.828
0.832
0.884
0.908
0.932
0.928
0.928
0.856
0.808
0.844
0.864
0.876
0.9398356
0.856
0.856
0.896
0.904
0.9486732
0.876
0.876
0.892
0.964
0.948
0.828
0.792
0.88
0.936
0.932
0.824
0.792
0.868
0.884
0.752
0.736
0.716
0.692
0.9315327
0.7853209
0.764
0.82
0.828
0.84
0.776
0.804
0.832
0.824
0.828
0.84
0.8
0.804
0.844
0.852
0.856
0.864
0.808
0.78
0.812
0.82
0.812
0.772
0.796
0.828
0.86
0.848
0.796
0.844
0.868
0.876
0.9480598
0.844
0.8571687
0.86
0.816
0.892
0.976
1.008
0.932
0.976
0.948
0.94
0.916
0.872
0.932
0.976
0.972
0.976
0.924
0.924
0.94
0.912
0.892
0.932
0.9
0.868
0.88
0.888
0.884
0.828
0.856
0.9
0.9060164
0.852
0.816
0.768
0.804
0.832
0.9000048
0.912
0.832
0.816
0.932
0.956
0.9259332
0.848
0.8978841
0.772
0.8
0.832
0.84
0.788
0.732
0.748
0.828
0.98
0.844
0.772
0.744
0.76
0.8
0.832
0.856
0.796
0.8
0.848
0.872
0.9
0.832
0.848
0.86
0.864
0.856
0.808
0.848
0.872
0.88
0.7840229
0.86
0.84
0.792
0.872
0.928
0.932
0.936
0.936
0.944
0.944
0.908
0.832
0.864
0.936
1.032
1.04
0.96
0.98
0.9561417
0.908
0.836
0.812
0.876
0.98
0.996
0.976
0.904
0.94
0.996
0.992
0.908
0.952
0.964
0.976
0.892
0.832
0.868
0.868
0.86
0.864
0.864
0.792
0.9347115
0.796
0.8
0.8892069
0.78
0.9164484
0.828
0.792
0.864
0.924
0.96
0.872
0.924
0.928
0.964
0.92
0.868
0.924
0.936
0.908
0.92
0.852
0.856
0.884
0.912
0.912
0.924
0.852
0.796
0.864
0.9
0.812
0.792
0.908
0.908
0.824
0.828
0.892
0.916
0.896
0.792
0.784
0.728
0.708
0.9208702
0.927044
1.027017
0.8961779
0.816
0.836
0.744
0.736
0.772
0.8
0.724
0.74
0.74
0.752
0.764
0.776
0.784
0.772
0.752
0.784
0.788
0.78
0.804
0.756
0.78
0.788
0.8
0.9245772
0.744
0.72
0.7
0.68
0.668
0.68
0.812
0.84
0.812
0.88
1.008
1.008
0.984
0.944
0.988
0.964
0.944
0.912
0.848
0.916
0.932
0.928
0.94
0.868
0.916
0.928
0.94
0.932
0.9
0.908
0.964
0.924
0.912
0.96
0.904
0.928
0.936
0.928
0.924
0.876
0.856
0.92
0.94
0.908
0.852
0.864
0.9
0.928
0.884
0.872
0.94
0.932
0.932
0.836
0.856
0.824
0.852
0.868
0.808
0.864
0.876
0.892
0.884
0.812
0.816
0.864
0.872
0.9974394
0.82
0.8
0.816
0.828
0.792
0.8
0.94
1.024
1.016
0.968
0.896
0.916
0.912
0.928
0.828
0.808
0.856
0.876
0.86
0.9
0.92
0.956
0.916
0.836
0.772
0.804
0.86
0.888
0.804
0.8
0.864
0.78
0.744
0.74
0.724
0.732
0.78
0.808
0.736
0.748
0.796
0.86
0.9904595
0.764
0.76
0.764
0.752
0.72
0.712
0.9970122
0.8757943
0.764
0.816
0.864
0.864
0.816
0.872
0.904
0.912
0.904
0.844
0.884
0.9
0.928
0.924
0.924
0.852
0.872
0.908
0.896
0.796
0.756
0.824
0.94
0.956
0.948
0.924
0.84
0.824
0.844
0.896
0.924
0.904
0.848
0.916
0.932
0.976
0.952
0.94
0.884
0.832
0.852
0.86
0.884
0.888
0.856
0.812
1.058145
0.9
0.848
0.876
0.9
0.924
0.921997
0.848
0.88
0.884
0.936
0.976
0.896
0.9
0.912
0.908
0.896
0.904
0.916
0.868
0.856
0.88
0.9
0.908
0.86
0.828
0.792
0.812
0.792
0.732
0.824
0.968
0.96
0.84
0.836
0.912
0.948
0.928
0.856
0.928
0.992
0.984
0.956
0.892
0.94
0.956
0.932
0.916
0.856
0.884
0.952
0.98
0.964
0.932
0.844
0.82
0.856
0.904
0.904
0.832
0.852
0.952
0.98
0.96
0.868
0.856
0.912
0.956
0.916
0.96
0.956
0.948
0.956
0.916
0.856
0.812
0.872
0.944
1
1.012
0.94
1.049361
0.868
0.828
0.872
0.972
0.932
0.948
1.104
1.024
0.996
0.856
0.852
0.828
0.776
0.748
0.764
0.804
0.82
0.8226706
0.9191974
1.005663
0.936
0.964
0.936
0.812
0.82
0.844
0.852
0.86
0.864
0.864
0.812
0.856
0.932
0.952
0.928
0.876
0.872
0.9
0.924
0.936
0.86
0.832
0.884
0.916
0.928
0.852
0.844
0.892
0.8664992
0.812
0.852
0.9
0.932
0.8636696
0.912
0.916
0.952
0.96
0.888
0.944
0.96
0.968
0.928
0.86
0.876
0.876
0.852
0.82
0.8
0.868
0.9
0.784
0.84
0.892
0.916
0.8496122
0.868
0.84
0.812
0.772
0.784
0.864
0.912
0.892
1.024
1.024
0.992
0.9
0.94
0.948
0.944
0.884
0.944
1.008
1.02
0.8405691
0.924
0.896
0.832
0.888
0.98
1.04
0.956
0.952
1.004
0.968
1.004
0.8832225
0.952
0.932
0.924
0.852
0.856
0.888
0.96
0.876
0.944
1.04
0.996
0.904
0.972
0.948
0.916
0.856
0.904
0.972
0.952
0.848
0.856
0.876
0.892
0.816
0.86
0.896
0.964
0.928
0.9
0.992
1
0.972
0.904
0.956
0.948
0.924
0.856
0.824
0.88
0.932
0.948
0.88
0.944
0.92
0.936
0.856
0.796
0.856
0.876
0.904
0.84
0.852
0.896
0.932
0.934264
0.792
0.788
0.808
0.828
0.724
0.956
0.7688495
0.9254684
0.784
0.796
0.78
0.772
0.9973362
0.804
0.804
0.812
0.788
0.784
0.816
0.832
0.768
0.764
0.736
0.736
0.712
0.688
0.708
0.692
0.692
1.052929
0.78
0.784
0.8
0.812
0.82
0.828
0.836
0.82
0.82
0.816
0.776
0.776
0.776
0.784
0.736
0.788
0.824
0.82
0.82
0.8
0.792
0.752
0.768
0.756
0.72
0.704
0.692
0.68
0.72
0.704
0.744
0.816
0.84
0.772
0.872
0.856
0.864
0.848
0.792
0.78
0.812
0.816
0.828
0.828
0.788
0.9997097
0.816
0.812
0.9613398
0.784
0.776
0.816
0.788
0.836
0.98
0.96
0.856
0.904
0.94
0.9
0.824
0.776
0.832
0.84
0.872
0.84
0.812
0.868
0.892
0.892
0.7861275
0.808
0.792
0.772
0.756
0.752
0.864
0.996
0.84
0.936
0.992
1.016
0.964
0.852
0.888
0.896
0.9
0.888
0.82
0.856
0.8649
0.888
0.872
0.808
0.812
0.848
0.912
0.86
0.936
0.964
0.952
0.864
0.916
0.928
0.948
0.88
0.824
0.86
0.84
0.784
0.772
0.756
0.74
0.716
0.712
0.764
0.772
0.772
0.844
0.888
0.928
0.8817758
0.876
0.86
0.796
0.816
0.832
0.9559253
0.832
0.78
0.828
0.852
0.908
0.848
0.9
0.984
0.968
0.96
0.876
0.9
0.94
0.976
0.904
0.852
0.908
0.94
0.964
0.876
0.964
0.968
0.944
0.86
0.912
0.86
0.896
0.804
0.788
0.8
0.824
0.812
0.768
0.796
0.812
0.824
0.812
0.8980769
0.788
0.784
0.792
0.764
0.816
0.84
0.892
0.936
0.92
0.916
0.852
0.884
0.904
0.928
0.896
0.828
0.86
0.892
0.908
0.908
0.844
0.84
0.8163612
0.912
0.916
0.848
0.892
0.936
0.996
0.996
0.976
0.884
0.904
0.92
0.932
0.944
0.964
0.852
0.836
1.023043
0.836
0.796
0.848
0.952
1.048
1.024
0.94
1.004
1.016
0.952
0.932
0.876
0.816
0.872
0.792
0.748
0.744
0.772
0.836
0.752
0.724
0.756
0.756
0.74
0.816
0.884
0.928
0.844
0.84
0.864
0.88
0.9
0.884
0.82
0.856
0.88
0.9676479
0.82
0.836
0.86
0.908
0.944
0.94
0.892
0.828
0.892
0.908
0.836
0.852
0.908
0.936
0.928
0.848
0.916
0.956
0.928
0.932
0.984
0.98
0.956
0.916
0.844
0.852
0.856
0.864
0.9
0.856
0.92
0.908
0.9
0.856
0.868
0.868
0.872
0.832
0.864
0.864
0.848
0.812
0.84
0.852
0.852
0.892
0.86
0.804
0.848
0.848
0.868
0.9187397
0.752
0.764
0.768
0.808
0.764
0.784
1.116
1.044
0.992
0.948
1.032
1.012
1
0.9
0.924
0.892
0.908
0.812
0.744
0.74
0.772
0.864
0.824
0.828
0.896
0.796
0.796
0.8
0.84
0.82
0.828
0.764
0.78
0.752
0.728
0.708
0.732
0.784
0.788
0.756
0.792
0.824
0.836
0.86
0.876
0.804
0.828
0.816
0.82
0.836
0.8
0.788
0.832
0.844
0.82
0.824
0.764
0.756
0.764
0.776
0.808
0.824
0.816
0.9860908
0.76
0.792
0.772
0.808
0.828
0.812
0.804
0.9
0.948
0.984
0.884
0.952
0.964
0.944
0.892
0.908
0.924
0.904
0.88
0.828
0.872
0.876
0.8056249
0.76
0.716
0.688
0.696
0.78
0.76
0.816
0.912
0.952
0.9461237
0.856
0.872
0.868
0.9
0.844
0.876
0.98
1.012
1.004
0.904
1.008
1.008
0.976
0.884
0.912
0.94
0.944
0.956
0.896
0.948
0.936
0.924
0.844
0.796
0.9
0.8622385
0.876
0.972
1
0.94
0.844
0.92
0.968
0.944
0.856
0.968
0.968
0.876
0.888
0.912
0.912
0.824
0.816
0.816
0.76
0.744
0.72
0.9466536
0.894231
0.9430327
0.86
0.84
0.804
0.876
0.9
0.884
0.82
0.868
0.844
0.872
0.836
0.832
0.876
0.912
0.864
0.88
0.896
0.936
0.82
0.884
0.896
0.924
0.836
0.892
0.94
0.972
0.884
0.924
0.932
0.92
0.848
0.88
0.888
0.9916309
0.872
0.876
0.9
0.916
0.856
0.904
0.956
0.976
0.9
0.976
0.976
0.948
0.868
0.936
0.928
0.944
0.888
0.84
0.912
0.956
0.924
0.868
0.928
0.948
0.888
0.844
0.904
0.924
0.888
0.844
0.896
0.908
0.904
0.82
0.816
0.788
0.744
0.728
0.8970315
0.9680978
0.832
0.8
0.808
0.896
0.932
0.932
0.848
0.896
0.928
0.916
0.852
0.9
0.896
0.888
0.912
0.864
0.796
0.856
0.908
0.92
0.84
0.88
0.932
0.936
0.852
0.908
0.928
0.96
0.872
0.912
0.952
0.924
0.852
0.88
0.904
0.928
0.912
0.84
0.872
0.92
0.928
0.86
0.932
0.956
0.92
0.84
0.888
0.864
0.82
0.888
0.952
0.928
0.84
0.896
0.932
0.908
0.844
0.888
0.928
0.9
0.828
0.856
0.868
0.824
0.832
0.848
0.8103883
0.764
0.784
0.804
0.852
0.832
1.056
1.092
1.028
0.952
0.8428512
0.86
0.82
0.848
0.872
0.904
0.888
0.848
0.992
1.056
1.02
0.912
0.932
0.936
0.92
0.844
0.868
0.872
0.9
0.928
0.912
0.872
0.804
0.808
0.8
0.736
0.712
0.696
0.716
0.728
0.832
0.852
0.864
0.812
0.792
0.84
0.904
0.9990834
0.844
0.836
0.844
0.784
0.9185251
0.852
0.788
0.864
0.88
0.928
0.924
0.82
0.904
0.948
0.884
0.808
0.864
0.9
0.92
0.792
0.744
0.712
0.76
0.746765
0.828
0.764
0.816
0.876
0.98
0.952
0.892
0.932
0.972
0.972
0.868
0.912
0.924
0.876
0.848
0.928
0.964
0.936
0.844
0.896
0.924
0.932
0.856
0.872
0.892
0.924
0.924
0.844
0.848
0.852
0.88
0.836
0.832
0.92
0.928
0.908
0.84
0.908
0.944
0.932
0.844
0.856
0.856
0.832
0.792
0.852
0.892
0.896
0.848
0.912
0.944
0.912
0.836
0.872
0.868
0.7928002
0.804
0.804
0.808
0.776
0.8744411
0.932
0.932
0.896
0.964
0.964
0.932
0.836
0.876
0.876
0.856
0.804
0.856
0.9
0.896
0.896
0.832
0.776
0.8
0.812
0.8
0.832
0.796
0.784
0.844
0.868
0.892
0.804
0.812
0.8
0.756
0.72
0.692
0.684
0.72
0.768
0.812
0.812
0.76
0.832
0.824
0.808
0.768
0.812
0.808
0.824
0.768
0.772
0.8
0.736
0.712
0.708
0.692
0.8
0.844
0.74
0.776
0.848
0.892
0.9467104
0.848
0.868
0.824
0.792
0.864
0.928
0.944
0.864
0.932
0.968
0.96
0.88
0.936
0.924
0.84
0.912
0.956
0.88
0.864
0.908
0.948
0.84
0.888
0.872
0.864
0.852
0.816
0.76
0.772
0.776
0.796
0.848
0.808
0.784
0.82
0.84
0.852
0.856
0.796
0.816
0.836
0.848
0.86
0.808
0.816
0.86
0.92
0.936
0.856
0.904
0.92
0.932
0.928
0.88
0.856
0.884
0.888
0.872
0.808
0.824
0.792
0.74
0.728
0.76
0.732
0.84
0.864
0.9
0.82
0.852
0.876
0.9
0.812
0.816
0.84
0.884
0.844
0.808
0.852
0.84
0.8729351
0.772
0.784
0.808
0.852
0.796
0.896
1.044
0.988
0.876
0.996
0.988
0.932
0.852
0.924
0.932
0.868
0.824
0.868
0.9
0.904
0.848
0.888
0.904
0.928
0.936
0.916
0.84
0.84
0.816
0.9204733
0.808
0.76
0.796
0.8
0.872
0.852
0.768
0.764
0.744
0.76
0.74
0.704
0.712
0.752
0.728
0.72
0.772
0.812
0.836
0.808
0.776
0.824
0.852
0.940852
0.788
0.776
0.816
0.848
0.856
0.816
0.9900035
0.872
0.86
0.856
0.84
0.816
0.884
0.896
0.904
0.8751026
0.772
0.78
0.804
0.86
0.844
0.74
0.708
0.728
0.716
0.732
0.736
1.108
0.988
0.96
0.924
0.82
0.768
0.776
0.824
0.808
0.8646107
0.82
0.796
0.768
0.772
0.748
0.792
0.864
0.872
0.896
0.836
0.884
0.892
0.892
0.9
0.848
0.852
0.88
0.904
0.912
0.892
0.836
0.876
0.912
0.888
0.816
0.836
0.7413254
0.836
0.772
0.808
0.852
0.868
0.896
0.868
0.828
0.884
0.888
0.876
0.812
0.844
0.872
0.876
0.892
0.832
0.8695316
0.832
0.78
0.792
0.808
0.828
0.812
0.808
0.896
0.964
0.86
0.832
0.828
0.84
0.768
0.724
0.708
0.748
0.788
0.72
0.752
0.8
0.836
0.868
0.8197961
0.852
0.832
0.856
0.832
0.788
0.86
0.948
0.928
0.84
0.916
0.944
0.936
0.848
0.868
0.872
0.856
0.856
0.78
0.78
0.76
0.728
0.7
0.672
0.692
0.716
0.8
0.792
0.716
0.76
0.8
0.732
0.72
0.712
0.736
0.756
0.768
0.804
0.78
0.732
0.768
0.768
0.784
0.796
0.824
0.78
0.7885024
0.808
0.816
0.768
0.764
0.852
0.9
0.932
0.844
0.904
0.944
0.924
0.896
0.82
0.856
0.848
0.82
0.788
0.844
0.888
0.884
0.8437063
0.832
0.828
0.784
0.76
0.812
0.848
0.888
0.864
0.96
0.972
0.948
0.856
0.892
0.892
0.888
0.824
0.856
0.832
0.844
0.8
0.792
0.852
0.904
0.876
0.824
0.884
0.916
0.848
0.872
0.888
0.9267394
0.84
0.812
0.82
0.792
0.824
0.952
1.008
0.92
0.972
0.988
0.988
0.904
0.924
0.944
0.896
0.824
0.84
0.7144595
0.768
0.8245627
0.752
0.74
0.756
0.836
0.896
0.876
0.828
0.932
0.952
0.908
0.824
0.856
0.82
0.812
0.8623467
0.7912463
0.8775725
0.816
0.76
0.856
0.876
0.8
0.868
0.864
0.888
0.852
0.788
0.82
0.848
0.8826219
0.808
0.792
0.8
0.752
0.824
0.904
0.952
0.972
0.92
0.932
1.012
0.992
0.96
0.924
0.856
0.912
0.952
0.956
0.948
0.844
0.88
0.884
0.872
0.872
0.816
0.792
0.836
0.856
0.804
0.8
0.84
0.864
0.896
0.824
0.852
0.852
0.888
0.892
0.832
0.88
0.9
0.904
0.836
0.852
0.844
0.824
0.812
0.768
0.796
0.816
0.796
0.764
0.836
0.86
0.884
0.816
0.856
0.844
0.84
0.78
0.804
0.808
0.828
0.792
0.82
0.832
0.84
0.78
0.8
0.792
0.792
0.784
0.752
0.776
0.784
0.812
0.78
0.776
0.796
0.808
0.812
0.76
0.816
0.828
0.836
0.776
0.82
0.824
0.848
0.816
0.788
0.82
0.792
0.728
0.708
0.676
0.8494699
0.6782527
0.748
0.748
0.812
0.856
0.848
0.796
0.84
0.844
0.896
0.792
0.844
0.86
0.868
0.848
0.784
0.752
0.78
0.792
0.792
0.728
0.696
0.704
0.692
0.664
0.644
0.632
0.648
0.728
0.732
0.688
0.728
0.82
0.86
0.832
0.816
0.832
0.832
0.836
0.808
0.796
0.816
0.836
0.856
1.033026
0.768
0.776
0.776
0.812
0.848
0.892
0.86
0.984
1.004
0.976
0.864
0.824
0.84
0.816
0.812
0.756
0.812
0.8
0.808
0.78
0.752
0.78
0.784
0.812
0.812
0.772
0.832
0.824
0.856
0.808
0.784
0.8
0.788
0.784
0.732
0.764
0.752
0.772
0.768
0.724
0.772
0.772
0.8
0.744
0.744
0.816
0.82
0.86
0.784
0.812
0.808
0.8
0.764
0.756
0.776
0.796
0.792
0.756
0.78
0.784
0.808
0.812
0.756
0.8
0.808
0.808
0.76
0.772
0.772
0.792
0.78
0.748
0.784
0.792
0.78
0.748
0.776
0.768
0.776
0.78
0.736
0.716
0.74
0.736
0.752
0.72
0.704
0.76
0.76
0.768
0.728
0.716
0.728
0.756
0.768
0.776
0.772
0.732
0.7
0.684
0.668
0.656
0.644
0.676
0.72
0.68
0.708
0.74
0.744
0.764
0.72
0.752
0.752
0.752
0.712
0.692
0.688
0.684
0.7
0.704
0.704
0.688
0.684
0.696
0.708
0.72
0.736
0.768
0.756
0.728
0.756
0.776
0.816
0.812
0.772
0.756
0.808
0.816
0.816
0.812
0.772
0.8
0.832
0.856
0.864
0.796
0.836
0.856
0.848
0.788
0.788
0.816
0.836
0.832
0.784
0.836
0.848
0.868
0.796
0.824
0.828
0.856
0.788
0.788
0.828
0.852
0.78
0.792
0.86
0.828
0.8
0.772
0.728
0.692
0.668
0.704
0.764
0.812
0.764
0.736
0.792
0.816
0.828
0.788
0.76
0.796
0.808
0.84
0.804
0.764
0.82
0.836
0.86
0.808
0.78
0.844
0.86
0.812
0.764
0.812
0.84
0.848
0.812
0.8566662
0.812
0.804
0.844
0.776
0.816
0.876
0.892
0.92
0.9178641
0.848
0.816
0.844
0.852
0.812
0.908
1
0.992
0.876
0.916
0.952
0.892439
0.804
0.78
0.82
0.836
0.792
0.9
1.076
1.004
0.98
0.892
0.984
0.9462974
0.848
0.844
0.84
0.864
0.884
0.82
0.864
0.916
0.94
0.884
0.868
0.9
0.896
0.852
0.812
0.884
0.924
0.9329754
0.828
0.812
0.816
0.768
0.796
0.88
0.944
0.932
0.852
0.952
0.98
0.9
0.956
0.968
0.92
0.868
0.936
0.948
0.88
0.82
0.86
0.896
0.912
0.84
0.884
0.908
0.924
0.84
0.92
0.924
0.8622646
0.844
0.9037601
0.788
0.8107331
0.76
0.752
0.9377578
0.8450689
0.976
0.956
0.924
0.828
1.04792
0.844
0.768
0.796
0.832
0.9
0.916
0.852
0.984
1.004
0.924
0.836
0.88
0.876
0.852
0.796
0.844
0.856
0.872
0.8
0.836
0.872
0.9
0.82
0.763391
0.832
0.8470887
0.788
0.776
0.8
0.772
0.924
1.044
0.992
0.912
0.992
1.008
0.98
0.88
0.948
0.96
0.932
0.844
0.888
0.94
0.904
0.852
0.872
0.808
0.796
0.856
0.8
0.756
0.816
0.876
0.9
0.812
0.828
0.872
0.872
0.82
0.82
0.888
0.844
0.808
0.772
0.768
0.728
0.688
0.724
0.776
0.856
0.86
0.796
0.888
0.908
0.932
0.852
0.9423731
0.884
0.848
0.792
0.856
0.884
0.908
0.812
0.852
0.888
0.924
0.884
0.796
0.852
0.876
0.912
0.912
0.824
0.876
0.896
0.916
0.868
0.804
0.852
0.852
0.848
0.764
0.784
0.752
0.756
0.712
0.724
0.7
0.688
0.676
0.728
0.82
0.772
0.872
0.916
0.944
0.868
0.888
0.94
0.976
0.932
0.848
0.928
0.948
0.904
0.828
0.872
0.884
0.884
0.856
0.788
0.836
0.804
0.804
0.896
0.928
0.932
0.824
0.88
0.908
0.94
0.872
0.828
0.876
0.912
0.952
0.9265772
0.896
0.928
0.836
0.876
0.944
0.976
0.932
0.852
0.8499141
0.888
0.796
0.84
0.864
0.896
0.8217127
0.996
0.968
0.892
0.988
1.008
0.976
0.876
0.912
0.94
0.936
0.852
0.88
0.912
0.92
0.844
0.904
0.92
0.888
0.796
0.84
0.844
0.772
0.78
0.82
0.848
0.86
0.796
0.816
0.856
0.872
0.884
0.812
0.852
0.864
0.848
0.9043965
0.824
0.796
0.768
0.816
0.868
0.94
0.912
0.972
0.996
0.912
0.936
0.98
0.952
0.86
0.904
0.912
0.904
0.836
0.872
0.8941609
0.84
0.792
0.816
0.832
0.848
0.876
0.832
0.948
0.992
0.964
0.872
0.912
0.92
0.888
0.808
0.832
0.852
0.876
0.769848
0.84
0.828
0.768
0.756
0.824
0.872
0.872
0.828
0.956
0.988
0.892
0.912
0.936
0.908
0.804
0.784
0.724
0.696
0.696
0.828
0.78
0.868
1.036
1.012
0.892
0.948
0.976
0.936
0.856
0.924
0.928
0.94
0.864
0.864
0.928
0.924
0.928
0.848
0.864
0.9
0.92
0.868
0.82
0.852
0.892
0.908
0.836
0.892
0.94
0.948
0.856
0.856
0.912
0.928
0.856
0.856
0.88
0.908
0.828
0.86
0.9000054
0.852
0.78
0.812
0.844
0.912
0.908
0.864
0.968
1.016
0.98
0.876
0.928
0.908
0.88
0.812
0.856
0.88
0.884
0.82
0.884
0.908
0.911465
0.812
0.812
0.828
0.792
0.8
0.952
1.068
1.012
0.936
1.02
0.9106076
0.84
0.78
0.808
0.848
0.912
0.848
1.016
1.092
1.012
0.96
1.008
1
0.9
0.948
0.976
0.98
0.96
0.872
0.86
0.916
0.968
0.948
0.856
0.892
0.96
0.896
0.832
0.884
0.892
0.828
0.88
0.92
0.916
0.828
0.86
0.888
0.92
0.832
0.88
0.908
0.924
0.86
0.932
0.952
0.956
0.912
0.808
0.82
0.8
0.748
0.712
0.688
0.8250709
0.88
0.9328615
0.9963884
0.776
0.816
0.844
0.756
0.724
0.728
0.756
0.752
0.788
0.76
0.764
0.78
0.776
0.9317241
0.78
0.76
0.8197511
0.772
0.752
0.8690619
0.74
0.74
0.796
0.812
0.78
0.796
0.852
0.852
0.86
0.792
0.8
0.812
0.816
0.808
0.832
0.84
0.924373
0.764
0.708
0.68
0.668
0.68
0.724
0.748
0.832
0.928
0.992
0.88
0.948
0.96
0.928
0.832
0.824
0.792
0.804
0.824
0.84
0.844
0.8548683
0.78
0.768
0.784
0.756
0.756
0.792
0.844
0.856
0.784
0.7487412
0.712
0.692
0.764
0.84
0.772
0.812
0.912
0.94
0.94
0.848
0.856
0.916
0.952
0.904
0.816
0.9631167
0.88
0.8425513
0.86
0.848
0.84
0.8606393
0.864
0.888
0.832
0.892
0.936
0.94
0.92
0.832
0.888
0.912
0.904
1.007063
0.872
0.872
0.92
0.852
0.8468308
0.908
0.9608636
0.84
0.836
0.868
0.9
0.8127052
0.96
0.928
0.856
0.924
0.968
0.952
0.852
0.868
0.868
0.8766262
0.804
0.824
0.836
0.844
0.828
0.94
1.028
1.052
0.936
1.012
1.02
0.928
0.976
0.984
0.94
0.836
0.88
0.952
0.944
0.848
0.872
0.888
0.916
0.9
0.836
0.856
0.9
0.912
0.904
0.8967589
0.836
0.824
0.816
0.776
0.84
0.896
0.932
0.8197613
0.928
0.908
0.836
0.92
0.956
0.8573801
0.864
0.84
0.804
0.792
0.888
0.988
0.9000655
0.86
0.812
0.752
0.776
0.949322
0.8
0.756
0.832
0.856
0.872
0.812
0.9
0.936
0.952
0.868
0.928
0.944
0.7860105
0.856
0.804
0.728
0.704
0.7
0.7
0.8775658
0.76
0.82
0.78
0.884
0.968
0.98
0.956
0.872
0.916
0.928
0.952
0.916
0.848
0.884
0.88
0.904
0.808
0.836
0.86
0.844
0.796
0.824
0.868
0.92
0.884
0.828
0.868
0.884
0.856
0.804
0.868
0.888
0.888
0.78
0.756
0.752
0.756
0.808
0.76
0.748
0.78
0.792
0.76
0.784
0.776
0.716
0.696
0.74
0.684
0.684
0.704
0.776
0.784
0.764
0.728
0.7
0.676
0.664
0.676
0.696
0.732
0.732
0.74
0.744
0.704
0.772
0.784
0.804
0.788
0.76
0.724
0.756
0.768
0.788
0.756
0.74
0.776
0.784
0.8
0.796
0.752
0.792
0.792
0.788
0.808
0.756
0.772
0.784
0.78
0.776
0.788
0.804
0.772
0.736
0.748
0.692
0.68
0.66
0.668
0.688
0.72
0.768
0.756
0.728
0.808
0.804
0.808
0.808
0.748
0.752
0.76
0.792
0.804
0.736
0.748
0.808
0.832
0.752
0.812
0.832
0.836
0.8
0.76
0.836
0.84
0.828
0.772
0.832
0.86
0.848
0.78
0.828
0.84
0.828
0.796
0.816
0.836
0.796
0.8
0.836
0.852
0.812
0.76
0.812
0.748
0.78
0.732
0.688
0.672
0.676
0.688
0.716
0.812
0.788
0.9528536
0.812
0.808
0.768
0.76
0.824
0.892
0.892
0.864
0.964
0.936
0.844
0.884
0.908
0.912
0.86
0.816
0.88
0.892
0.908
0.852
0.812
0.848
0.884
0.888
0.82
0.856
0.876
0.9
0.884
0.828
0.852
0.868
0.872
0.9
0.816
0.844
0.868
0.88
0.9
0.828
0.872
0.892
0.908
0.868
0.808
0.848
0.76
0.78
0.8
0.852
0.848
0.788
0.756
0.812
0.848
0.852
0.788
0.812
0.82
0.8
0.804
0.756
0.8589009
0.772
0.76
0.72
0.768
0.8
0.848
0.872
0.84
0.788
0.848
0.864
0.868
0.804
0.824
0.86
0.884
0.864
0.808
0.852
0.82
0.82
0.792
0.8
0.744
0.708
0.704
0.684
0.692
0.832
0.796
0.9111229
0.812
0.82
0.772
0.9295374
0.824
0.864
0.852
0.816
0.908
0.948
0.9133365
0.84
0.836
0.844
0.88
0.844
0.852
0.944
0.984
0.9
0.948
0.96
0.9397429
0.832
0.8850125
0.82
0.772
0.852
0.996
0.996
0.98
0.904
0.976
0.984
0.948
0.856
0.868
0.896
0.916
0.8636087
0.812
0.74
0.808
0.82
0.912
0.896
0.856
1.008
0.706141
0.832
0.872
0.872
0.872
0.8852937
0.856
0.86
0.872
0.812
0.872
0.944
0.94
0.892
0.948
0.96
0.948
0.94
0.876
0.864
0.892
0.896
0.9
0.892
0.816
0.824
0.856
0.856
0.852
0.804
0.872
0.9
0.908
0.9202938
0.836
0.848
0.836
0.796
0.808
0.964
0.98
0.86
0.996
0.98
0.936
0.824
0.872
0.816
0.744
0.7
0.704
0.74
0.76
0.792
0.9262968
0.784
0.828
0.812
0.764
0.824
0.832
0.84
0.792
0.772
0.824
0.844
0.844
0.8486709
0.792
0.804
0.784
0.756
0.816
0.828
0.884
0.832
0.792
0.86
0.872
0.864
1.012112
0.82
0.824
0.816
0.764
0.836
0.876
0.94
0.924
0.9064344
0.892
0.8950332
0.832
0.824
0.82
0.776
0.86
0.908
0.9752137
0.892
0.8349824
0.856
0.848
0.94
0.952
0.912
0.82
0.808
0.74
0.712
0.748
0.768
0.768
0.888
0.924
0.8528461
0.908
0.94
0.848
0.88
0.908
0.896
0.824
0.852
0.856
0.856
0.864
0.792
0.848
0.844
0.864
1.052166
0.824
0.82
0.78
0.84
0.884
0.948
0.904
0.8836718
0.884
0.908
0.864
0.828
0.9
0.912
0.928
0.924
0.9972193
0.86
0.828
0.848
0.808
0.82
0.7805956
0.84
0.8682807
0.732
0.7
0.728
0.784
0.82
0.832
0.9078181
0.816
0.832
0.788
0.764
0.824
0.888
0.876
0.9017226
0.812
0.796
0.812
0.808
0.776
0.844
0.924
0.996
0.8091766
0.92
0.932
0.94
0.856
0.86
0.88
0.912
0.904
0.82
0.844
0.852
0.852
0.816
0.804
0.872
0.884
0.9
0.824
0.84
0.848
0.872
0.844
0.8
0.864
0.9
0.916
0.844
0.864
0.9
0.924
0.908
0.836
0.86
0.88
0.884
0.816
0.86
0.88
0.916
0.86
0.84
0.864
0.896
0.896
0.8778939
0.844
0.828
0.836
0.784
0.848
0.868
0.916
0.892
0.828
0.868
0.896
0.896
0.808
0.864
0.864
0.844
0.7993745
0.828
0.844
0.808
0.904
0.956
0.976
0.976
0.924
0.924
0.94
0.9244722
0.792
0.804
0.816
0.824
0.78
1.024
0.9500886
0.9
0.976
0.98
0.924
0.856
0.92
0.976
0.976
0.956
0.868
0.896
0.932
0.884
0.828
0.86
0.852
0.856
0.8
0.848
0.868
0.872
0.715344
0.812
0.776
0.808
0.764
0.764
0.876
0.94
0.924
0.848
0.904
0.892
0.9578766
0.848
0.783405
0.788
0.756
0.828
0.948
0.976
0.968
0.928
0.84
0.9019759
0.884
0.796
0.8
0.82
0.84
0.852
0.776
0.884
1.004
0.9155436
0.852
0.832
0.852
0.812
0.776
0.854509
0.884
0.8229999
0.868
0.86
0.792
0.816
0.88
0.948
0.98
0.932
0.892
0.944
0.8790565
0.876
0.792
0.82
0.844
0.808
0.788
0.88
0.908
0.904
0.8974033
0.928
0.908
0.876
0.808
0.824
0.84
0.852
0.84
0.788
0.784
0.816
0.836
0.84
0.784
0.788
0.76
0.72
0.696
0.672
0.692
0.784
0.844
0.844
0.848
0.796
0.824
0.872
0.904
0.892
0.776
0.752
0.748
0.716
0.712
0.764
0.808
0.804
0.76
0.816
0.852
0.872
0.828
0.9247025
0.808
0.764
0.784
0.816
0.816
0.844
0.768
0.792
0.8
0.808
0.808
0.756
0.828
0.876
0.876
0.808
0.828
0.84
0.824
0.828
0.776
0.772
0.8
0.828
0.832
0.812
0.772
0.844
0.808
0.82
0.792
0.748
0.784
0.776
0.78
0.772
0.732
0.724
0.764
0.76
0.712
0.68
0.656
0.656
0.692
0.776
0.804
0.76
0.752
0.86
0.872
0.86
0.78
0.804
0.836
0.872
0.912
0.836
0.772
0.844
0.856
0.86
0.776
0.78
0.788
0.812
0.744
0.748
0.784
0.788
0.748
0.7
0.7
0.668
0.664
0.672
0.676
0.672
0.732
0.756
0.732
0.72
0.776
0.756
0.764
0.712
0.7
0.736
0.732
0.752
0.7
0.744
0.764
0.752
0.728
0.696
0.736
0.752
0.764
0.696
0.744
0.76
0.792
0.772
0.716
0.736
0.756
0.776
0.788
0.772
0.716
0.748
0.768
0.776
0.744
0.72
0.706421
0.768
0.724
0.74
0.776
0.796
0.784
0.752
0.796
0.816
0.832
0.788
0.8
0.828
0.856
0.832
0.788
0.828
0.82
0.828
0.776
0.76
0.764
0.76
0.756
0.716
0.76
0.78
0.776
0.728
0.724
0.776
0.776
0.748
0.728
0.756
0.784
0.796
0.732
0.764
0.756
0.744
0.696
0.668
0.656
0.668
0.72
0.784
0.716
0.712
0.7302104
0.788
0.732
0.72
0.768
0.8
0.772
0.744
0.816
0.836
0.864
0.808
0.824
0.836
0.844
0.836
0.784
0.9440911
0.796
0.752
0.776
0.784
0.796
0.772
0.844
0.936
0.948
0.86
0.868
0.912
0.948
0.932
0.844
0.896
0.892
0.88
0.808
0.852
0.872
0.868
0.8
0.812
0.832
0.86
0.844
0.78
0.8
0.796
0.8
0.78
0.78
0.848
0.88
0.86
0.796
0.816
0.812
0.804
0.804
0.756
0.776
0.8
0.828
0.824
0.776
0.911348
0.82
0.752
0.78
0.804
0.808
0.788
0.72
0.768
0.812
0.8
0.76
0.752
0.776
0.76
0.704
0.752
0.74
0.688
0.668
0.8658261
0.664
0.764
0.788
0.812
0.764
0.716
0.784
0.804
0.84
0.824
0.76
0.764
0.768
0.788
0.78
0.748
0.772
0.784
0.764
0.752
0.744
0.732
0.752
0.748
0.776
0.724
0.724
0.881922
0.736
0.74
0.712
0.692
0.748
0.796
0.824
0.804
0.756
0.808
0.82
0.828
0.772
0.8942932
0.716
0.688
0.66
0.648
0.64
0.636
0.736
0.712
0.844
0.916
0.916
0.812
0.856
0.86
0.852
0.792
0.744
0.792
0.844
0.856
0.78
0.82
0.86
0.868
0.796
0.788
0.812
0.84
0.844
0.78
0.6383
0.792
0.74
0.752
0.776
0.756
0.72
0.68
0.7
0.74
0.74
0.86
0.872
0.892
0.816
0.796
0.82
0.816
0.848
0.852
0.792
0.804
0.832
0.828
0.856
0.804
0.768
0.816
0.844
0.844
0.792
0.748
0.78
0.812
0.872
0.88
0.836
0.836
0.9
0.904
0.8981089
0.808
0.784
0.7854141
0.732
0.792
0.904
0.928
0.868
0.856
0.952
0.936
0.8344853
0.804
0.736
0.7970517
0.879044
0.872
0.872
0.884
0.896
0.84
0.752
0.744
0.74
0.78
0.744
0.704
0.728
0.72
0.692
0.672
0.668
0.676
0.664
0.676
0.696
0.724
0.736
0.728
0.712
0.74
0.748
0.748
0.76
0.732
0.712
0.74
0.756
0.772
0.776
0.72
0.744
0.756
0.792
0.804
0.796
0.756
0.776
0.8
0.824
0.836
0.772
0.756
0.776
0.792
0.804
0.748
0.752
0.784
0.824
0.776
0.8
0.868
0.888
0.7844347
0.804
0.764
0.748
0.704
0.76
0.788
0.82
0.796
0.844
0.92
0.94
0.86
0.796
0.828
0.856
0.848
0.78
0.8427109
0.8
0.78
0.744
0.748
0.784
0.828
0.848
0.784
0.836
0.856
0.856
0.8
0.812
0.824
0.844
0.84
0.776
0.792
0.812
0.8
