0.993994
1.027027
1.048048
1.003003
0.957958
1
1.057057
1.075075
0.987988
1.024024
1.048048
1.048048
0.984985
1.003003
0.957958
0.996997
0.978979
1.018018
1.06006
1.072072
0.966967
0.990991
1.045045
1.024024
0.981982
1.036036
1.066066
1.015015
0.987988
1.048048
1.003003
0.975976
1.054054
1.081081
1.048048
1.006006
1.024024
1.081081
1.012012
1.012012
1.057057
1.132132
1.045045
1.057057
1.09009
1.051051
1.009009
1.051051
1.084084
0.993994
1.012012
1.012012
0.990991
0.9159159
0.954955
1.018018
1.039039
1.012012
1.027027
1.063063
1.03003
1.027027
1.048048
1.06006
1.024024
1.048048
1.057057
1.024024
1.021021
1.078078
1.099099
1.024024
1.054054
1.105105
1.102102
1.003003
1.087087
1.123123
1.063063
1.075075
1.123123
1.102102
1.03003
1.036036
1.069069
1.015015
1.066066
1.189189
1.165165
1.078078
1.096096
1.117117
1.012012
1.027027
1.072072
1.042042
0.963964
1.048048
1.129129
1.045045
1.015015
1.066066
1.045045
0.993994
1.063063
1.129129
1.078078
1.009009
0.987988
0.951952
0.9399399
0.9459459
1.054054
1.114114
1.006006
1.039039
1.087087
1.045045
1.012012
1.057057
1.021021
0.9159159
0.9219219
0.9399399
0.993994
0.9369369
0.9219219
0.8978979
0.9069069
0.9189189
0.954955
1.03003
1.087087
1.063063
0.972973
0.9399399
0.9159159
0.8978979
0.8708709
0.8408408
0.9369369
1.006006
1.048048
1.105105
1.114114
1.015015
1.003003
1.033033
1.015015
0.957958
1.054054
1.192192
1.057057
1.066066
1.09009
1.033033
0.9339339
0.972973
1.081081
1.078078
1.024024
1.093093
1.138138
1.045045
1.084084
1.261261
1.213213
1.108108
1.111111
1.12012
1.084084
1.063063
1.171171
1.18018
1.06006
1.171171
1.195195
1.078078
1.114114
1.081081
0.981982
1.018018
1.12012
1.078078
1.063063
1.078078
1.144144
1.066066
1.117117
1.162162
1.159159
1.06006
1.048048
1.072072
1.099099
0.978979
1.051051
1.087087
0.996997
1.078078
1.093093
1.099099
0.984985
1.015015
1.015015
0.9279279
0.8828829
0.9219219
1.006006
1.024024
0.960961
1.003003
1.018018
1.012012
0.978979
1.066066
1.129129
1.099099
1.018018
1.063063
1.06006
0.981982
1.03003
1.069069
1.042042
0.996997
1.06006
1.159159
1.192192
1.072072
1.087087
1.195195
1.111111
1.141141
1.27027
1.222222
1.144144
1.231231
1.165165
1.09009
1.198198
1.228228
1.117117
1.165165
1.237237
1.141141
1
1.039039
1.234234
1.126126
1.105105
1.165165
1.183183
1.081081
1.141141
1.216216
1.126126
1.126126
1.183183
1.201201
1.141141
1.129129
1.171171
1.108108
1.126126
1.201201
1.132132
1.078078
1.165165
1.111111
0.993994
1.018018
1.078078
1.033033
1.057057
1.12012
1.138138
0.996997
0.9399399
1.03003
1.189189
1.21021
1.066066
1.114114
1.156156
1.111111
0.981982
0.963964
1.045045
1.117117
1.141141
1.021021
1.072072
1.135135
1.093093
1.15015
1.24024
1.171171
1.093093
1.165165
1.354354
1.159159
1.249249
1.24024
1.198198
1.093093
1.192192
1.219219
1.099099
1.18018
1.192192
1.099099
1.057057
1.135135
1.132132
1.036036
1.132132
1.168168
1.105105
1.186186
1.189189
1.081081
1.165165
1.201201
1.123123
1.198198
1.234234
1.126126
1.174174
1.291291
1.177177
1.063063
1.225225
1.273273
1.081081
1.144144
1.24024
1.114114
1.318318
1.288288
1.156156
1.144144
1.243243
1.231231
1.072072
1.123123
1.141141
1.042042
1.06006
1.306306
1.174174
1.035203
1.12012
1.21021
1.024024
1.105105
1.159159
1.135135
1.051051
1.123123
1.198198
1.147147
1.063063
1.093093
1.117117
1.057057
1.006006
0.996997
0.966967
1.033033
0.981982
0.972973
1.021021
1.069069
0.966967
0.975976
1.075075
1.147147
1.006006
1.006006
1.087087
1.237237
1.156156
1.21021
1.171171
1.099099
1.225225
1.204204
1.099099
0.9369369
0.960961
1.45045
1.297297
1.093093
1.354354
1.36036
1.219219
1.267267
1.222222
1.117117
1.369369
1.252252
1.126126
1.27027
1.294294
1.111111
1.066066
1.135135
1.087087
1.045045
1.249249
1.273273
1.201201
1.222222
1.264264
1.222222
1.144144
1.318318
1.291291
1.189189
1.09009
1.117117
1.156156
1.09009
1.027027
1.087087
1.027027
0.8918919
0.8258258
0.8498498
0.990991
1.336336
1.402402
1.285285
1.234234
1.189189
1.192192
1.18018
1.126126
1.033033
1.003003
1.033033
1.108108
1.105105
1.066066
1.066066
1.081081
1.03003
0.984985
1.06006
1.108108
1.048048
1.084084
1.123123
1.096096
1.048048
1.027027
1.042042
1
1.06006
1.072072
1.018018
0.9069069
0.8948949
0.8978979
0.9009009
0.9129129
1.006006
1.066066
1.024024
1.054054
1.033033
0.9219219
0.8918919
0.8798799
0.8708709
0.8408408
0.8948949
0.9429429
0.96997
1.123123
1.189189
1.171171
1.087087
1.12012
1.171171
1.204204
1.117117
1.237237
1.231231
1.129129
1.039039
1.129129
1.273273
1.096096
1.192192
1.234234
1.129129
1.231231
1.261261
1.12012
1.189189
1.276276
1.198198
1.072072
1.078078
1.153153
1.081081
1.117117
1.135135
1.051051
1.078078
1.249249
1.183183
1.069069
1.138138
1.189189
1.102102
1.171171
1.21021
1.147147
1.066066
1.045045
1.042042
1.087087
1.036036
1.099099
1.186186
1.213213
1.144144
1.192192
1.141141
1.072072
0.972973
1.051051
1.396396
1.162162
1.159159
1.216216
1.21021
1.138138
1.213213
1.132132
0.993994
1.018018
1.216216
1.156156
1.078078
1.18018
1.156156
1.057057
1.12012
1.15015
1.066066
1.126126
1.165165
1
1.021021
1.012012
0.9429429
0.8828829
0.9009009
0.9369369
1.051051
1.009009
1.042042
1.081081
1.066066
0.963964
0.987988
1.03003
1.12012
1.06006
1.078078
1.132132
1.126126
1.129129
1.186186
1.204204
1.129129
1.189189
1.201201
1.114114
1.078078
1.039039
0.966967
0.978979
1.093093
1.048048
0.9039039
0.8678679
0.8528529
1.204204
1.309309
1.273273
1.228228
1.294294
1.213213
1.087087
1.126126
1.171171
1.12012
1.048048
1.102102
1.108108
1.036036
1.024024
1.162162
1.207207
1.105105
1.087087
1.225225
1.207207
1.123123
1.168168
1.243243
1.213213
1.126126
1.195195
1.21021
1.105105
1.126126
1.207207
1.192192
1.054054
1.108108
1.168168
1.084084
1.078078
1.144144
1.138138
1.066066
1.105105
1.12012
1.057057
1.186186
1.159159
1.081081
1.111111
1.18018
1.108108
1.213213
1.258258
1.168168
1.024024
1.003003
1.057057
1.225225
1.105105
1.228228
1.189189
1.096096
1.003003
1.147147
1.345345
1.162162
1.279279
1.153153
1.114114
1.012012
1.048048
1.339339
1.15015
1.036036
1.171171
1.231231
1.084084
1.132132
1.144144
1.087087
0.9459459
0.984985
1.021021
0.9429429
0.9339339
0.954955
1.072072
1.015015
1.024024
0.996997
0.957958
0.8888889
0.8588589
0.9009009
0.8978979
0.9399399
1.066066
1.117117
0.984985
1.039039
1.06006
1.012012
1.09009
1.123123
1.135135
1.057057
1.138138
1.15015
1.069069
1.06006
1.153153
1.195195
1.096096
1.096096
1.108108
1.063063
1.147147
1.207207
1.141141
0.993994
1.021021
1.282282
1.255255
1.087087
1.15015
1.054054
0.978979
1.216216
1.222222
1.06183
1.342342
1.372372
1.279279
1.225225
1.186186
1.147147
1.114114
1.045045
1.099099
1.123123
1.093093
1.069069
1.039039
0.9339339
0.9249249
0.963964
1.012012
1.054054
1.051051
0.981982
0.996997
1.006006
1
1.033033
0.990991
0.954955
0.9069069
0.8528529
0.8408408
0.8378378
0.8768769
0.9249249
0.9099099
0.8858859
0.8798799
0.8798799
0.8828829
0.8888889
0.8528529
0.8618619
0.8918919
0.9459459
0.972973
0.960961
1.03003
1.081081
1.06006
1.036036
0.9249249
0.9189189
1.009009
1.126126
1.066066
1.072072
1.159159
1.135135
1.054054
1.084084
1.135135
1.132132
1.06006
1.171171
1.165165
1.018018
1.012012
1.129129
1.165165
0.975976
1.117117
1.306306
1.132132
1.066066
1.141141
1.177177
1.132132
1.228228
1.261261
1.087087
1.024024
1.093093
1.219219
1.159159
1.189189
1.156156
1.072072
1.174174
1.285285
1.264264
1.165165
1.207207
1.156156
1.114114
1.012012
0.963964
1.018018
1.078078
0.9369369
0.9339339
0.9459459
0.9279279
0.957958
1.057057
1.102102
1.006006
1.006006
1.024024
0.990991
1.006006
1.021021
1.006006
0.9219219
0.9159159
0.951952
0.984985
0.9399399
0.9249249
0.9489489
0.990991
0.975976
0.9099099
0.9099099
0.9219219
0.8918919
0.8438438
0.8738739
0.951952
0.9339339
0.8678679
0.8348348
0.8408408
0.8738739
0.9249249
0.9249249
0.8618619
0.8468468
0.8768769
0.9189189
1
0.966967
0.984985
1.009009
0.96997
0.8918919
0.8588589
0.8528529
0.8378378
0.8198198
0.9039039
1.147147
1.141141
1.033033
1.096096
1.213213
1.225225
1.093093
1.081081
1.087087
1.06006
1.06006
1.111111
1.201201
1.15015
1.024024
1.126126
1.183183
1.003003
1.054054
1.09009
1.192192
1.096096
1.12012
1.063063
0.972973
0.987988
1.069069
1.174174
1.114114
1.15015
1.183183
1.192192
1.075075
1.126126
1.156156
1.18018
1.093093
1.147147
1.075075
0.954955
0.9189189
0.9279279
0.972973
0.963964
0.951952
1.012012
0.987988
0.954955
0.960961
1.018018
1.057057
1.036036
1.072072
1.093093
1.09009
1.03003
1.069069
1.12012
1.042042
1.06006
1.138138
1.177177
1.144144
1.069069
1.159159
1.168168
1.099099
1.027027
1.102102
1.231231
1.108108
1.09009
1.126126
1.138138
1.093093
1.078078
1.102102
1.105105
0.987988
1.03003
1.198198
1.006006
0.972973
1.096096
1.141141
1.051051
1.111111
1.123123
1.057057
1.087087
1.174174
1.087087
1.186186
1.297297
1.204204
1.093093
1.099099
1.198198
1.12012
1.054054
1.132132
1.24024
1.138138
1.285285
1.306306
1.219219
1.138138
1.228228
1.189189
1.072072
1.087087
1.108108
1.096096
1.063063
1.168168
1.21021
1.165165
1.039039
1.129129
1.162162
1.111111
0.951952
0.9429429
1.009009
1.162162
1.024024
1.063063
1.111111
1.051051
1.024024
1.081081
1
0.9129129
0.9189189
0.975976
1.069069
0.954955
0.8738739
0.8858859
0.9399399
1.024024
0.96997
0.993994
1.057057
1.054054
1
1.048048
1.162162
1.219219
1.156156
1.207207
1.195195
1.192192
1.105105
1.171171
1.186186
1.075075
1.045045
1.042042
1.129129
1.066066
1.21021
1.387387
1.198198
1.042042
1.06006
1.132132
1.108108
1.165165
1.216216
1.093093
1.141141
1.204204
1.159159
1.06006
1.03003
1.033033
1.015015
0.9459459
0.966967
1.057057
1.039039
0.9039039
0.8918919
0.9279279
1.036036
1.03003
1.132132
1.168168
1.12012
1.024024
1.027027
1.06006
1.081081
1.057057
1.132132
1.231231
1.198198
1.099099
1.06006
1.054054
1.051051
0.9399399
0.9249249
0.96997
1.021021
0.966967
0.9429429
0.960961
0.975976
0.9249249
0.8948949
0.9399399
0.972973
0.951952
0.9129129
0.9189189
0.993994
1.126126
1.15015
1.093093
1.087087
1.111111
1.075075
0.9369369
0.8708709
0.8828829
0.9279279
0.972973
0.8918919
0.8408408
0.8288288
0.8828829
1.021021
1.222222
1.201201
1.132132
1.042042
1.042042
1.006006
0.954955
0.9399399
0.9339339
0.8948949
0.8708709
0.8528529
0.9039039
0.9429429
0.9279279
0.981982
1.075075
1.09009
1.084084
1.12012
1.108108
1.102102
1.114114
1.12012
1.159159
1.024024
1.066066
1.162162
1.171171
1.084084
1.18018
1.279279
1.162162
1.210709
1.027027
1.06006
1.108108
1.132132
1.018018
1.027027
1.027027
0.954955
0.9489489
1.009009
1.144144
1.072072
1.066066
1.117117
1.126126
1.051051
1.171171
1.225225
1.153153
1.096096
1.174174
1.195195
1.099099
1.186186
1.171171
1.099099
1.165165
1.162162
1.21021
1.09009
1.141141
1.123123
1.012012
0.987988
1.024024
1.003003
0.9369369
0.9309309
0.9369369
0.8978979
0.8678679
0.8828829
0.8828829
0.8738739
0.8348348
0.8258258
0.8228228
0.8168168
0.8168168
0.8108108
0.8018018
0.8468468
0.963964
1.069069
1.024024
1.078078
1.135135
1.198198
1.192192
1.06006
1.051051
1.036036
1.075075
1.054054
1.135135
1.099099
0.966967
0.957958
1.027027
0.960961
0.8858859
0.8828829
0.975976
1.144144
1.03003
1.045045
1.297297
1.312312
1.198198
1.249249
1.294294
1.192192
1.168168
1.219219
1.306306
1.225225
1.294294
1.192192
1.111111
0.990991
1.036036
1.279279
1.174174
1.06151
1.156156
1.123123
1.027027
1.162162
1.183183
1.081081
0.984985
1.006006
1.033033
1.039039
0.990991
0.960961
0.993994
1.057057
1.072072
0.966967
0.9159159
0.9219219
0.9309309
0.972973
0.9459459
0.9399399
0.9489489
0.9129129
0.8648649
0.8408408
0.8408408
0.8738739
0.954955
1.009009
1.078078
1.195195
1.159159
1.129129
1.063063
1.075075
1.075075
1.003003
0.984985
1.009009
1.006006
0.8828829
0.8768769
0.9459459
1.162162
1.153153
1.084084
1.129129
1.123123
1.057057
1.156156
1.21021
1.207207
1.099099
1.204204
1.126126
1.102102
1.087087
1.195195
1.273273
1.171171
1.069521
1.228696
1.27027
1.228228
1.219219
1.225225
1.018018
0.9309309
0.9189189
0.9399399
0.9489489
0.8708709
0.8768769
0.9039039
0.9489489
0.9279279
0.9009009
0.951952
0.978979
0.9279279
0.8858859
0.8978979
0.9459459
0.993994
0.957958
0.951952
0.990991
1.018018
0.981982
0.9489489
0.987988
0.9159159
0.8558559
0.8918919
0.975976
1.036036
1.021021
1.036036
1.03003
0.987988
0.9339339
0.954955
0.981982
0.9249249
0.8798799
0.9399399
1.03003
1.033033
0.9339339
0.9429429
0.993994
1.039039
0.957958
1.018018
1.081081
1.051051
0.987988
1.03003
1.057057
1.081081
1.03003
1.027027
1.057057
1.069069
1
1.039039
1.084084
1.081081
1.039039
1.042042
1.012012
0.9489489
1.009009
1.093093
1.036036
1.051051
1.087087
1.087087
0.987988
1.003003
1.078078
1.024024
0.981982
1.036036
1.039039
0.954955
0.9309309
0.990991
1.069069
1.048048
0.996997
1.054054
1.06006
0.987988
1.063063
1.126126
1.054054
1.069069
1.123123
1.126126
1.096096
1.066066
1.042042
0.996997
1.006006
1.051051
0.987988
0.9039039
0.9129129
0.975976
1.129129
1.177177
1.081081
1.126126
1.171171
1.189189
1.126126
1.168168
1.21021
1.165165
1.132132
1.135135
1.18018
1.189189
1.081081
1.129129
1.168168
1.081081
1.054054
1.06006
0.990991
0.978979
1.06006
1.192192
1.123123
1.147147
1.153153
1.09009
0.963964
0.951952
1.075075
1.162162
1.06006
1.066066
1.096096
1.051051
1.018018
1.111111
1.135135
1.075075
1.087087
1.12012
1.069069
1.066066
1.12012
1.075075
0.981982
1.03003
1.066066
1.024024
1.042042
1.015015
0.993994
0.9339339
0.981982
1.018018
1.012012
0.984985
1.048048
1.111111
1
1.015015
1.036036
1.045045
1.045045
1.123123
1.135135
0.960961
0.8588589
0.8288288
0.8708709
1.426426
1.375375
1.234234
1.087087
1.174174
1.177177
1.198198
1.141141
1.108108
1.192192
1.204204
1.192192
1.132132
1.15015
1.183183
1.207207
1.198198
1.168168
1.213213
1.204204
1.174174
1.09009
1.084084
1.126126
1.123123
1.012012
1.054054
1.159159
1.12012
1.03003
1.06006
1.066066
1.003003
0.960961
1.021021
1.063063
0.981982
1.009009
1.054054
1.036036
1.093093
1.144144
1.114114
1.078078
1.15015
1.156156
1.114114
1.171171
1.195195
1.099099
1.147147
1.186186
1.165165
1.081081
1.093093
1.09009
1.06006
1.042042
1.156156
1.195195
1.09009
1.141141
1.192192
1.096096
1.159159
1.237237
1.141141
1.06006
1.024024
1
0.9339339
0.9309309
0.9369369
0.966967
0.9279279
0.8888889
0.9069069
0.9219219
0.9339339
0.9489489
0.9369369
0.978979
0.978979
0.993994
1.006006
1.042042
1.063063
0.987988
0.993994
1.021021
1.003003
0.9309309
1.006006
1.102102
1.108108
1.009009
1.009009
1.093093
1.09009
1.072072
1.186186
1.18018
1.084084
1.117117
1.183183
1.207207
1.096096
1.123123
1.093093
1.033033
0.9489489
0.960961
0.984985
0.990991
0.990991
1
0.996997
0.960961
0.9279279
0.9279279
0.9279279
0.8948949
0.8468468
0.8588589
0.9009009
0.9279279
0.9069069
0.9099099
0.987988
1.039039
1
0.972973
1.042042
1.075075
0.996997
0.963964
1.015015
1.021021
0.9009009
0.8648649
0.8918919
0.981982
1.066066
0.981982
0.9159159
0.9009009
0.8618619
0.8648649
0.957958
0.981982
1.015015
1.117117
1.129129
1.063063
0.996997
1.084084
1.213213
1.246246
1.156156
1.159159
1.249249
1.255255
1.075075
1.075075
1.144144
1.18018
1.132132
1.246246
1.204204
1.114114
1.108108
1.195195
1.138138
1.021021
0.9219219
0.975976
1.564565
1.036036
0.9369369
0.951952
1.081081
1.036036
1.129129
1.186186
1.126126
1.039039
1.108108
1.144144
1.084084
1.132132
1.153153
1.093093
1
1.075075
1.141141
1.18018
1.09009
1.144144
1.171171
1.165165
1.072072
1.147147
1.138138
1.057057
0.996997
1.063063
1.231231
1.108108
1.159159
1.201201
1.063063
1.078078
1.15015
1.096096
1.015015
1.111111
1.075075
1.141141
1.162162
1.09009
1.06006
1.108108
1.213213
1.153153
1.195195
1.234234
1.207207
1.084084
1.117117
1.171171
1.102102
1.078078
1.231231
1.195195
1.096096
1.141141
1.234234
1.147147
1.03003
1.015015
1.12012
1.219219
1.084084
1.255255
1.174174
1.015015
1.132132
1.177177
1.09009
1.243243
1.288288
1.12012
1.18018
1.162162
1.153153
1.126126
1.156156
1.18018
1.12012
1.267267
1.315315
1.147147
1.054054
1.201201
1.222222
1.024024
1.072072
1.111111
1.03003
1.015015
1.123123
1.231231
1.141141
1.255255
1.222222
1.144144
1.123123
1.132132
1.27027
1.192192
1.282282
1.282282
1.093093
1.135135
1.225225
1.174174
1.144144
1.33033
1.222222
1.036036
1.075075
1.135135
0.978979
0.9279279
0.984985
1.174174
1.195195
1.087087
1.159159
1.162162
1.003003
1.018018
1
0.981982
0.966967
0.9159159
0.8858859
0.8558559
0.9009009
0.954955
0.9339339
0.9249249
0.8978979
0.9219219
0.9009009
0.8528529
0.8108108
0.8318318
0.8648649
0.981982
1.051051
1.06006
1.039039
0.951952
0.8828829
0.8588589
0.8858859
0.978979
1.009009
1.018018
0.984985
0.981982
1.03003
1.057057
1.09009
1.138138
1.144144
1.024024
0.9129129
0.8918919
0.9399399
1.168168
1.129129
1.03003
1.087087
1.114114
1.165165
1.165165
1.117117
1.114114
1.183183
1.225225
1.219219
1.177177
1.192192
1.183183
1.189189
1.171171
1.096096
1.06006
1.024024
0.96997
1.018018
1.15015
1.156156
0.984985
1.051051
1.129129
1.033033
1.084084
1.246246
1.237237
1.132132
1.219219
1.204204
1.144144
1.243243
1.198198
1.168168
1.069069
1.321321
1.267267
1.093093
1.051051
1.084084
1.15015
1.522523
1.345345
1.162162
0.996997
1.018018
0.996997
0.9339339
0.981982
1.306306
1.123123
1.009009
1.045045
1.084084
1.093093
1.063063
1.108108
1.147147
1.087087
1.132132
1.108108
1.09009
1.042042
1.111111
1.096096
1.012012
1.015015
1.075075
1.138138
1.048048
1.174174
1.279279
1.174174
1.216216
1.24024
1.15015
1.045045
1.066066
1.117117
1.09009
1.237237
1.207207
1.033033
1
1.096096
1.162162
1.036036
1.24024
1.276276
1.171171
1.303303
1.252252
1.075075
1.231231
1.426426
1.273273
1.087087
1.075075
1.411411
1.261261
1.276276
1.27027
1.231231
1.201201
1.135135
1.054054
0.981982
1.036036
1.39039
1.201201
1.207207
1.21021
1.108108
1.081081
1.132132
1.129129
0.954955
0.9399399
0.9459459
0.975976
0.957958
0.9219219
0.9309309
0.8708709
0.8918919
0.975976
0.9279279
0.972973
1.042042
1.081081
1
1.009009
1.036036
1.057057
0.987988
1.021021
1.078078
1.081081
0.990991
0.978979
1.003003
0.990991
0.9159159
0.9489489
1.06006
1.084084
0.960961
1.003003
1.084084
1.006006
0.9219219
0.9369369
0.9129129
0.9039039
0.8648649
0.8288288
0.8408408
0.9009009
1.03003
1.144144
1.063063
1.081081
1.084084
1.087087
1.009009
1.021021
1.123123
1.138138
1.093093
1.165165
1.177177
1.102102
0.9489489
0.984985
1.102102
1.237237
1.144144
1.021021
1.042042
1.156156
1.228228
1.186186
1.243243
1.204204
1.159159
1.084084
1.3003
1.282282
1.201201
1.054054
1.141141
1.273273
1.213213
1.081081
1.09009
1.144144
1.177177
1.132132
1.264264
1.258258
1.09009
1.066066
1.048048
0.984985
0.9249249
0.963964
1.294294
1.063063
1.084084
1.108108
1.081081
1.009009
1.078078
1.036036
0.9369369
0.9129129
0.9129129
0.9249249
0.9249249
0.8678679
0.8858859
1.057057
1.162162
1.063063
1.105105
1.105105
1.06006
0.990991
1.042042
1.12012
1.084084
0.981982
0.951952
0.972973
1.054054
0.993994
1.012012
1.075075
1.132132
1.111111
1.24024
1.213213
1.201201
1.105105
1.141141
1.207207
1.069069
1.153153
1.192192
1.219219
1.054054
1.132132
1.225225
1.108108
1.054054
1.138138
1.141141
0.996997
1.051051
1.249249
1.297297
1.114114
1.171171
1.204204
1.258258
1.066066
1.051051
1.198198
1.282282
1.171171
1.405405
1.288288
1.102102
1.108108
1.15015
1.216216
1.048048
1.162162
1.219219
1.126215
0.9159159
0.8678679
0.9249249
0.9339339
0.9099099
0.984985
1.078078
1.102102
1.024024
1.087087
1.132132
1.153153
1.078078
1.084084
1.129129
1.162162
1.087087
1.102102
1.129129
1.186186
1.138138
1.069069
1.132132
1.213213
1.108108
1.177177
1.225225
1.213213
1.087087
1.06006
1.129129
1.255255
1.075075
1.189189
1.279279
1.24024
1.048048
1.012012
1.015015
1.051051
0.972973
1.003003
1.39039
1.195195
0.9465903
1.045045
1.141141
1.114114
1.171171
1.15015
1.081081
1.054054
1.042042
1.003003
0.9399399
0.957958
0.954955
0.9399399
0.9249249
0.966967
1.066066
1.051051
0.975976
1.012012
1.012012
0.972973
0.960961
0.984985
1.021021
0.987988
0.9189189
0.8888889
0.8888889
0.951952
1.021021
0.9369369
0.9279279
0.8978979
0.8678679
0.9429429
1.045045
0.9429429
0.9309309
1.039039
1.147147
1.147147
1.024024
0.966967
1
1.12012
1.18018
1.123123
1.183183
1.225225
1.216216
1.15015
0.996997
1.018018
1.048048
1.117117
1.066066
1.018018
1.144144
1.234234
1.24024
1.102102
1.186186
1.294294
1.279279
1.135135
0.990991
1.027027
1.189189
1.171171
1.033033
1.108108
1.225225
1.063063
1.015015
1.045045
1.099099
0.951952
0.9129129
0.9489489
0.984985
1.099099
1.003003
1.012012
1.03003
1.03003
0.9459459
0.9399399
0.984985
1.093093
1.18018
1.186186
1.252252
1.252252
1.267267
1.177177
1.168168
1.249249
1.087087
1.048048
1.141141
1.285285
1.093093
1.234234
1.255255
1.144144
1.003003
1.033033
1.057057
0.9339339
0.9069069
0.960961
1.108108
0.972973
0.9489489
0.954955
0.9399399
0.9189189
0.8738739
0.9099099
1.051051
1.027027
1.096096
1.162162
1.15015
1.066066
1.123123
1.159159
1.171171
1.051051
1.123123
1.189189
1.126126
1.039039
1.003003
1.015015
1.033033
0.975976
0.984985
1.105105
1.075075
1.003003
1.072072
1.144144
1.093093
1.084084
1.054054
0.984985
0.9399399
0.9189189
0.984985
1.072072
0.9369369
0.9099099
0.951952
0.9219219
0.9009009
0.8558559
0.8228228
0.8018018
0.7747748
0.7687688
0.7687688
0.8828829
1.351351
1.252252
1.219219
1.186186
1.138138
1.111111
1.006006
0.9399399
0.9069069
0.8948949
0.8768769
0.8408408
0.8438438
0.9129129
0.978979
1.126126
1.252252
1.249249
1.189189
1.072072
1.012012
1.135135
1.237237
1.093093
1.105105
1.159159
1.207207
1.021021
1.012012
1.057057
1.144144
1.06006
1.15015
1.279279
1.231231
1.033033
0.984985
0.984985
1.024024
1.039039
1.201201
1.498498
1.225225
1.081081
1.159159
1.177177
1.069069
1.087087
1.126126
1.054054
0.9279279
0.951952
1.009009
0.996997
0.9309309
0.972973
0.993994
1.057057
1.126126
1.051051
1.066066
1.051051
1.009009
0.990991
1.03003
1.054054
0.975976
0.984985
1.033033
1.102102
1.057057
1.138138
1.162162
1.105105
1.06006
1.075075
1.117117
1.033033
1.03003
1.069069
1.021021
0.9219219
0.9399399
1.003003
1.003003
0.9429429
0.963964
0.993994
0.963964
0.9129129
0.9249249
0.978979
1.039039
0.990991
1.003003
1.03003
0.951952
0.9429429
0.972973
1.06006
1.03003
1.06006
1.06006
1.03003
0.972973
0.8828829
0.9069069
1.036036
1.237237
1.192192
1.108108
1.186186
1.234234
1.171171
1.096096
1.027027
1.171171
1.213213
1.063063
1.039039
1.117117
1.057057
0.9309309
0.957958
1.009009
1.069069
0.996997
1.027027
1.021021
1.021021
0.9489489
0.9309309
0.9339339
0.987988
1.009009
1.12012
1.165165
1.165165
1.09009
1.18018
1.195195
1.144144
1.048048
1.057057
1.24024
1.198198
1.09009
1.054054
1.189189
1.3003
1.165165
1.036036
0.9159159
0.9309309
1.468468
1.075075
1.003003
1.045045
0.996997
0.954955
0.984985
0.978979
0.954955
0.9369369
0.9129129
0.9369369
0.960961
0.9069069
0.9039039
0.9399399
0.975976
0.8918919
0.8738739
0.960961
0.96997
0.954955
0.978979
1.012012
0.987988
1.015015
1.036036
1.021021
0.975976
0.981982
0.981982
0.978979
0.9339339
0.9429429
0.966967
1.012012
0.963964
0.975976
1.012012
0.978979
0.9189189
0.9459459
0.957958
0.96997
0.9219219
0.9369369
0.963964
0.9339339
0.9009009
0.9189189
0.960961
0.978979
0.9429429
0.9399399
0.972973
1.009009
0.975976
1.003003
1.042042
1.009009
0.954955
0.987988
1.03003
1.003003
0.993994
1.036036
1.03003
0.96997
0.990991
1.021021
0.978979
0.966967
1.021021
1.057057
1.069069
1.039039
1.087087
1.087087
1.033033
1.027027
1.066066
1.015015
1.015015
1.093093
1.153153
1.081081
1.06006
1.117117
1.15015
1.09009
1.078078
1.132132
1.093093
0.993994
1.03003
1.132132
1.165165
1.084084
1.159159
1.132132
1.021021
1.033033
1.06006
1.039039
0.978979
1.048048
1.09009
1.027027
1.048048
1.081081
1.078078
1.006006
1.054054
1.135135
1.111111
1.057057
1.147147
1.138138
1.048048
1.054054
1.03003
0.972973
0.9129129
0.960961
1.09009
1.21021
1.15015
1.078078
1.111111
1.129129
1.057057
1.045045
1.048048
1.078078
1.012012
1.042042
1.096096
1.087087
0.996997
1.051051
1.078078
1.051051
1.066066
1.063063
1.048048
1.003003
0.993994
0.996997
1.018018
0.966967
0.984985
1.015015
0.996997
0.9429429
0.972973
1.033033
1.033033
1.096096
1.102102
1.081081
1.006006
1.081081
1.108108
1.027027
1.066066
1.081081
1.081081
1.003003
1.03003
1.057057
1.048048
0.996997
1.048048
1.066066
1.003003
1.015015
1.063063
1.024024
1.018018
1.054054
1.066066
1.021021
1.141141
1.24024
1.174174
1.06006
1.099099
1.186186
1.105105
1.207207
1.225225
1.15015
1.186186
1.198198
1.156156
1.054054
1.051051
1.066066
1.117117
1.042042
1.093093
1.141141
1.126126
1.054054
1.096096
1.117117
1.093093
1.024024
1.021021
1.03003
1.066066
1.027027
1.057057
1.087087
1.033033
1.054054
1.084084
1.039039
0.96997
1.018018
1.096096
1.06006
1.069069
1.108108
1.09009
1.021021
1.069069
1.078078
1.006006
0.987988
1.042042
1.054054
1.015015
1.108108
1.201201
1.09009
1.042042
1.09009
1.111111
1.057057
1.054054
1.207207
1.186186
1.042042
1.153153
1.207207
1.147147
1.129129
1.159159
1.186186
1.135135
1.201201
1.18018
1.087087
0.951952
0.972973
1.039039
1.03003
1.015015
1.09009
1.303303
1.201201
1.183183
1.291291
1.237237
1.147147
1.072072
1.348348
1.255255
1.174174
1.177177
1.234234
1.234234
1.117117
1.174174
1.153153
1.186186
1.033033
1.108108
1.387387
1.252252
1.159159
1.225225
1.231231
1.108108
1.171171
1.183183
1.072072
1.057057
1.135135
1.18018
1.111111
1.156156
1.168168
1.102102
1.162162
1.168168
1.102102
1.153153
1.231231
1.138138
1.135135
1.183183
1.222222
1.153153
1.219219
1.276276
1.234234
1.117117
1.15015
1.141141
1.057057
1.048048
1.261261
1.276276
1.138138
1.183183
1.234234
1.096096
1.156156
1.171171
1.111111
1.24024
1.255255
1.198198
1.12012
1.225225
1.273273
1.141141
1.138138
1.18018
1.153153
1.33033
1.294294
1.204204
1.045045
1.018018
1.33033
1.444444
1.273273
1.216216
1.216216
1.093093
1.093093
1.132132
1.135135
1.033033
1.078078
1.084084
1.033033
0.960961
1.012012
1.075075
1.027027
0.975976
1.027027
1.087087
1.009009
0.990991
1.036036
1.012012
0.9399399
0.960961
0.9459459
0.9129129
0.8798799
0.8528529
0.8498498
0.8678679
0.8408408
0.8618619
0.9429429
0.9429429
0.978979
1.114114
1.147147
1.069069
1.069069
1.138138
1.21021
1.123123
1.177177
1.168168
1.111111
1.006006
1.048048
1.129129
1.135135
1.027027
1.117117
1.222222
1.168168
1.132132
1.279279
1.318318
1.219219
1.273273
1.195195
1.12012
1.048048
1.126126
1.318318
1.201201
1.042042
1.03003
1.003003
0.987988
0.9249249
0.9309309
1.003003
1.105105
1.06006
1.084084
1.12012
1.102102
1.018018
1.012012
1.012012
1.009009
0.960961
0.96997
1.006006
0.981982
0.9279279
0.8648649
0.8678679
0.963964
1.219219
1.246246
1.207207
1.063063
1.114114
1.207207
1.225225
1.099099
1.126126
1.165165
1.18018
1.12012
1.204204
1.234234
1.156156
1.081081
1.147147
1.153153
1.039039
1.06006
1.099099
1.06006
1.006006
1.072072
1.084084
0.993994
1.018018
1.06006
1.015015
0.990991
1.06006
1.042042
0.963964
1.039039
1.099099
1.018018
0.990991
1.03003
1.054054
0.978979
0.990991
1.009009
0.966967
0.9189189
0.960961
1.009009
0.9489489
0.9339339
0.951952
0.9249249
0.8678679
0.8798799
0.9069069
0.9129129
0.8618619
0.8408408
0.8558559
0.8648649
0.8408408
0.8408408
0.8588589
0.8678679
0.8138138
0.7987988
0.8138138
0.8288288
0.8108108
0.7957958
0.8198198
0.8348348
0.8648649
0.8348348
0.8048048
0.8198198
0.8378378
0.8858859
0.8648649
0.8228228
0.8198198
0.8528529
0.8858859
0.9189189
0.8918919
0.8438438
0.8558559
0.8948949
0.9369369
0.9219219
0.8468468
0.8018018
0.7957958
0.8468468
0.954955
1.078078
1.006006
0.954955
1.03003
1.06006
1.024024
0.960961
0.990991
1.024024
1.036036
0.978979
1.027027
1.159159
1.156156
1.078078
1.177177
1.177177
1.072072
1.114114
1.204204
1.159159
1.189189
1.231231
1.108108
0.996997
1.102102
1.324324
1.21021
1.378378
1.372372
1.222222
1.273273
1.285285
1.165165
1.237237
1.315315
1.213213
1.258258
1.336336
1.279279
1.153153
1.21021
1.321321
1.228228
1.288288
1.207207
1.159159
1.027027
1.087087
1.516517
1.186186
1.201201
1.204204
1.24024
1.21021
1.261261
1.183183
1.153153
1.204204
1.219219
1.123123
1.186186
1.258258
1.231231
1.162162
1.267267
1.276276
1.159159
1.195195
1.213213
1.105105
1.195195
1.261261
1.198198
1.231231
1.216216
1.144144
1.351351
1.333333
1.165165
1.12012
1.357357
1.273273
1.156156
1.303303
1.285285
1.201201
1.297297
1.27027
1.126126
1.198198
1.231231
1.18018
1.252252
1.246246
1.159159
1.207207
1.216216
1.156156
1.294294
1.306306
1.171171
1.231231
1.249249
1.198198
1.138138
1.267267
1.279279
1.138138
1.219219
1.261261
1.126126
1.207207
1.222222
1.105105
1.207207
1.204204
1.189189
1.111111
1.153153
1.219219
1.174174
1.222222
1.231231
1.171171
1.237237
1.246246
1.159159
1.213213
1.231231
1.159159
1.081081
1.123123
1.045045
0.9489489
0.978979
1.126126
1.138138
1.027027
1.036036
1.108108
1.105105
1.012012
1.051051
1.132132
1.081081
1.087087
1.144144
1.153153
1.069069
1.123123
1.249249
1.138138
1.096096
1.132132
1.153153
1.033033
1.024024
1.102102
1.15015
1.087087
1.171171
1.198198
1.027027
1.015015
1.072072
1.312312
1.282282
1.252252
1.153153
1.144144
1.102102
1.048048
1.003003
1.057057
1.102102
1.048048
1.066066
1.084084
0.990991
0.951952
0.996997
1.114114
1.138138
1.033033
1.105105
1.18018
1.18018
1.09009
1.144144
1.186186
1.102102
1.177177
1.231231
1.132132
1.159159
1.246246
1.21021
1.054054
1.036036
1.075075
1.09009
1.057057
1.168168
1.192192
1.066066
1.093093
1.165165
1.177177
1.081081
1.132132
1.177177
1.117117
1.189189
1.258258
1.255255
1.147147
1.177177
1.207207
1.126126
1.027027
1.114114
1.3003
1.228228
1.15015
1.267267
1.246246
1.168168
1.162162
1.186186
1.078078
1.105105
1.243243
1.255255
1.177177
1.237237
1.156156
1.006006
0.963964
0.954955
0.963964
0.9249249
0.9129129
0.978979
1.108108
1.108108
1.171171
1.219219
1.144144
1.048048
1.075075
1.12012
1.078078
1.051051
1.165165
1.147147
1.072072
1.138138
1.243243
1.243243
1.159159
1.24024
1.225225
1.138138
1.141141
1.12012
1.078078
1.072072
1.168168
1.192192
1.168168
1.171171
1.132132
1.024024
1.081081
1.147147
1.189189
1.141141
1.186186
1.201201
1.171171
1.066066
1.093093
1.126126
1.066066
0.9159159
0.9219219
1.018018
1.225225
1.147147
1.123123
1.201201
1.183183
1.099099
1.108108
1.135135
1.084084
1.018018
1.027027
1.09009
1.078078
1.009009
1.081081
1.138138
1.075075
0.975976
1.006006
1.054054
1.063063
0.972973
1.003003
1.075075
1.051051
1.045045
1.084084
1.069069
0.957958
0.966967
1.018018
1.045045
0.984985
1.039039
1.075075
1.009009
0.9009009
0.8858859
0.8888889
0.8888889
0.8558559
0.8378378
0.8858859
0.9099099
0.9189189
0.957958
1.006006
0.972973
0.954955
0.996997
1.036036
1.006006
0.981982
1.063063
1.153153
1.072072
1.105105
1.171171
1.201201
1.105105
1.168168
1.258258
1.207207
1.102102
1.186186
1.297297
1.156156
1.165165
1.201201
1.138138
1.069069
1.171171
1.189189
1.123123
1.234234
1.252252
1.174174
1.048048
1.084084
1.408408
1.267267
1.102102
1.144144
1.222222
1.159159
1.111111
1.201201
1.183183
1.102102
1.129129
1.237237
1.237237
1.075075
1.045045
1.078078
1.03003
0.96997
0.978979
1.045045
1.132132
0.96997
1.015015
1.126126
1.141141
1.054054
0.9369369
0.96997
1.036036
1.081081
0.993994
1.012012
1.102102
1.09009
1.018018
1.015015
1.12012
1.102102
1.051051
0.96997
0.96997
1.018018
0.981982
0.978979
1.036036
1.105105
1.057057
1.069069
1.12012
1.156156
1.087087
1.147147
1.165165
1.162162
1.15015
1.159159
1.159159
1.108108
1.159159
1.159159
1.051051
0.981982
0.996997
1.069069
0.993994
0.975976
1.024024
1.063063
0.987988
1.03003
1.177177
1.189189
1.087087
1.105105
1.159159
1.153153
1.036036
1.114114
1.159159
1.039039
1.081081
1.132132
1.087087
0.963964
0.9039039
0.8828829
0.9039039
0.990991
1.063063
1.084084
1.288288
1.273273
1.15015
1.129129
1.135135
1.084084
0.993994
1.024024
1.048048
1.066066
1.024024
1.075075
1.045045
1.027027
0.993994
0.963964
0.96997
0.9459459
0.9069069
0.8738739
0.9369369
1.015015
1.045045
1.201201
1.192192
1.132132
1.012012
1.042042
1.141141
1.174174
1.189189
1.081081
1.117117
1.141141
1.096096
0.966967
1.069069
1.27027
1.174174
1.024024
1.069069
1.087087
1.024024
0.9399399
0.9129129
0.9339339
0.9399399
0.9099099
0.8558559
0.8768769
0.993994
1.183183
1.21021
1.159159
1.045045
1.099099
1.183183
1.174174
1.204204
1.126126
1.186186
1.183183
1.177177
1.084084
1.096096
1.129129
1.153153
1.012012
1.042042
1.135135
1.171171
1.057057
1.036036
1.066066
1.039039
0.972973
1.003003
1.12012
1.114114
1.039039
1.069069
1.126126
1.015015
1.081081
1.147147
1.141141
1.051051
1.027027
1.072072
1.153153
1.027027
0.972973
0.984985
1.03003
0.951952
0.9339339
0.960961
1.012012
0.96997
0.8978979
0.8858859
0.9429429
1.036036
1.081081
1.042042
0.987988
0.993994
1.03003
1.021021
0.9159159
0.9099099
0.96997
1.144144
1.063063
1.054054
1.102102
1.096096
1.018018
1.048048
1.123123
1.162162
1.117117
1.159159
1.138138
1.012012
1.084084
1.273273
1.228228
1.066066
1.081081
1.108108
1.138138
1.075075
1.159159
1.177177
1.174174
1.084084
1.12012
1.246246
1.168168
1.018018
1.048048
1.123123
1.261261
1.126126
1.186186
1.237237
1.081081
1.204204
1.201201
1.048048
1.06006
1.111111
1.039039
0.966967
1.024024
1.087087
1.042042
1.003003
1.03003
1.075075
1.012012
1.021021
1.072072
1.048048
0.975976
1.078078
1.204204
1.141141
1.09009
1.132132
1.111111
1.054054
1.081081
1.066066
1.036036
1.105105
1.084084
1.036036
1.066066
1.069069
1.075075
1.027027
0.960961
0.993994
1.057057
1.072072
0.96997
1.003003
1.018018
0.987988
0.9339339
1.003003
1.111111
1.033033
1.021021
1.069069
1.111111
1.051051
1.06006
1.126126
1.141141
1.036036
1.099099
1.177177
1.033033
1.045045
1.15015
1.117117
0.954955
0.96997
1.051051
1.558559
1.288288
1.108108
1.147147
1.159159
1.09009
1.063063
1.177177
1.198198
1.108108
1.159159
1.141141
1.075075
1.066066
1.072072
1.081081
1.066066
1.153153
1.246246
1.237237
1.141141
1.162162
1.159159
1.111111
1.174174
1.21021
1.147147
1.12012
1.153153
1.12012
1.042042
1.102102
1.147147
1.096096
1.057057
1.12012
1.198198
1.111111
1.15015
1.192192
1.12012
1.105105
1.138138
1.108108
1.027027
1.075075
1.12012
1.057057
1.099099
1.141141
1.081081
0.981982
0.990991
0.975976
0.9249249
0.963964
1.006006
0.957958
0.9399399
0.9069069
0.8828829
0.8618619
0.8588589
0.9009009
0.960961
1.027027
1.021021
1.054054
1.096096
1.099099
1.066066
1.066066
1.102102
1.132132
1.045045
1.042042
1.039039
1.051051
0.984985
0.996997
1.036036
0.990991
0.996997
1.285285
1.477477
1.141141
1.117117
1.093093
0.9339339
0.8648649
0.8678679
0.9309309
1.078078
1.255255
1.168168
1.234234
1.258258
1.243243
1.159159
1.192192
1.261261
1.168168
1.135135
1.195195
1.198198
1.138138
1.228228
1.237237
1.138138
1.192192
1.177177
1.093093
1.003003
0.954955
1.063063
1.072072
1.141141
1.405405
1.15015
1.144144
1.204204
1.126126
1.066066
1.168168
1.222222
1.12012
1.216216
1.21021
1.117117
1.186186
1.222222
1.138138
1.195195
1.243243
1.126126
1.189189
1.231231
1.099099
1.141141
1.192192
1.138138
1.303303
1.297297
1.162162
1.177177
1.168168
1.006006
1.015015
0.972973
1.003003
0.990991
1.144144
1.174174
1.06006
1.063063
1.06006
0.96997
0.9459459
0.9459459
1
1.024024
1.15015
1.213213
1.237237
1.132132
1.198198
1.237237
1.15015
1.174174
1.231231
1.084084
1.225225
1.222222
1.138138
1.204204
1.303303
1.195195
1.099099
1.18018
1.198198
1.114114
1.312312
1.264264
1.081081
1.123123
1.237237
1.201201
1.33033
1.267267
1.12012
0.984985
1.102102
1.528529
1.219219
1.282282
1.255255
1.207207
1.096096
1.129129
1.216216
1.174174
1.066066
1.129129
1.162162
1.096096
1.117117
1.087087
1.141141
1.111111
1.165165
1.141141
1.111111
1.006006
1.006006
1.198198
1.216216
1.201201
1.255255
1.165165
1.063063
1.135135
1.18018
1.069069
1.12012
1.198198
1.102102
1.081081
1.057057
0.966967
0.9429429
1.027027
1.114114
1.045045
1.087087
1.198198
1.135135
1.057057
1.135135
1.156156
1.075075
1.144144
1.231231
1.177177
1.045045
1.108108
1.153153
1.06006
1.177177
1.297297
1.18018
1.12012
1.201201
1.171171
1.066066
1.162162
1.285285
1.102102
1.096096
1.069069
1.051051
1.141141
1.495495
1.198198
1.045045
1.093093
1.096096
1.018018
1.006006
1.006006
1
0.9399399
0.993994
1.066066
1.111111
1.051051
1.072072
1.078078
1.021021
1.066066
1.243243
1.219219
1.147147
1.225225
1.252252
1.216216
1.144144
1.27027
1.261261
1.168168
1.201201
1.303303
1.186186
1.067689
1.091961
1.252252
1.21021
1.294294
1.219219
1.078078
1.096096
1.321321
1.105105
1.024024
1.048048
1.243243
1.105105
1.066066
1.153153
1.153153
1.054054
1.081081
1.102102
1.036036
1.027027
1.027027
1.123123
1.126126
1.147147
1.189189
1.177177
1.039039
1.054054
1.108108
1.057057
0.9429429
0.993994
1.231231
1.285285
1.144144
1.225225
1.243243
1.231231
1.156156
1.204204
1.192192
1.096096
1.135135
1.102102
1.051051
0.984985
1.009009
1.066066
1.057057
1.009009
1.036036
1.114114
1.102102
1.069069
1.15015
1.15015
1.057057
1.138138
1.159159
1.066066
1.123123
1.162162
1.048048
1.06006
1.186186
1.156156
1.054054
1.153153
1.225225
1.111111
1.189189
1.243243
1.132132
1.162162
1.297297
1.225225
1.162162
1.156156
1.237237
1.159159
1.144144
1.234234
1.264264
1.114114
1.177177
1.294294
1.303303
1.228228
1.309309
1.213213
1.114114
1.042042
1.096096
1.129129
1.078078
0.960961
0.96997
1.072072
1.276276
1.105105
1.18018
1.228228
1.084084
0.987988
0.960961
0.9099099
0.8618619
0.8978979
0.984985
0.963964
1.105105
1.204204
1.168168
1.066066
1.153153
1.231231
1.168168
1.135135
1.225225
1.216216
1.117117
1.228228
1.228228
1.153153
1.24024
1.267267
1.123123
1.156156
1.21021
1.114114
1.198198
1.243243
1.174174
1.183183
1.318318
1.243243
1.18018
1.237237
1.276276
1.153153
1.201201
1.216216
1.141141
1.189189
1.243243
1.174174
1.12012
1.285285
1.294294
1.114114
1.12012
1.252252
1.246246
1.201201
1.297297
1.228228
1.189189
1.129129
1.09009
1.063063
1.015015
1.525526
1.267267
1.078078
1.132132
1.21021
1.093093
1.054054
1.132132
1.144144
1.063063
1.129129
1.186186
1.213213
1.102102
1.093093
1.117117
1.006006
0.978979
1.066066
1.153153
0.963964
0.9369369
1.042042
1.225225
1.087087
1.147147
1.243243
1.162162
1.117117
1.21021
1.198198
1.168168
1.177177
1.195195
1.165165
1.165165
1.189189
1.198198
1.168168
1.207207
1.204204
1.162162
1.165165
1.186186
1.198198
1.162162
1.105105
1.264264
1.246246
1.189189
1.21021
1.21021
1.201201
1.177177
1.198198
1.219219
1.195195
1.141141
1.204204
1.21021
1.075075
1.174174
1.24024
1.117117
1.159159
1.219219
1.138138
1.15015
1.183183
1.177177
1.102102
1.189189
1.234234
1.093093
1.165165
1.231231
1.117117
1.147147
1.216216
1.228228
1.111111
1.285285
1.225225
1.204204
1.18018
1.207207
1.207207
1.201201
1.192192
1.189189
1.189189
1.165165
1.129129
1.147147
1.042042
1.054054
1.219219
1.168168
1.255214
0.96997
1.036036
1.006006
1
1.072072
1.024024
0.9489489
0.960961
1.021021
1.054054
0.990991
0.8948949
0.9189189
1.045045
1.174174
1.138138
1.12012
1.105105
1.114114
1.12012
1.123123
1.126126
1.141141
1.162162
1.15015
1.135135
1.138138
1.138138
1.087087
1.255255
1.186186
1.147147
1.192192
1.201201
1.126126
1.015015
1.051051
1.036036
0.951952
1.012012
1.147147
1.168168
1.084084
1.132132
1.213213
1.111111
1.09009
1.099099
1.087087
1.027027
1.075075
1.219219
1.195195
1.111111
1.18018
1.174174
1.015015
1.009009
1.039039
1.102102
1.033033
1.228228
1.27027
1.153153
1.21021
1.198198
1.075075
1.096096
1.207207
1.165165
1.057057
1.087087
1.153153
1.15015
1.072072
1.078078
1.252252
1.153153
1.054054
1.219219
1.18018
1.066066
1.156156
1.192192
1.084084
1.081081
1.057057
1.054054
1.057057
1.189189
1.249249
1.009009
1.075075
1.246246
1.159159
1.111111
1.195195
1.168168
1.153153
1.165165
1.174174
1.153153
1.168168
1.183183
1.162162
1.162162
1.159159
1.042042
1.102102
1.198198
1.186186
1.165165
1.204204
1.186186
1.171171
1.162162
1.159159
1.126126
1.129129
1.279279
1.222222
1.138138
1.072072
1.153153
1.096096
1.157494
0.984985
1.222222
1.078078
1.165165
1.195195
1.15015
1.129129
1.147147
1.129129
1.051051
1.111111
1.135135
1.063063
1.123123
1.219219
1.087087
1.087087
1.135135
1.159159
1.084084
1.207207
1.237237
1.198198
1.138138
1.114114
1.18018
1.099099
0.96997
1.036036
1.384384
1.201201
1.18018
1.264264
1.195195
1.153153
1.126126
1.186186
1.156156
1.048048
1.108108
1.126126
1.063063
1.162162
1.291291
1.159159
1.078078
1.147147
1.117117
1.066066
1.198198
1.216216
1.099099
1.15015
1.186186
1.054054
1.099099
1.177177
1.123123
1.105105
1.183183
1.186186
1.102102
1.117117
1.084084
0.951952
0.9219219
0.951952
1.012012
0.972973
0.990991
1.045045
1.039039
0.96997
1.03003
1.075075
1.021021
0.978979
0.990991
1.012012
0.984985
0.993994
1.024024
1.009009
0.9249249
0.9189189
0.9159159
0.8948949
0.8648649
0.8318318
0.8528529
0.9369369
0.9399399
1.027027
1.069069
0.978979
0.9069069
0.954955
1.039039
1.066066
0.996997
1.012012
1.054054
1.048048
0.981982
1.024024
1.102102
1.09009
1.027027
1.123123
1.105105
1.03003
0.9429429
0.96997
1.009009
0.993994
0.960961
1.009009
1.066066
1.12012
1.114114
1.087087
1.06006
1.099099
1.186186
1.066066
1.189189
1.186186
1.057057
0.957958
0.9429429
0.96997
0.9189189
0.8828829
0.9129129
0.954955
0.9249249
0.9189189
0.9429429
0.96997
0.9459459
0.9129129
0.972973
1.081081
1.123123
1.039039
1.072072
1.081081
1.12012
1.033033
1.06006
1.072072
1.003003
0.9099099
0.8888889
0.8918919
0.9339339
0.96997
0.9009009
0.9189189
0.978979
1.054054
0.978979
0.981982
0.993994
0.987988
0.9399399
0.8978979
0.9159159
0.975976
1.102102
1.081081
1.135135
1.189189
1.159159
1.078078
1.171171
1.216216
1.123123
1.177177
1.243243
1.192192
1.081081
1.177177
1.219219
1.144144
1.147147
1.288288
1.288288
1.138138
1.204204
1.264264
1.18018
1.216216
1.285285
1.261261
1.126126
1.21021
1.255255
1.147147
1.18018
1.213213
1.141141
1.045045
1.312312
1.267267
1.15015
1.21021
1.258258
1.153153
0.987988
0.966967
0.987988
0.9219219
0.9039039
1.012012
1.198198
1.15015
1.102102
1.126126
1.141141
1.147147
1.09009
1.228228
1.276276
1.264264
1.114114
1.165165
1.114114
1.174174
1.066066
1.129129
1.219219
1.183183
1.069069
1.117117
1.072072
1.003003
0.978979
1.09009
1.207207
1.108108
1.198198
1.216216
1.123123
1.177177
1.261261
1.195195
1.018018
1.063063
1.075075
0.996997
0.9069069
0.9309309
1.036036
1.045045
0.9039039
0.9129129
0.966967
1.009009
0.966967
1.045045
1.096096
1.102102
1.054054
1.075075
1.108108
1.081081
1.096096
1.156156
1.165165
1.087087
1.168168
1.276276
1.195195
1.06006
1.117117
1.168168
1.054054
1.048048
1.153153
1.249249
1.093093
1.12012
1.156156
1.129129
1.096096
1.243243
1.219219
1.09009
1.174174
1.24024
1.144144
1.237237
1.258258
1.147147
1.141141
1.057057
0.9489489
0.957958
1.036036
1.012012
1.018018
1.102102
1.135135
1.048048
1.102102
1.162162
1.144144
1.114114
1.201201
1.261261
1.195195
1.132132
1.291291
1.261261
1.09009
1.063063
1.225225
1.282282
1.159159
1.255255
1.288288
1.159159
1.168168
1.189189
1.087087
1.126126
1.168168
1.075075
1.162162
1.204204
1.099099
1.075075
1.153153
1.171171
1.048048
1.108108
1.201201
1.138138
1.093093
1.132132
1.159159
1.06006
1.126126
1.147147
1.087087
1.069069
1.138138
1.093093
1.003003
1.066066
1.108108
1.048048
0.9039039
0.8828829
0.972973
1.219219
1.183183
1.12012
1.15015
1.189189
1.165165
1.078078
1.177177
1.12012
1.018018
1.03003
1.018018
0.990991
0.984985
1.033033
1.081081
1.075075
1.009009
0.996997
1.018018
1.012012
0.996997
1.021021
1.054054
0.966967
1.009009
1.063063
1.024024
1.048048
1.084084
1.156156
1.039039
1.048048
1.126126
1.108108
1.063063
1.153153
1.171171
1.048048
1.063063
1.108108
1.12012
1.03003
1.108108
1.219219
1.201201
1.093093
1.159159
1.162162
1.054054
1.093093
1.171171
1.153153
1.288288
1.285285
1.129129
1.195195
1.147147
1
0.993994
1.003003
0.954955
0.960961
1.06006
1.108108
1
1.054054
1.051051
1.015015
0.96997
0.984985
1.072072
1.045045
1.111111
1.135135
1.084084
1.069069
1.138138
1.162162
1.12012
1.156156
1.15015
1.075075
1.135135
1.162162
1.006006
0.984985
0.993994
1.039039
0.975976
1.069069
1.138138
1.087087
1.048048
1.087087
1.087087
1.018018
1.087087
1.156156
1.066066
1.078078
1.093093
1.03003
1.036036
1.105105
1.129129
1.075075
1.069069
1.054054
0.972973
0.966967
1.075075
1.138138
0.996997
1.045045
1.081081
0.963964
0.951952
1
1.102102
1.027027
1.051051
1.102102
1.093093
1.084084
1.099099
1.06006
0.975976
0.984985
0.975976
0.8978979
0.8888889
0.9069069
0.981982
1.132132
1.117117
1.045045
1.075075
1.09009
1.075075
1
1.048048
1.105105
1.162162
1.066066
1.045045
1.114114
1.114114
1.039039
1.057057
1.156156
1.213213
1.111111
1.114114
1.081081
1.045045
0.9309309
0.960961
1.094577
1.243243
1.207207
1.225225
1.117117
1.045045
1.018018
1.024024
1.03003
0.978979
0.987988
1.045045
1.102102
1.042042
1.033033
1.09009
1.102102
1.027027
1.075075
1.132132
1.144144
1.063063
1.078078
1.051051
0.996997
0.996997
1.072072
1.102102
0.975976
0.9429429
0.990991
1.111111
1.045045
1.012012
0.96997
0.96997
0.9489489
0.8948949
0.960961
1.114114
1.18018
1.081081
1.072072
1.099099
1.093093
1.003003
1.03003
1.063063
1.048048
0.984985
1.045045
1.135135
1.147147
1.033033
1.072072
1.114114
1.138138
1.039039
1.12012
1.186186
1.186186
1.066066
1.117117
1.138138
1.129129
1.09009
1.135135
1.165165
1.138138
1.078078
1.126126
1.156156
1.093093
1.126126
1.156156
1.12012
1.033033
1.018018
0.975976
0.9459459
1
1.108108
1.099099
1.027027
1.027027
1.024024
0.993994
0.981982
0.996997
1.03003
1.081081
1.018018
1.036036
1.03003
1.051051
0.987988
0.996997
1.072072
1.006006
1.129129
1.186186
1.165165
1.099099
0.9489489
0.8678679
0.8258258
0.8168168
0.8438438
1.447447
1.249249
1.195195
1.213213
1.084084
1.132132
1.141141
1.18018
1.198198
1.099099
1.168168
1.183183
1.192192
1.126126
1.138138
1.114114
1.042042
0.9369369
0.9489489
1.03003
1.198198
1.159159
1.105105
1.072072
1.009009
0.9279279
0.8828829
0.8888889
0.9279279
0.8978979
0.8948949
0.9039039
0.9099099
0.8828829
0.8738739
0.8588589
0.8288288
0.8288288
0.8858859
0.9219219
0.9309309
0.996997
1.033033
1.021021
1.021021
1.036036
1.036036
0.981982
0.987988
1.027027
1.048048
0.993994
1.03003
1.099099
1.06006
0.984985
1.051051
1.123123
1.063063
1.084084
1.114114
1.066066
0.9399399
0.996997
1.129129
1.153153
1.03003
1.048048
1.06006
1.081081
1.003003
1.09009
1.195195
1.12012
0.996997
1.015015
1.024024
1.006006
0.9249249
0.960961
1.036036
0.993994
0.9189189
0.8978979
0.8858859
0.8768769
0.8528529
0.8378378
0.8138138
0.8018018
0.7867868
0.7687688
0.7567568
0.7477477
0.7447447
0.7567568
0.8678679
1.165165
1.201201
1.093093
1.015015
0.9189189
0.8768769
0.9099099
0.966967
1.021021
1.045045
0.9429429
0.9099099
0.957958
1.039039
1.144144
1.06006
1.048048
1.09009
1.087087
1.012012
0.990991
1.018018
1.036036
0.9459459
0.9399399
0.96997
1.036036
1.003003
1.003003
1.072072
1.087087
1.003003
1.012012
1.087087
1.144144
1.051051
1.081081
1.078078
1.045045
0.975976
0.96997
1.033033
1.087087
1.081081
1.183183
1.186186
1.027027
0.975976
0.9369369
0.9129129
0.8648649
0.8648649
0.8888889
0.966967
0.9459459
0.990991
1.048048
1.033033
1.003003
1.06006
1.132132
1.063063
1.093093
1.12012
1.081081
0.981982
1.03003
1.129129
1.114114
1.018018
0.954955
0.984985
0.981982
0.987988
1.072072
1.138138
1.066066
1.117117
1.09009
0.9459459
0.8768769
0.8588589
0.8528529
0.8588589
0.8318318
0.8228228
0.8288288
0.8078078
0.8108108
0.8678679
0.9489489
0.984985
0.984985
1.009009
1.006006
1.024024
1.003003
1.024024
1.078078
1.114114
1.006006
1.018018
1.093093
1.06006
0.981982
0.996997
1.075075
1.111111
1.003003
1.114114
1.204204
1.063063
1.108108
1.081081
0.957958
0.9399399
1.021021
1.15015
1.06006
1.105105
1.12012
1.012012
1.03003
1.051051
1.066066
1.021021
1.099099
1.102102
1.051051
1.045045
1.09009
1.087087
1.066066
1.102102
1.009009
0.9219219
0.954955
1.084084
1.141141
1.024024
1.078078
1.144144
0.960961
0.9009009
0.9159159
0.9129129
0.954955
0.954955
0.984985
1.006006
0.978979
0.993994
1.003003
1
0.9369369
0.9129129
0.9129129
0.9309309
0.9129129
0.9009009
0.9339339
0.951952
0.981982
0.966967
0.957958
0.972973
0.978979
0.9069069
0.9129129
0.954955
0.993994
1.012012
0.9489489
0.966967
0.966967
0.957958
0.9159159
0.9279279
0.963964
0.9369369
0.9429429
1.033033
1.105105
1.09009
1.006006
0.993994
1.036036
1.048048
0.996997
0.9249249
0.9309309
0.9429429
0.951952
0.9039039
0.8378378
0.8258258
0.8678679
1.333333
1.018018
0.9489489
1.114114
1.234234
1.192192
1.093093
1.144144
1.207207
1.264264
1.237237
1.144144
1.264264
1.285285
1.324324
1.246246
1.147147
1.231231
1.276276
1.177177
1.078078
1.15015
1.195195
1.09009
1.156156
1.213213
1.141141
1.078078
1.174174
1.204204
1.105105
1.066066
1.033033
0.9429429
0.8828829
0.8738739
0.9099099
0.9369369
0.954955
1.024024
1.045045
0.996997
1.03003
1.06006
1.051051
1.003003
1.027027
1.093093
1.099099
1.021021
1.078078
1.15015
1.084084
1.03003
1.075075
1.09009
1.003003
0.996997
1.063063
1.108108
1.051051
1.138138
1.126126
1.036036
1.081081
1.165165
1.087087
1.006006
1.087087
1.183183
1.159159
0.990991
1.093093
1.222222
1.198198
1.135135
1.138138
1.081081
0.966967
0.960961
1
1.003003
0.966967
0.963964
0.96997
0.9369369
0.8648649
0.8588589
0.8978979
1.018018
1.039039
1.108108
1.123123
1.12012
1.042042
1.087087
1.135135
1.099099
1.153153
1.237237
1.177177
1.108108
1.201201
1.228228
1.093093
1.156156
1.291291
1.171171
1.048048
1.075075
1.108108
0.951952
0.9279279
0.972973
0.981982
1.054054
1.246246
1.123123
1.057057
1.099099
1.099099
1.045045
1.018018
1.027027
1.078078
1.045045
1.183183
1.219219
1.108108
0.960961
0.9249249
0.9249249
0.975976
0.978979
1.540541
1.264264
1.081081
1.129129
1.135135
1.018018
1.099099
1.147147
1.033033
1.084084
1.177177
1.105105
1.087087
1.138138
1.153153
1.069069
1.105105
1.147147
1.066066
1.093093
1.168168
1.042042
1.06006
1.102102
1.033033
1.027027
1.147147
1.18018
1.054054
1.093093
1.156156
1.081081
0.993994
1.009009
0.954955
0.8828829
0.9009009
0.987988
1.15015
1.03003
0.990991
1.024024
1.06006
0.972973
1.036036
1.051051
1.084084
0.966967
0.993994
1.051051
1.057057
0.972973
0.984985
1.036036
1.099099
1.057057
1.09009
1.09009
0.993994
0.990991
1.06006
1.036036
0.960961
1.021021
1.108108
1.033033
1.018018
1.069069
1.09009
1.039039
1.078078
1.102102
1.048048
1.012012
0.96997
0.9189189
0.8438438
0.8078078
0.7987988
0.8528529
0.951952
0.9279279
0.96997
1.045045
1.03003
0.9369369
0.978979
1.057057
1.069069
1.018018
1.018018
1.078078
1.138138
1.084084
1.144144
1.216216
1.147147
1.213213
1.228228
1.234234
1.114114
1.153153
1.084084
0.960961
0.8708709
0.8318318
0.8678679
1.051084
1.285285
1.147147
1.039039
1.129129
1.237237
1.141141
1.108108
1.054054
1.042042
1.042042
1.168168
1.411411
1.264264
1.204204
1.201201
1.129129
1.03003
1.063063
1.192192
1.255255
1.162162
1.282282
1.147147
1.021021
1.081081
1.33033
1.117117
1.18018
1.153153
1.054054
1.093093
1.126126
1.06006
1.09009
1.153153
1.132132
1.036036
1.111111
1.21021
1.105105
1.135135
1.192192
1.18018
1.045045
1.141141
1.162162
1.03003
1.06006
1.072072
0.96997
0.984985
1.135135
1.132132
1.015015
1.033033
1.09009
1.024024
0.960961
1.003003
1.045045
0.996997
1.024024
1.042042
0.996997
0.984985
1.03003
1.021021
0.966967
0.990991
0.990991
0.9129129
0.8498498
0.8438438
0.8468468
0.8798799
0.8408408
0.8348348
0.8678679
0.9489489
1
0.9399399
0.9459459
0.996997
1.015015
0.975976
1.024024
1.069069
1.03003
0.975976
1.045045
1.081081
1.03003
1.021021
1.039039
1.015015
0.8948949
0.8768769
0.9039039
0.975976
0.966967
0.954955
0.978979
0.96997
0.9189189
0.9399399
0.981982
1.012012
0.9219219
0.9069069
0.8858859
0.8798799
0.8468468
0.8288288
0.8648649
0.8828829
0.9249249
1.03003
1.063063
1.015015
1.042042
1.06006
1.054054
0.966967
0.978979
1.039039
1.129129
1.042042
1.087087
1.159159
1.033033
0.9279279
1.015015
1.27027
1.192192
1.072072
1.15015
1.252252
1.126126
1.204204
1.171171
1.135135
1.192192
1.294294
1.195195
0.9790261
1.375375
1.33033
1.132132
1.072072
1.009009
0.9399399
0.972973
1.297297
1.237237
1.081081
1.108108
1.12012
1.063063
1.069069
1.102102
1.108108
1.024024
1.036036
1.009009
0.9099099
0.8588589
0.8288288
0.8198198
0.8198198
0.7837838
0.7597598
0.7537538
0.7537538
0.7627628
0.8018018
0.8828829
0.9399399
1.018018
1.039039
1.036036
0.96997
0.9279279
0.9309309
0.9489489
0.975976
0.993994
1.018018
0.996997
1.003003
0.975976
0.984985
0.993994
0.984985
0.9249249
0.8708709
0.8858859
0.9129129
0.963964
1.021021
0.981982
1.027027
1.06006
1.063063
0.978979
0.96997
0.993994
0.978979
0.963964
0.951952
1.138138
1.258258
1.072072
1.123123
1.114114
1.015015
1.039039
1.129129
1.075075
0.987988
1.018018
1.063063
0.990991
1.018018
1.066066
1.042042
0.96997
1.012012
1.051051
1.009009
0.963964
1.018018
1.075075
1.03003
1.063063
1.111111
1.015015
1.012012
1.027027
1.021021
0.9459459
0.960961
0.996997
0.960961
1.018018
1.09009
1.063063
0.957958
0.984985
1.015015
0.981982
1.003003
1.03003
1.012012
0.9339339
0.9159159
0.9399399
0.978979
0.954955
1
1.021021
0.987988
1.027027
0.996997
0.9459459
0.96997
1.012012
1.018018
0.981982
0.8978979
0.9009009
0.8978979
0.8978979
0.8708709
0.8618619
0.8648649
0.8558559
0.8288288
0.8408408
0.9189189
0.993994
0.990991
1.033033
1.03003
1.021021
0.987988
1.036036
1.036036
0.9399399
0.8888889
0.9129129
0.972973
1.021021
0.9219219
0.9459459
0.990991
0.978979
0.951952
0.987988
1.012012
0.966967
0.984985
1.027027
1.054054
0.996997
1.03003
1.096096
1.108108
1.015015
1.081081
1.099099
1.063063
1.09009
1.162162
1.072072
0.978979
1.048048
1.225225
1.09009
1.096096
1.099099
1.042042
0.9399399
0.993994
1.111111
1.012012
0.954955
0.987988
1.018018
0.984985
1.06006
1.096096
1.054054
0.993994
1.069069
1.147147
1.087087
1.051051
1.114114
1.111111
1.024024
1.021021
1.054054
1.003003
0.9009009
0.954955
1.024024
1.081081
1.027027
0.984985
1
0.984985
0.9249249
0.9309309
0.975976
1.048048
0.960961
1.036036
1.096096
1.09009
1.021021
1.066066
1.111111
1.087087
1.066066
1.108108
1.114114
1.021021
1.081081
1.105105
1.066066
1.072072
1.06006
1.018018
1.039039
1.042042
1.03003
1.003003
1.081081
1.132132
1.075075
1.021021
1.033033
1.03003
0.9369369
0.8948949
0.9459459
1.084084
1.033033
1.084084
1.153153
1.066066
1.009009
1.024024
1.021021
0.966967
0.984985
1.018018
0.996997
0.9249249
0.96997
1.045045
0.963964
0.9369369
0.9219219
0.963964
0.9339339
0.8978979
0.966967
1.075075
1.078078
0.996997
1.042042
1.141141
1.12012
1.066066
1.102102
1.117117
1.087087
1.039039
1.096096
1.078078
0.966967
0.8978979
0.8948949
0.9009009
0.8798799
0.8708709
0.8588589
0.8948949
0.981982
1.063063
1.006006
1.042042
1.078078
1.039039
0.9489489
1.009009
1.051051
0.96997
0.975976
1.003003
1.072072
1.006006
1.096096
1.129129
1.06006
0.975976
0.987988
1.012012
0.984985
0.957958
0.981982
0.972973
0.9099099
0.8858859
0.8978979
0.9429429
0.9159159
0.9459459
0.963964
0.975976
0.9099099
0.9129129
0.9099099
0.9099099
0.8828829
0.9069069
0.951952
1.009009
0.9459459
0.990991
1.024024
0.993994
0.966967
1
1.009009
0.9279279
0.9309309
0.9489489
0.9459459
0.960961
1.045045
1.105105
0.990991
1.006006
1.03003
0.96997
0.981982
1.027027
1.072072
0.981982
1.027027
1.048048
1.039039
1.066066
1.069069
1.006006
0.990991
1.036036
1.075075
1.003003
1.039039
1.084084
0.984985
0.957958
1.03003
1.138138
1.117117
1.009009
1.039039
1.066066
1.024024
1.057057
1.159159
1.156156
1.063063
1.069069
1.06006
0.9489489
0.963964
1.063063
1.126126
1.024024
1.096096
1.075075
1.012012
1.033033
1.111111
1.132132
1.039039
1.102102
1.21021
1.159159
1.087087
1.123123
1.084084
1.042042
1.108108
1.129129
1.093093
1.12012
1.21021
1.21021
1.114114
1.144144
1.108108
1.051051
1.087087
1.219219
1.243243
1.096096
1.138138
1.153153
1.099099
1.12012
1.186186
1.159159
0.975976
0.9489489
0.975976
1.057057
1.012012
1.12012
1.177177
1.114114
1.042042
1.132132
1.162162
1.129129
1.039039
1.084084
1.135135
1.099099
1.123123
1.219219
1.21021
1.105105
1.117117
1.126126
1.048048
1.069069
1.15015
1.051051
0.9219219
0.9219219
0.9459459
0.9459459
0.9129129
0.9489489
1.06006
1.093093
0.984985
0.984985
1.033033
1.054054
1.021021
0.9429429
0.981982
1.042042
1.036036
1.015015
1.033033
1.084084
1.012012
1
0.966967
0.9039039
0.8738739
0.9249249
0.9279279
0.8558559
0.8168168
0.8258258
0.9099099
1.138138
1.153153
1.132132
1.003003
1.027027
1.072072
1.06006
1.036036
1.084084
1.129129
1.195195
1.12012
1.057057
1.084084
1.147147
1.174174
1.054054
1.042042
1.072072
1.135135
1.042042
1.018018
0.972973
0.957958
0.9069069
0.8858859
0.9159159
0.993994
0.966967
0.972973
0.996997
0.996997
0.9339339
0.9429429
0.96997
0.987988
0.9309309
0.957958
0.9219219
0.96997
1.108108
1.036036
0.9399399
0.963964
0.972973
0.975976
0.8978979
0.8588589
0.9009009
1.018018
1.057057
0.984985
1.021021
1.051051
1.018018
0.966967
0.993994
1.072072
1.108108
1.033033
1.108108
1.126126
1.084084
0.993994
1.045045
1.174174
1.111111
1.012012
1.036036
1.072072
1.006006
1.027027
1.06006
1.057057
0.975976
1.003003
1.057057
1.045045
1.045045
1.087087
1.03003
0.960961
1.003003
1.051051
1.003003
0.984985
1.057057
1.126126
1.021021
1.06006
1.072072
1.105105
1.024024
1.093093
1.159159
1.057057
1.009009
1.006006
0.951952
0.8648649
0.8708709
0.951952
1.15015
1.069069
1.132132
1.147147
1.069069
1.006006
1.06006
1.063063
1.015015
1.069069
1.156156
1.099099
1.009009
1.039039
1.078078
1.03003
1
1.048048
1.003003
0.9309309
0.9459459
0.978979
1.027027
0.9429429
0.981982
1.09009
1.15015
1.069069
1.087087
1.111111
1.069069
1.033033
1.078078
1.096096
1.015015
1.057057
1.081081
1.03003
1.009009
1.066066
1.111111
1.027027
1.081081
1.075075
0.972973
0.972973
1.009009
1.027027
0.9459459
0.954955
0.990991
0.972973
0.9309309
0.972973
1.021021
0.990991
0.9429429
0.984985
1.027027
1.021021
0.957958
0.981982
1.081081
1.126126
1.033033
1.057057
1.081081
1.09009
0.987988
0.978979
0.990991
0.9459459
0.8858859
0.9039039
0.954955
0.9129129
0.9219219
1.075075
1.3003
1.186186
0.957958
0.8948949
0.8558559
0.8228228
0.8528529
0.96997
0.9489489
1.18018
1.207207
1.138138
1.054054
0.9279279
0.96997
1.108108
1.111111
0.9489489
0.8588589
0.8198198
0.8258258
0.9369369
1.411411
1.177177
0.978979
0.9099099
0.8798799
0.9459459
1.144144
1.129129
1.123123
1.12012
1.135135
1.099099
1.123123
1.168168
1.162162
1.15015
1.102102
1.204204
1.186186
1.12012
1.048048
1.123123
1.174174
1.15015
0.975976
0.951952
1.021021
1.129129
1.063063
1.114114
1.123123
1.153153
1.048048
1.009009
1.006006
1.042042
1.153153
1.048048
1.093093
1.165165
1.126126
1.027027
1.051051
1.129129
1.033033
1.054054
1.069069
1.054054
1.003003
1.027027
1.039039
0.993994
1
1.039039
1.048048
0.966967
1
1.036036
1.012012
0.9459459
0.9489489
0.987988
0.984985
0.963964
0.996997
0.996997
0.9249249
0.9339339
0.957958
0.951952
0.8888889
0.8918919
0.9129129
0.8918919
0.8408408
0.8648649
0.8888889
0.8858859
0.8378378
0.8378378
0.8558559
0.8438438
0.8168168
0.8108108
0.8318318
0.8258258
0.8048048
0.7747748
0.7807808
0.7927928
0.8018018
0.7837838
0.8018018
0.8168168
0.8318318
0.7867868
0.7927928
0.8048048
0.8138138
0.7927928
0.7777778
0.7957958
0.8438438
0.8918919
0.8648649
0.8828829
0.9039039
0.8768769
0.8228228
0.8198198
0.8468468
0.8678679
0.8348348
0.8168168
0.8138138
0.8978979
1.009009
0.975976
1.012012
1.036036
1.051051
1.012012
0.8978979
0.8408408
0.8618619
0.9429429
1.138138
1.129129
1.003003
0.984985
1.069069
1.183183
1.204204
1.168168
1.117117
1.021021
1.042042
1.078078
1.129129
1.027027
1.039039
1.261261
1.234234
1.087087
1.192192
1.237237
1.117117
1.021021
1.081081
1.33033
1.237237
1.084084
1.093093
1.237237
1.18018
1.12012
1.093093
1.048048
1.183183
1.216216
1.081081
0.981982
0.978979
0.954955
0.8828829
0.8858859
1.039039
1.231231
1.102102
1.033033
1.03003
1.018018
0.951952
0.957958
0.987988
0.996997
0.957958
0.993994
1.033033
1.027027
1.015015
1.072072
1.093093
1.039039
1
0.990991
0.972973
0.9489489
1.009009
1.072072
0.984985
0.984985
1.042042
1.045045
0.996997
1.069069
1.15015
1.195195
1.138138
1.087087
1.093093
1.096096
1.015015
1.111111
1.162162
1.024024
0.966967
