1.044
1
0.94
0.952
1
1.06
1.108
1.024
0.94
0.944
1.028
1.088
1.048
1.012
0.952
0.992
1.156
1.132
1.028
1.052
1.124
1.088
1.004
0.936
0.952
1.16
1.176
1.108
1.048
1.068
1.06
1.008
1.016
1.1
1.16
1.112
0.976
0.96
1.008
1.108
1.084
1.076
1.08
1.028
0.96
0.996
1.092
1.112
1.028
0.976
1.028
1.092
1.076
1.016
1.004
1.064
1.156
1.124
1.064
1.056
1.116
1.08
1.012
0.988
1.128
1.192
1.116
1.036
1.012
1.124
1.104
1.028
0.972
1.056
1.088
1.032
1.04
1.052
1.044
0.98
0.936
1.052
1.12
1.096
1.032
0.932
0.924
0.98
1.048
1.016
0.968
0.996
1.028
1.016
0.976
0.92
0.876
0.948
1.008
1.104
1.04
1.004
1.036
0.964
0.936
0.956
1.056
1.148
1.04
1
1.032
1.032
0.984
1.004
1.08
1.096
1.004
1.04
1.056
1.028
0.992
1.004
0.996
0.94
0.972
1.04
1.072
1.048
1.088
1.06
1.024
1.056
1.156
1.136
1.128
1.148
1.14
1.108
1.016
1.068
1.128
1.056
1.056
1.104
1.12
1.032
1.04
1.084
1.048
1.008
1.056
1.088
1.004
0.992
1.016
1.004
0.98
1.016
1.08
1.036
1.052
1.084
1.044
0.98
1.016
1.088
1.056
1.02
1.04
1.112
1.048
1.084
1.132
1.084
1
1.068
1.124
1.108
1.064
1.124
1.1
1.044
1.064
1.088
1.008
0.992
1.068
1.044
1.008
1.048
1.128
1.044
1.012
1.008
0.96
0.908
0.92
1.008
1.112
1.036
1.028
1.052
1
0.94
0.98
1.052
1.012
1.032
1.076
1.036
0.992
1.08
1.06
0.976
1
1.1
1.136
1.032
1.104
1.144
1.02
0.944
0.98
1.112
1.132
1.092
1.104
1.12
1.072
1.068
1.1
1.096
1.012
1.008
1.096
1.12
1.092
1.06
1
0.972
0.928
0.992
1.084
1.124
1.08
1.052
1.024
0.9996883
0.976
0.836
0.884
1.156
1.032
1.032
1.056
1.052
0.98
0.956
1.084
1.108
1
1.072
1.152
1.068
0.988
1.096
1.14
1.052
1.04
1.136
1.16
1.056
1.084
1.116
1.124
1.124
1.148
1.236
1.188
1.104
1.108
1.144
1.1
1.024
1.088
1.156
1.144
1.016
1.028
1.1
1.052
1.1
1.18
1.1
1.032
1.104
1.084
1.016
0.96
0.972
1.088
1.048
1.012
1.032
1.08
1.056
1.036
1.124
1.132
1.048
1.072
1.092
1.088
1.024
1.052
1.076
1.032
0.988
1.04
1.156
1.108
1.04
1.116
1.148
1.084
1.016
1.056
1.112
1.112
1.044
1.084
1.108
1.032
1
1.092
1.12
1.048
0.996
0.964
1.056
1.144
1.056
1.104
1.1
1.064
1.004
1.032
1.08
1.044
1.044
1.044
1.04
0.972
1.02
1.052
1.016
1
1.08
1.096
0.98
0.964
0.96
1.016
0.968
0.968
1.06
1.028
0.976
0.956
0.96
0.968
0.924
1.056
1.08
1.008
0.976
1.028
1.044
0.984
0.952
1.004
1.056
1.02
0.956
0.94
0.988
0.988
0.948
1
1.008
1.02
0.984
1.044
1.072
0.964
0.964
1.028
1.064
1.008
0.996
1.028
1.072
1.012
1.068
1.084
1.012
0.988
1.076
1.112
1.048
1.084
1.116
1.044
0.98
1.02
1.14
1.06
1.016
1.108
1.14
1.068
0.992
0.98
1.096
1.112
1.036
1.116
1.196
1.112
1.012
1.056
1.068
1.04
0.976
1.044
1.12
1.076
1.076
1.14
1.088
1.004
1.04
1.164
1.112
1.044
1.096
1.144
1.048
1.032
1.128
1.152
1.028
1.084
1.16
1.084
1.016
1.092
1.188
1.136
1.08
1.032
1.124
1.148
1.16
1.088
1.04
1.116
1.128
1.096
1.02
1.06
1.128
1.084
1.024
1.096
1.124
1.06
1.044
1.052
1.156
1.144
1.068
1.14
1.156
1.072
1.028
1.092
1.136
1.052
1.096
1.14
1.096
1.008
1.056
1.116
1.056
1.008
1.064
1.088
0.972
0.968
1.024
1.04
1.036
1.144
1.088
0.984
0.968
1.016
1.032
0.984
0.96
0.968
1.036
0.96
0.996
1.024
1.04
1.008
1.088
1.124
1.032
0.952
0.968
1.02
0.988
1.076
1.112
1
0.984
1.036
1.036
0.968
1.02
1.08
1.04
0.968
1.012
1.032
1
0.972
1.032
1.064
0.988
1.004
1.024
1.012
0.996
0.992
1.048
1.064
0.96
0.976
1.036
0.992
0.912
0.936
0.996
1.044
1.024
1.06
1.028
0.936
0.948
0.976
0.96
0.932
1.088
1.096
0.988
0.964
0.988
0.992
0.944
0.928
1.016
1.036
1.064
0.996
0.912
0.896
0.984
1.072
1.016
1.056
1.108
1.044
0.96
1.004
1.108
1.136
1.056
0.964
1.012
1.1
1.04
1.02
1.076
1.084
1
1.044
1.072
1.012
0.984
1.012
1.104
1.048
1.044
1.056
1.064
1.004
1.032
1.104
1.08
1.084
1.088
1.076
0.996
1.004
1.1
1.168
1.068
1.016
1.124
1.12
1.112
1.02
1.032
1.12
1.076
1.04
1.152
1.156
1.088
1.044
1.128
1.172
1.148
1.012
1.032
1.148
1.152
1.072
1.092
1.136
1.112
1.012
1
1.04
1.072
1.056
1.076
1.084
1.052
1.036
1.108
1.164
1.072
1.036
1.1
1.144
1.08
1.016
1.112
1.224
1.132
1.044
1.088
1.096
1.032
1.068
1.116
1.1
1.024
1.144
1.16
1.056
0.96
1.048
1.196
1.132
1.04
1.104
1.144
1.068
1.032
1.088
1.128
1.068
1.092
1.116
1.092
0.988
1
1.076
1.072
1.008
1.076
1.084
1.084
1.056
1.088
1.068
0.988
1.008
1.064
1.044
0.976
0.964
1.1
1.104
1.016
1.092
1.092
1.056
1.072
1.12
1.16
1.076
1.008
1.112
1.108
1.028
1.028
1.12
1.088
0.996
1.044
1.136
1.092
1.044
1.112
1.132
1.044
1.08
1.116
1.108
0.98
0.996
1.084
1.248
1.1
1.044
1.148
1.188
1.076
0.964
1.02
1.132
1.096
1.04
1.084
1.124
1.136
1.04
0.94
0.988
1.156
1.172
1.04
0.976
1.116
1.116
1.02
1.052
1.076
1.044
0.984
1.084
1.116
1.048
1.068
1.092
1.044
1.016
1.068
1.06
0.988
1.016
1.056
1.076
1.016
1.048
1.092
1.024
0.988
0.972
1.064
1.056
0.996
1.048
1.108
1.084
1.02
1.02
1.064
1.032
1.132
1.16
1.076
1.068
1.064
1.04
1.02
1.124
1.26
1.16
1.068
1.152
1.112
1.008
1.004
1.104
1.112
1.052
1.072
1.08
1.036
1.044
1.032
1.052
0.948
0.92
0.932
0.936
0.98
1.18
1.148
1.04
0.972
1.068
1.144
1.056
1.092
1.104
1.084
0.988
1.072
1.252
1.236
1.14
1.184
1.164
1.04
1.024
1.04
1.064
0.992
1.108
1.164
1.088
1.036
1.112
1.2
1.14
1.056
1.136
1.172
1.108
1.008
1.004
1.116
1.136
1.04
1.052
1.152
1.104
0.996
1.096
1.132
1.04
1.048
1.132
1.136
1.028
1.044
1.116
1.068
1.116
1.164
1.084
1.096
1.184
1.196
1.092
1.044
1.176
1.196
1.112
1.208
1.148
1.016
1.02
1.28
1.228
1.132
1.188
1.168
1.072
1.088
1.156
1.16
1.048
1.116
1.204
1.156
1.064
1.104
1.2
1.056
1.004
1.096
1.208
1.144
1.216
1.16
1.048
1.064
1.1
1.068
1.044
1.128
1.192
1.116
1.052
1.176
1.216
1.096
1.116
1.248
1.208
1.172
1.004
0.936
1.04
1.292
1.168
1.26
1.244
1.128
1.088
1.076
1.04
0.972
1.044
1.156
1.076
1.044
1.116
1.172
1.02
1.032
1.136
1.112
1.008
1.044
1.12
1.08
1.06
1.132
1.068
0.98
1.08
1.28
1.212
1.068
1.1
1.128
1.068
1.136
1.192
1.116
1.12
1.264
1.208
1.088
1.068
1.116
1.06
0.984
1
1.152
1.108
1.04
1.076
1.036
0.964
0.928
1.056
1.192
1.128
1.176
1.176
1.104
1.196
1.236
1.144
1.028
0.976
1.184
1.212
1.132
1.18
1.188
1.184
1.076
1.164
1.212
1.128
1.12
1.256
1.236
1.172
1.184
1.228
1.184
1.176
1.076
1.056
1.268
1.188
1.048
1
1.04
1.14
1.048
1.08
1.108
1.048
1.024
1.172
1.192
1.08
1.14
1.192
1.144
1.104
1.144
1.144
1.06
1.06
1.008
1.064
1.052
0.948
0.984
1.12
1.008
0.956
1.02
1.064
0.996
0.972
1.028
1.112
1.044
1.072
1.124
1.084
0.984
1.036
1.284
1.212
1.072
1.192
1.216
1.136
1.064
1.116
1.192
1.192
1.1
1.2
1.132
1.052
1.144
1.192
1.192
1.104
1.224
1.176
1.144
1.092
1.196
1.208
1.184
1.152
1.076
1.032
1.108
1.252
1.264
1.12
1.04
1.128
1.192
1.12
1.052
1.168
1.236
1.136
1.092
1.164
1.204
1.132
1.08
1.132
1.128
1.052
1.024
1.22
1.208
1.092
1.088
1.244
1.184
1.084
1.096
1.204
1.216
1.104
1.124
1.216
1.18
1.08
1.132
1.216
1.128
1.148
1.184
1.164
1.076
1.108
1.228
1.212
1.092
1.032
1.156
1.216
1.108
0.988
1.028
1.08
1.036
1.008
1.092
1.1
1.052
1.148
1.22
1.188
1.092
1.076
1.252
1.2
1.188
1.064
1.112
1.156
1.2
1.076
1.164
1.16
1.18
1.164
1.272
1.22
1.092
1.028
1.192
1.208
1.112
1.104
1.216
1.136
1.032
0.988
1.208
1.232
1.136
1.14
1.18
1.188
1.116
1.128
1.216
1.172
1.072
1.148
1.176
1.116
1.024
1.108
1.156
1.196
1.208
1.244
1.228
1.176
1.092
1.212
1.124
1.064
1
1.072
1.076
1.012
1.104
1.16
1.184
1.14
1.08
1.1
1.164
1.108
0.964
0.908
0.992
0.976
0.992
0.916
0.904
0.912
0.996
0.904
0.844
0.796
0.828
0.824
0.8
0.76
0.768
0.808
0.92
1.068
1.108
1.1
1.1
1.032
0.996
1.092
1.192
1.172
1.092
1.02
1.024
1.324
1.264
1.192
1.124
1.252
1.244
1.248
1.216
1.112
0.968
1.156
1.348
1.188
1.344
1.28
1.14
1.12
1.112
1.048
1.036
1.356
1.2
1.096
1.092
1.116
1.056
1.164
1.232
1.188
1.116
1.144
1.192
1.208
1.104
1.02
1.184
1.216
1.188
1.072
1.056
1.248
1.144
1.092
1.196
1.248
1.18
1.172
1.052
1.068
1.224
1.22
1.104
1.116
1.152
1.032
0.968
1.304
1.252
1.124
1.056
1.192
1.256
1.164
1.044
1.02
1.34
1.3
1.104
1.012
1.128
1.276
1.236
1.184
1.072
1.148
1.224
1.208
1.128
1.076
1.112
1.096
1.08
1.108
1.272
1.196
1.084
0.988
1.124
1.172
1.084
1.004
1.02
1.072
1.076
1.012
1.032
1.104
1.148
1.048
1.004
1.144
1.2
1.1
1.072
1.112
1.164
1.12
1.044
1.168
1.248
1.216
1.108
1.004
1.144
1.284
1.24
1.148
1.216
1.232
1.14
1.06
1.016
1.308
1.292
1.192
1.16
1.236
1.248
1.164
1.052
1
1.088
1.248
1.136
1.04
1.032
1.18
1.116
1.068
1.036
0.92
0.836
0.824
1.368
1.084
1.136
1.232
1.104
1.112
1.164
1.16
1.088
1.028
1.068
1.204
1.112
1.236
1.228
1.188
1.016
0.956
1.128
1.2
1.096
1.156
1.164
1.124
1.248
1.244
1.212
1.14
1.128
1.204
1.312
1.26
1.24
1.16
1.088
1.232
1.284
1.268
1.156
1.144
1.188
1.176
1.288
1.248
1.204
1.164
1.048
1.008
1.344
1.228
1.192
1.272
1.244
1.16
1.024
1.024
1.316
1.268
1.148
1.084
1.16
1.208
1.212
1.104
1.016
1.012
1.3
1.24
1.2
1.228
1.252
1.224
1.188
1.22
1.144
1.068
1.024
1.284
1.276
1.228
1.168
1.252
1.284
1.14
1.124
1.304
1.316
1.216
1.088
0.984
1.244
1.324
1.144
1.144
1.184
1.152
1.06
1.072
1.372
1.26
1.156
1.24
1.28
1.144
1.064
1.188
1.256
1.244
1.204
1.076
1.044
1.248
1.284
1.216
1.168
1.132
1.148
1.16
1.244
1.284
1.228
1.188
1.16
1.176
1.128
1.208
1.248
1.216
1.028
1.08
1.324
1.32
1.264
1.132
1.22
1.192
1.108
1.068
0.952
0.94
1.216
1.196
1.1
1.28
1.264
1.176
1.1
1.172
1.132
1.064
1.096
1.236
1.228
1.152
1.228
1.184
1.148
1.228
1.268
1.168
1.088
1.108
1.3
1.28
1.164
1.04
1.168
1.304
1.212
1.176
1.188
1.244
1.284
1.232
1.164
1.184
1.324
1.204
1.156
1.008
1.088
1.1
1.108
1.028
1.076
1.208
1.172
1.068
1.096
1.068
0.972
0.992
1.116
1.068
1.052
1.112
1.192
1.156
1.108
1.16
1.224
1.204
1.156
1.016
0.956
1.124
1.18
1.116
1.148
1.188
1.112
1.176
1.156
1.128
1.072
1.256
1.244
1.184
1.292
1.248
1.164
1.132
1.252
1.2
1.128
1.216
1.2
1.156
1.056
0.98
0.928
0.904
0.872
0.828
0.848
0.944
1.24
1.228
1.224
1.188
1.16
1.14
1.18
1.184
1.128
1.104
1.072
1.16
1.236
1.196
1.156
1.224
1.268
1.216
1.196
1.06
1.108
1.42
1.308
1.26
1.204
1.208
1.212
1.18
1.184
1.152
1.26
1.2
1.044
1.176
1.108
0.964
1.024
1.196
1.052
0.972
0.988
0.996
0.948
1.072
1.22
1.156
1.02
0.944
0.96
1.152
1.128
1.168
1.18
1.148
1.2
1.228
1.228
1.084
1.108
1.264
1.236
1.168
1.308
1.22
1.156
1.164
1.336
1.324
1.28
1.188
1.108
1.088
1.368
1.312
1.28
1.232
1.228
1.124
1.056
1.336
1.316
1.256
1.108
1.08
1.308
1.268
1.204
1.196
1.184
1.2
1.16
1.324
1.292
1.224
1.18
1.076
1.064
1.112
1.084
1.312
1.26
1.188
1.228
1.216
1.156
1.064
1.212
1.316
1.252
1.168
1.22
1.22
1.204
1.056
1.124
1.328
1.308
1.192
1.14
1.252
1.276
1.244
1.168
1.192
1.252
1.244
1.24
1.188
1.048
0.96
1.352
1.276
1.264
1.192
1.28
1.204
1.112
1.136
1.204
1.244
1.188
1.176
1.128
1.268
1.292
1.236
1.152
1.208
1.268
1.292
1.18
1.24
1.232
1.22
1.132
1.176
1.296
1.26
1.076
0.98
1.104
1.412
1.26
1.156
1.28
1.24
1.18
1.089363
1.36
1.324
1.184
1.144
1.176
1.156
1.292
1.32
1.26
1.184
1.164
1.264
1.216
1.176
1.068
1.056
1.348
1.324
1.248
1.12
1.136
1.26
1.276
1.236
1.128
1.16
1.148
1.068
1.04
0.968
1.02
1.092
1.044
0.98
1.076
1.148
1.084
0.976
0.988
1.004
0.968
0.932
0.968
1.032
1.016
0.956
1.032
1.088
1.004
0.984
1.052
1.136
1.072
1.036
1.12
1.132
1.032
1.04
1.136
1.028
1.028
1.196
1.164
1.052
1.024
1.136
1.144
1.02
1.024
1.144
1.16
1.064
1.06
1.044
1.024
1.008
1.012
0.924
0.9
0.904
0.856
0.832
0.808
0.788
0.836
1.016
0.948
0.924
0.948
0.896
0.852
0.82
0.784
0.792
1.224
1.052
1.076
1.112
1.072
0.98
1.04
1.156
1.148
1.036
0.984
1.044
1.172
1.076
1.048
1.048
1.072
1.028
1.12
1.172
1.068
1.004
1.144
1.192
1.108
1.124
1.168
1.148
1.06
1.132
1.184
1.024
0.984
0.988
1.048
1.112
1.204
1.192
1.104
1.192
1.168
1.096
1.124
1.104
1.036
0.98
1.212
1.228
1.1
1.156
1.136
1.072
1.032
1.024
0.996
1.052
1.104
1.016
0.992
1.076
1.124
0.992
0.988
0.996
0.972
0.956
1.012
1.104
1.184
1.052
1.008
1.06
1.128
1.064
1.072
1.012
0.948
1.004
1.156
1.224
1.092
1.032
1.14
1.112
1.084
1.224
1.208
1.072
1.092
1.116
1.084
1.152
1.172
1.072
1.004
1.072
1.188
1.116
1.052
1.036
1.052
1.036
1.032
1.084
1.052
1.036
1.124
1.08
0.996
0.964
0.964
1.084
1.06
0.972
0.996
1.008
1.06
1.028
1.08
1.048
1.02
1.024
1.092
1.128
1.016
1.028
0.924
0.892
0.924
0.924
0.956
1
1
0.916
0.86
0.856
0.924
0.916
0.868
0.872
0.904
0.968
0.948
0.944
0.98
1.06
1.052
0.9
0.88
0.828
0.784
0.804
0.944
0.94
0.86
0.816
0.888
1.064
0.98
1.02
1.096
1.068
1
0.988
1.14
1.116
1.032
0.988
0.968
1.012
0.944
0.932
1.06
1.104
1.064
0.98
1.076
1.168
1.164
1.06
1.048
0.944
0.916
0.968
1.036
1.032
0.932
0.936
0.964
0.992
0.896
0.844
0.8
0.764
0.736
0.768
0.944
0.928
0.964
0.944
0.928
0.872
0.848
0.876
0.956
1.032
0.948
0.876
0.812
0.78
0.9
1.096
1.048
1.056
1.064
0.968
0.924
0.944
0.96
0.996
0.972
1.048
1.084
1.088
0.976
0.944
0.98
1.016
0.972
1.012
1.116
1.072
0.936
0.896
0.924
0.892
0.848
0.876
0.964
0.936
0.928
0.84
0.832
0.9
0.996
1.12
1.088
0.988
1.008
1.048
1.072
1.024
1.044
1.08
1.128
1.128
1.14
1.148
1.044
0.976
0.996
1.252
1.144
1.02
0.952
0.936
0.912
0.92
0.996
1.18
1.1
1
0.976
0.98
0.964
0.948
1
1.172
1.064
0.98
0.936
0.892
0.928
0.98
0.992
1.02
0.944
0.896
0.844
0.82
0.808
0.844
0.86
0.824
0.804
0.876
0.98
0.96
0.932
0.976
1.036
1.048
0.976
0.944
0.968
1.072
1.032
1.068
1.044
1.08
1.04
1.032
1.128
1.148
1.036
1.04
1.076
1
0.98
1.08
1.188
1.088
1.02
1.004
0.972
0.964
1.044
1.136
1.092
0.976
0.968
1.056
1.08
1.016
0.996
0.952
0.9
0.912
0.908
0.956
0.876
0.832
1.016
1.196
1.056
1.052
1.056
1.052
1.012
1.06
1.108
1.088
1.028
1.068
1.104
1.088
1.004
1.036
1.112
1.116
1.028
1.048
1.132
1.14
1.056
1.1
1.164
1.112
1.036
1.072
1.168
1.076
0.992
1.008
1.028
1.016
0.976
1.04
1.08
1.064
1.008
0.98
0.996
0.996
1.032
1.116
1.088
1.028
1.06
1.088
1.056
0.992
0.96
1.016
1.084
1.032
1.028
1.04
1.064
1.024
1
0.984
0.948
0.916
0.996
1.052
1.1
1.032
0.972
1
1.064
1.06
1.024
0.984
0.976
1.028
0.98
0.916
1.004
1.064
1.028
0.98
1.04
1.032
0.968
0.94
1
1.076
1.088
1.028
1.072
1.08
1.064
0.988
1.028
1.072
1.096
1.02
1.056
1.084
1.064
0.984
0.976
0.928
0.932
0.932
1.036
1.22
1.188
1.08
1.012
0.972
0.948
0.98
0.86
0.844
1.264
1.184
1.148
1.108
1.056
0.98
0.988
1.124
1.164
1.04
1.012
1.052
1.152
1.12
1.056
1.148
1.168
1.112
1.028
1.032
1.084
1.172
1.096
1.172
1.196
1.056
0.968
1.008
1.384
1.228
1.148
1.252
1.224
1.148
1.104
1.116
1.092
1
1.02
1.004
1.036
1.044
1.128
1.208
1.124
0.996
1.028
1.124
1.104
1.028
1.06
1.048
1.048
0.992
0.996
1.048
1.136
1.052
1.032
1
1.032
0.992
1.02
1.08
1.14
1.076
1.08
1.116
1.096
1.084
1.096
1.064
1.036
0.944
1
1.276
1.152
1.12
1.072
0.972
0.908
0.912
0.948
1.024
1.008
0.892
0.82
0.868
1.172
1.056
1.132
1.116
1.064
1.012
1.036
1.008
1
0.964
1.032
1.252
1.148
1.02
1.028
1.096
1.144
1.052
1.092
1.164
1.108
1.132
1.188
1.196
1.104
1.04
1.016
0.992
0.964
1.112
1.3
1.168
1.16
1.128
0.972
0.896
0.92
0.988
1.204
1.116
1.188
1.176
1.084
1.116
1.176
1.112
1.016
0.992
1.048
1.1
1.032
1.012
1.068
1.108
0.984
0.884
0.884
0.824
0.784
0.796
1.252
1.068
1.096
1.096
1.092
1.016
1.024
1.056
1.108
1.06
1.068
1.18
1.152
1.092
1.028
1.06
1.14
1.052
1.144
1.176
1.124
1.044
1.108
1.168
1.14
1.012
1.04
1.16
1.14
1.056
1.112
1.156
1.084
0.964
1
1.056
1.056
1.024
1.092
1.108
1.024
1.032
1.068
1.084
1.016
1.028
1.096
1.088
1.008
1.02
1.036
1.08
0.996
1.036
1.08
1.096
1.024
1.036
1.06
1.04
0.992
1.088
1.136
1.068
1.02
1.056
1.116
1.072
1.068
1.08
1.052
0.984
1.024
1.1
1.112
1.084
1.168
1.132
0.984
0.94
0.944
1.168
1.14
1.064
1.096
1.124
1.024
1.044
1.156
1.136
1.048
0.984
1.012
1.064
0.964
0.944
1.012
1.032
1.02
0.984
0.996
0.968
0.932
0.92
0.928
1.068
1.112
1.016
1.012
1.036
1.068
0.996
1.02
1.128
1.152
1.06
1.016
1.044
1.172
1.18
1.076
1.096
1.152
1.112
1.036
1.048
1.112
1.144
1.076
1.088
1.132
1.1
1.004
0.972
1.076
1.172
1.064
1.044
1.14
1.148
1.06
1.02
1.056
1.092
1.048
1.012
1.128
1.168
1.104
1.104
1.104
1.068
1.004
1.048
1.172
1.108
1
0.964
1.072
1.14
1.112
1.144
1.176
1.084
0.952
0.948
0.96
1.148
1.032
0.968
1.004
1.076
1.1
1.064
1.084
1.052
0.992
0.98
1.036
1.052
0.992
0.988
1.004
1.092
1.072
1.024
0.984
1.008
0.936
0.888
0.844
0.852
0.916
0.872
0.812
0.96
1.14
1.016
1.02
1.072
1.028
0.94
0.896
0.916
1.016
1.06
0.996
1.064
1.092
1.092
1.04
1.048
1.076
1.088
0.996
0.988
1.06
1.148
1.04
1.096
1.252
1.176
1.048
1.044
1.088
1.036
0.992
1.016
1.108
1.052
0.992
0.996
1.112
1.052
0.896
0.836
0.788
0.8
1.224
1.02
1.028
1.156
1.184
1.076
1.012
0.984
1.016
0.928
0.96
1.084
1.212
1.104
1.112
1.184
1.164
1.088
1.08
1.164
1.128
1.028
1.1
1.22
1.132
1.036
1
1.2
1.244
1.08
1.128
1.164
1.104
1.012
1.08
1.056
1.1
1.036
1.04
1.08
1.104
1.052
1.044
1.144
1.156
1.064
1.076
1.16
1.112
1
1.044
1.056
1.096
1.02
0.968
1.028
1.128
1.116
1.036
1.076
1.072
1.136
1.044
1.04
1.152
1.264
1.148
1.184
1.204
1.168
1.072
1.052
1.108
1.196
1.068
1.18
1.22
1.148
1.06
1.112
1.152
1.096
1.036
1.032
1.168
1.156
1.14
1.032
1.048
1.044
1.084
1.012
1.084
1.14
1.172
1.04
1.072
1.08
1.068
1.008
1.08
1.172
1.168
1.04
1.028
1.084
1.092
1.056
1.088
1.1
1.052
1
0.976
1.024
0.976
1.028
1.14
1.132
0.988
0.968
0.984
1.02
0.972
1.024
1.068
1.012
1.024
1.036
1.06
1.06
1.012
1.052
1.08
1.028
0.968
0.932
0.996
1.064
1.008
1.028
1.016
0.964
0.972
0.884
0.872
0.884
0.884
0.916
0.908
0.848
0.816
0.788
0.784
0.768
0.752
0.764
0.852
0.904
0.968
1.032
1.004
0.96
0.9
0.912
1.04
1.068
1.028
1.024
1.016
1.1
1.028
0.996
0.972
0.952
0.936
0.964
0.864
0.84
1.148
1.056
1.052
1.096
1.14
1.068
1.012
1.032
1.1
0.992
0.984
1.176
1.184
1.048
1.076
1.116
1.056
0.94
0.936
1.048
0.964
0.884
0.86
0.82
0.796
0.904
1.228
1.052
1.064
1.004
0.936
0.872
0.896
0.988
1.104
1.012
1.02
1.144
1.152
1.076
1.02
1.128
1.272
1.144
1.06
1.168
1.228
1.104
1.1
1.192
1.176
1.032
1.06
1.08
1.08
1.08
1.144
1.172
1.052
1.08
1.116
1.04
0.98
1.06
1.148
1.168
1.08
1.068
1.096
1.092
1.016
1.04
1.096
1.06
0.976
1.016
1.06
1.092
1.016
1.012
1.012
1.008
0.98
0.984
1.048
1.108
1.012
1.012
1.076
1.128
1.012
0.932
0.944
0.992
0.944
0.9
0.908
0.944
0.932
0.916
0.84
0.828
1.052
1.072
1.04
1.124
1.096
1.052
0.976
1.072
1.212
1.18
1.104
1.104
1.312
1.252
1.14
1.14
1.288
1.22
1.12
1.176
1.256
1.144
0.988
1.016
1.324
1.292
1.152
1.236
1.2
1.08
1.152
1.192
1.164
1.036
1.036
1.148
1.184
1.072
1.188
1.224
1.1
1.064
1.196
1.18
1.076
1.12
1.212
1.124
1.02
1.076
1.26
1.208
1.056
1.056
1.188
1.232
1.112
1.192
1.176
1.152
1.052
1.116
1.164
1.048
1.02
1.036
1.164
1.076
1.116
1.196
1.184
1.016
0.964
1.032
1.184
1.12
1.04
1.16
1.132
1.076
1.06
1.092
1.092
1.032
0.968
1.064
1.164
1.128
1.02
1.008
1.056
1.056
0.96
0.98
1.296
1.208
1.128
0.96
0.884
0.84
0.788
0.776
1.26
1.064
1.044
1.036
1.012
0.996
1.08
1.056
1.004
0.964
1.152
1.252
1.228
1.092
1.052
1.092
1.08
1.02
0.956
0.988
1.052
1.12
0.996
1.048
1.084
1.036
0.956
0.96
1.044
1.08
1
0.984
1.08
1.112
1.048
1.08
1.18
1.176
1.128
1.024
1.032
1.084
1.176
1.152
1.188
1.156
1.108
1.024
1.052
1.132
1.112
1.004
1.028
1.156
1.172
1.08
1.152
1.156
1.084
0.992
1.048
1.112
1.152
1.076
1.084
1.16
1.092
1.008
1.004
1.092
1.12
0.988
0.98
1.056
0.992
0.892
0.856
0.792
0.772
0.984
1.1
1.02
1.032
1.044
1.076
1.032
0.98
1.008
1.2
1.184
1.1
1.076
1.108
1.188
1.172
1.104
1.156
1.236
1.18
1.052
1.048
1.156
1.224
1.076
1.136
1.296
1.216
1.056
1.036
1.12
1.164
1.068
1.136
1.248
1.184
1.08
1.044
1.164
1.18
1.092
1.08
1.128
1.16
1.056
1.044
1.108
1.22
1.148
1.104
1.084
1.032
0.964
0.964
1.044
1.184
1.112
1.036
1.028
1.032
0.948
0.932
0.968
1.06
0.996
0.992
1.084
1.096
1.032
1.044
1.064
1.14
1.052
0.984
1.028
1.084
1.052
1.02
1.144
1.188
1.088
1.072
1.096
1.112
1.044
1.14
1.16
1.124
1.06
1.14
1.16
1.18
1.064
1.1
1.152
1.108
0.988
1.036
1.132
1.116
1.028
1.06
1.072
1.048
1.06
1.22
1.252
1.148
1.148
1.124
1.044
0.996
1.036
1.26
1.196
1.028
1.016
1.116
1.188
1.072
1.052
1.12
1.1
1.028
1.12
1.204
1.196
1.08
1.084
1.1
1.144
1.06
1.048
1.156
1.152
1.064
1.152
1.236
1.184
1.072
1.06
1.136
1.184
1.084
1.072
1.212
1.164
1.06
1.128
1.16
1.024
0.94
1.012
1.252
1.172
1.088
1.144
1.16
1.128
1.044
1.108
1.196
1.176
1.064
1.14
1.208
1.136
1.02
1.064
1.1
1.124
1.032
1.168
1.164
1.056
1.08
1.124
1.12
1.076
1.104
1.168
1
0.86
0.824
0.844
0.896
1.36
1.18
1.144
1.136
1.108
1.048
0.944
0.932
0.96
1.036
1.06
1.008
1.044
1.112
0.992
0.916
0.908
0.912
1.172
1.112
1.024
1.028
0.94
0.852
0.792
0.8
0.976
1.096
1.092
1.048
0.98
0.876
0.844
0.792
0.796
1.14
1.016
0.98
1.044
1.112
1.028
0.96
1
1.08
1.08
0.992
1.036
1.164
1.176
1.036
1.08
1.148
1.144
1.056
1.108
1.144
1.112
1.032
1.148
1.228
1.176
1.04
1.084
1.244
1.144
0.992
1.036
1.156
1.16
1.044
1.128
1.128
1.116
0.992
1
1.108
1.108
1.028
1.144
1.184
1.188
1.056
1.092
1.136
1.128
1.032
1.052
1.108
1.068
0.996
1.024
1.132
1.104
0.996
1.004
1.052
1.116
1.056
1.044
1.1
1.176
1.116
1.016
1.088
1.2
1.18
1.052
1.068
1.116
1.08
1.012
1.06
1.116
1.092
1.048
1.072
1.188
1.16
1.064
1.096
1.132
1.128
1.052
1.108
1.116
1.116
1.032
1.068
1.192
1.176
1.044
1.028
1.084
1.172
1.116
1.12
1.1
1.012
1.028
1.176
1.156
1.096
1.032
1.112
1.156
1.14
0.98
0.888
0.912
0.876
0.844
0.796
0.896
1.144
1.02
1
1.004
1.024
0.96
0.972
1.028
1.084
1.068
1.136
1.228
1.184
1.212
1.148
1.168
1.276
1.208
1.104
1.096
1.228
1.204
1.096
1.132
1.164
1.224
1.108
1.248
1.3
1.216
1.068
1.168
1.3
1.256
1.1
1.112
1.172
1.18
1.016
1.064
1.288
1.236
1.132
1.188
1.204
1.152
1.048
1.02
1.084
1.164
1.06
1.152
1.184
1.144
1.028
1.068
1.132
1.104
1.048
1.076
1.116
1.068
1.084
1.208
1.116
0.992
1.036
1.252
1.236
1.08
1.056
1.172
1.26
1.144
1.124
1.18
1.184
1.064
1.1
1.156
1.132
1.02
1.004
1.008
1.008
0.972
0.972
1.056
1.136
1
1.044
1.028
0.984
0.96
1.028
1.044
1.048
0.988
1.028
1.084
1.056
1.036
1.092
1.1
1.04
1.08
1.136
1.1
1.044
1.14
1.172
1.072
1.036
1.156
1.208
1.12
1.032
1.056
1.116
1.108
1.104
1.06
1.188
1.132
1.024
1.128
1.148
1.068
0.952
1.004
1.064
1.144
1.04
1.1
1.216
1.212
1.132
1.072
1.132
1.224
1.136
1.172
1.232
1.2
1.112
1.152
1.172
1.156
1.128
1.164
1.14
1.068
1.172
1.232
1.148
1.112
1.16
1.216
1.156
1.232
1.244
1.152
1.02
1.008
1.028
1.148
1.08
1.068
1.2
1.132
1.056
1.012
1.032
1.08
1.124
1.044
1.012
1.104
1.18
1.084
1.024
0.988
1.092
1.092
1.216
1.228
1.152
1.072
1.096
1.136
1.108
1.056
1.132
1.176
1.1
1.036
1.056
1.192
1.092
1.148
1.136
1.096
1.024
1.084
1.168
1.16
1.068
1.088
1.124
1.188
1.076
1.124
1.136
1.18
1.088
1.144
1.176
1.148
1.072
1.168
1.228
1.132
1.12
1.196
1.104
0.96
0.94
0.996
1.188
1.132
1.188
1.168
1.072
1.016
1.024
1.052
0.996
0.996
1.024
1.008
0.956
0.932
1.08
1.132
1.036
0.988
1.092
1.22
1.176
1.104
1.192
1.22
1.16
1.112
1.208
1.196
1.144
1.06
1.152
1.18
1.136
1.056
1.096
1.3
1.184
1.084
1.144
1.2
1.104
1.104
1.112
1.068
1.048
1.212
1.2
1.08
1.08
1.196
1.24
1.108
1.152
1.172
1.108
1.064
1.076
1.196
1.028
1.064
1.152
1.164
1.1
1.184
1.252
1.188
1.04
1.06
1.048
1.004
0.988
1.132
1.268
1.164
1.136
1.144
1.172
1.044
0.988
1.136
1.304
1.244
1.14
1.22
1.192
1.1
1.084
1.188
1.192
1.1
1.128
1.172
1.112
1.044
0.968
1.38
1.236
1.064
1.168
1.176
1.132
1.044
1.176
1.236
1.14
1.068
1.028
1.008
0.964
0.956
1.076
1.096
1.044
1.004
1.088
1.092
0.972
0.94
0.936
1.032
1.016
0.992
1.028
1.088
1.02
0.952
0.988
1.024
1.052
0.992
0.976
1.016
1.06
0.98
0.984
1.048
1.076
0.98
0.948
0.948
1.06
1.048
1.008
1.02
1.1
1.096
1.04
1.076
1.12
1.084
1.008
1.096
1.2
1.104
0.996
1.04
1.184
1.188
1.072
1.14
1.184
1.096
0.988
1.04
1.064
1.016
1.112
1.256
1.192
1.052
1.108
1.196
1.096
0.968
0.956
1.092
1.152
1.06
1.08
1.112
1.08
1.116
1.188
1.188
1.104
1.096
1.148
1.2
1.056
1.068
1.084
1.048
1.064
1.232
1.26
1.136
0.996
1.02
1.156
1.132
0.984
0.98
1.164
1.192
1.072
0.992
1.056
1.12
1.104
1.048
1.04
1.108
1.172
1.12
1.012
0.996
1.028
1.032
0.94
0.872
0.812
0.796
0.896
1.02
1.056
1.108
1.068
0.972
0.892
0.816
0.776
0.804
1.196
1.076
1.128
1.12
1.068
0.948
0.956
1.052
1.168
1.036
1
1.076
1.18
1.08
1.12
1.232
1.18
1.096
1.192
1.26
1.212
1.052
1.088
1.208
1.244
1.164
1.228
1.244
1.08
1.06
1.144
1.112
1.072
1.232
1.288
1.136
1.168
1.192
1.184
1.048
1.044
1.196
1.196
1.192
1.116
1.008
1.04
1.18
1.124
1.164
1.248
1.152
1.004
0.968
1.02
1.132
1.048
1.084
1.08
1.096
1
1.012
1.12
1.152
1.052
1.068
1.072
1.048
0.988
0.96
0.996
1.084
1.068
1.08
1.124
1.048
1.04
1.16
1.18
1.092
1.084
1.196
1.14
1.02
1.052
1.336
1.248
1.116
1.196
1.188
1.16
1.072
1.16
1.204
1.104
1.02
1.12
1.276
1.232
1.128
1.188
1.196
1.112
1.02
1.196
1.18
1.052
0.948
1.048
1.136
1.108
1.072
1.196
1.184
1.096
1.064
1.16
0.964
0.904
0.892
0.98
1.156
1.036
0.892
0.896
0.904
0.84
0.812
0.92
1.248
1.18
1.1
1.016
1.064
1.024
0.976
1.032
1.12
1.056
1.036
1.068
1.136
1.152
1.024
0.932
0.844
0.816
1.3
1.196
1.076
1.088
1.092
1.024
0.988
1.108
1.22
1.188
1.048
1.076
1.14
1.1
1.1
1.168
1.088
0.944
0.936
0.936
1.08
1.072
0.988
0.932
0.84
0.836
1.052
1.064
1.12
1.1
0.988
0.96
0.948
0.992
0.948
1.008
1.124
1.12
1.028
1.044
1.02
1
0.948
0.992
1.04
1.084
1.028
1.076
1.168
1.116
1.012
1.008
1.02
1.036
0.96
1.044
1.064
1.08
0.98
0.976
1.044
1.092
1.044
0.992
0.988
1.052
0.956
0.888
0.832
0.792
0.792
1.22
0.984
0.948
0.936
0.888
0.848
0.804
0.796
1.196
1.072
1.04
1.088
1.072
0.96
0.948
1.036
1.136
1.048
1.104
1.16
1.116
1.056
1.148
1.212
1.144
1.04
1.132
1.272
1.224
1.108
1.052
1.112
1.164
1.076
1.14
1.268
1.212
1.064
1.112
1.092
1.104
1.024
1.096
1.152
1.076
0.952
0.872
0.82
0.896
1.12
1.008
1.06
1.124
1.104
1.012
0.992
1.064
1.16
1.116
0.984
1.04
1.196
1.184
1.068
1.056
1.132
1.216
1.18
1.044
1.116
1.172
1.108
0.972
0.916
0.924
1.032
0.96
0.932
0.856
0.8
0.82
1.044
1.052
1.168
1.072
0.94
0.896
0.912
1.032
1.012
0.956
0.972
1.056
1.04
0.952
0.976
1
1.012
0.96
1
1.024
1.092
1.016
1
1.012
1.064
1.02
1.072
1.048
1.048
0.984
0.996
1.036
1.128
1.052
1.032
1
1.116
1.12
1.028
1.036
1.044
1.02
0.968
0.984
1.048
1.064
1.036
1.088
1.096
1.084
0.996
1.032
1.092
1.072
0.984
1.056
1.084
1.12
1.008
0.956
0.968
1.02
1.016
1.064
1.152
1.132
0.996
0.94
0.912
0.884
0.884
0.828
0.804
0.964
1.036
1.004
1
0.972
0.924
0.9
0.916
0.944
0.9
0.876
0.908
1.032
1.12
1.056
1.128
1.132
1.02
0.908
0.888
0.98
1.048
1.008
1.104
1.12
1.016
1
1.024
1.056
0.968
0.928
0.968
1.072
1.104
1.012
0.992
1.028
1.156
1.124
1.044
1.068
1.14
1.18
1.104
1.032
1.052
1.108
0.992
0.936
0.876
0.824
1.344
1.1
1.108
1.084
1.04
0.964
1.02
1.048
1.072
1.004
0.996
1.036
1.076
1.072
1.036
1.18
1.144
1.076
1.024
1.136
1.164
1.104
1.02
1.108
1.164
1.076
1.144
1.236
1.2
1.096
1.184
1.144
1.076
0.972
1.124
1.292
1.204
1.068
1.116
1.064
1.032
0.98
0.964
1.04
1.252
1.152
1.116
1.12
1.104
1.068
1.012
1.068
1.052
0.988
0.996
0.956
1.032
0.984
0.988
1.004
1.06
0.98
0.992
1.072
1.044
1.016
1.052
1.056
1.024
0.96
1.012
1.096
1.06
1.024
1.016
1.044
1.052
1.004
1.044
1.048
1.004
0.96
0.992
1.192
1.212
1.1
1.192
1.148
1.1
1.024
1.148
1.092
1.08
1.064
1.116
1.096
1.156
1.116
1.236
1.26
1.096
1.036
1.128
1.192
1.188
1.108
1.232
1.196
1.124
1.072
1.112
1.112
1.004
1.064
1.164
1.144
1.08
1.176
1.264
1.148
1.152
1.196
1.24
1.18
1.26
1.252
1.156
1.044
1.16
1.356
1.284
1.148
1.244
1.252
1.164
1.076
1.244
1.248
1.096
1.084
1.148
1.16
1.116
1.228
1.252
1.168
1.036
1.16
1.2
1.184
1.052
1.156
1.212
1.204
1.096
1.144
1.148
1.124
0.988
0.968
1.196
1.24
1.124
1.068
1.216
1.22
1.112
1.112
1.156
1.148
1.052
1.088
1.196
1.176
1.036
1.092
1.176
1.12
1.028
1.144
1.176
1.016
0.936
0.9
0.98
1.392
1.256
1.164
1.228
1.204
1.096
1.124
1.092
1.048
0.972
0.98
1.224
1.228
1.124
1.188
1.176
1.096
1.004
1.16
1.252
1.232
1.124
1.1
1.208
1.156
1.024
1.152
1.22
1.156
1.056
1.124
1.196
1.064
0.988
0.972
1.124
1.1
1.132
1.192
1.152
1.036
1.02
1.04
1.024
0.988
1.072
1.204
1.036
0.908
0.88
0.968
1.448
1.184
1.3
1.236
1.14
1.004
1.104
1.056
1.18
1.08
0.988
1.112
1.252
1.212
1.12
1.124
1.236
1.224
1.132
1.08
1.156
1.216
1.188
1.12
1.16
1.16
1.124
1.032
1.024
1.064
1.096
1.072
0.96
0.984
0.984
0.964
1.152
1.032
0.916
0.856
0.812
0.852
1.008
0.992
0.94
0.924
0.896
0.884
0.844
0.808
0.772
0.768
0.86
0.94
0.896
0.904
0.92
0.968
0.992
0.944
0.94
0.944
0.904
0.936
0.928
0.972
1.076
1.02
0.924
0.932
0.936
0.984
0.968
1.004
1
1.012
0.976
0.996
1.06
1.084
1.004
1.004
0.96
0.892
0.84
0.8
0.812
1.272
1.092
1.032
1.144
1.132
1.052
1.1
1.292
1.232
1.044
1.064
1.196
1.148
1.028
1.16
1.256
1.168
1.104
1.1
1.196
1.128
1.182601
1.088
1.072
1.036
1.104
1.108
0.964
0.976
0.992
1.008
0.964
1.076
1.116
1.016
0.952
0.9
0.864
0.844
0.804
0.944
1.164
1.012
1.04
0.992
0.9
0.836
0.816
0.844
0.856
0.792
0.804
1.02
0.928
0.852
0.836
0.812
0.796
0.776
0.86
0.816
0.772
0.772
0.884
1.052
1.072
1.092
0.992
0.92
0.852
0.824
0.784
0.812
1.164
1.06
0.916
0.904
0.904
0.996
1.008
0.956
1.012
1.116
1.116
1.04
0.972
0.952
0.996
1.004
1.036
1.096
1.064
1.032
0.972
1.02
1.18
1.188
1.036
1.016
0.976
1.032
0.98
1.076
1.008
1.064
0.968
0.884
0.812
0.776
0.944
1.216
1.132
1.104
1.016
0.92
0.928
0.936
1
1.036
1.128
1.14
1.136
1.1
1.068
0.98
0.936
1.056
1.208
1.1
0.96
1
1.104
1.112
1.036
1.188
1.216
1.1
0.952
0.908
0.852
0.868
0.944
1.028
1.236
1.108
1.028
0.88
0.812
0.844
1.232
0.988
0.988
1.044
1.048
1
1.044
1.188
1.108
0.996
1.004
1.052
1.112
0.996
1.048
1.108
1.148
1.044
1.068
1.092
1.044
0.968
1.008
1.008
1.02
0.944
0.936
0.964
1.04
0.98
0.908
0.936
0.988
1.004
0.94
0.972
1.052
1.084
0.992
0.996
1.004
0.94
0.884
0.836
0.796
0.832
1.124
0.964
0.912
0.952
1.032
0.968
0.996
1.028
1.116
1.016
1.048
1.096
1.048
0.964
1.048
1.096
1.064
1.016
1.144
1.208
1.164
1.008
1.02
1.14
1.216
1.1
1.18
1.188
1.108
1.064
1.116
1.112
1.092
1.028
0.964
0.992
1
0.952
0.988
1.04
1.004
0.992
0.996
0.972
0.916
0.9
0.96
1.056
1.028
0.928
0.9
0.828
0.796
0.872
1.148
1.032
1.132
1.164
1.124
0.988
1.008
1.08
1.216
1.204
1.084
1.148
1.172
1.104
1.016
1.108
1.216
1.148
1.024
1.028
1.06
1.192
1.112
1.128
1.216
1.172
1.064
0.956
1.028
1.14
1.136
1.052
1.144
1.176
1.056
0.996
1.056
1.136
1.072
1.052
1.1
1.12
1.096
1.168
1.188
1.132
1.028
1.064
1.076
1.064
1.012
1.096
1.088
1.084
1.032
1.016
0.964
0.948
0.936
0.972
1.004
1.036
0.992
1.036
1.032
1.02
0.956
0.944
0.94
0.968
0.948
0.912
0.848
0.796
0.832
1.204
1.06
1.08
1.084
1.068
0.984
1.036
1.076
1.084
1.04
1.092
1.212
1.196
1.108
1.16
1.236
1.196
1.076
1.056
1.208
1.144
1.048
1.208
1.18
1.16
1.06
1.1
1.26
1.24
1.112
1.156
1.204
1.18
1.076
1.132
1.148
1.144
1.028
1.108
1.172
1.144
1.068
1.108
1.136
1.12
1.016
1.052
1.088
1.124
1.056
1.076
1.136
1.044
1.012
1.044
1.084
1.124
1.028
1.056
1.084
1.04
1.08
1.212
1.18
1.088
1.032
1.1
1.084
1.048
1.108
1.172
1.12
1.096
1.116
1.128
1.036
1.072
1.08
1.088
1.036
1.156
1.148
1.052
1.032
1.144
1.092
1.008
1.092
1.204
1.124
1.056
1.172
1.192
1.092
0.98
1.052
1.144
1.144
1.048
1.136
1.212
1.172
1.076
1.08
1.1
1.06
1.044
1.156
1.152
1.072
0.972
1.008
1.16
1.212
1.104
1.12
1.18
1.168
1.044
1.056
1.084
1.064
1
1.08
1.244
1.184
1.084
1.112
1.14
1.168
1.028
1.056
1.088
1.096
1.012
1.036
1.104
0.96
0.86
0.836
0.944
1.04
1.032
1.04
0.992
1.008
1
0.976
1.008
0.98
0.976
0.928
0.9
0.848
0.816
1.092
1.116
0.98
1.044
1.12
1.036
1.048
1.088
1.096
1.036
1.108
1.084
1.068
0.976
1.004
1.12
1.164
1.072
1.036
1.068
1.132
1.056
0.972
0.992
1.108
1.14
1.068
1.128
1.144
1.128
1.064
1.112
1.14
1.164
1.052
1.088
1.164
1.164
1.056
1.044
1.052
1.068
1.036
1.116
1.176
1.088
1.044
1.168
1.216
1.148
1.06
1.12
1.188
1.14
1.048
1.108
1.184
1.16
1.028
1.028
1.06
1.144
1.02
1.052
1.16
1.172
1.056
0.992
1.028
1.064
1.064
0.944
0.936
0.952
0.996
0.988
0.984
1.036
1.088
1.064
1.096
1.18
1.156
1.052
1.04
1.072
1.092
1.012
1.004
1.008
1.064
0.996
1.088
1.144
1.18
1.04
0.972
0.916
0.824
0.816
1.032
1.188
1.292
1.2
1
0.952
0.936
1.064
1.008
1.064
1.336
1.244
1.124
1.216
1.212
1.076
0.98
1.06
1.256
1.184
1.056
1.048
1.1
1.08
1.02
1.052
1.1
1.056
0.98
0.992
1.084
1.08
1.024
1.104
1.108
1.036
1.028
1.112
1.168
1.068
1.064
1.08
1.096
1.04
1.044
1.112
1.148
1.024
1.032
1.04
1.1
1
1.024
1.128
1.116
1.008
1.028
1.104
1.096
1.028
1.02
1.052
1.076
1.052
1.1
1.136
1.124
1.024
1.048
1.184
1.188
1.116
1.16
1.168
1.092
1.136
1.164
1.172
1.116
1.164
1.256
1.14
1.04
1.092
1.2
1.092
1.204
1.28
1.092
0.96
0.976
1.052
1.096
1.148
1.268
1.24
1.068
1.092
1.208
1.172
1.076
1.184
1.26
1.204
1.1
1.144
1.14
1.148
1.096
1.208
1.164
1.072
1.12
1.196
1.288
1.2
1.088
1.228
1.24
1.14
1.112
1.172
1.224
1.136
1.08
1.168
1.224
1.096
1.072
1.104
1.068
1.008
1.18
1.224
1.136
1.032
1.024
1.1
1.068
1.028
1.088
1.184
1.16
1.02
0.992
1.024
1.16
1.092
1.132
1.204
1.184
1.024
1.02
1.116
1.144
1.092
1.12
1.144
1.136
1.036
1.092
1.112
1.128
1.076
1.152
1.216
1.192
1.08
1.156
1.212
1.232
1.18
1.216
1.136
1.076
1.3
1.192
1.196
1.168
1.096
1.26
1.212
1.048
1.084
1.08
1.104
1.056
1.028
1.124
1.116
1.06
1.012
1.088
1.176
1.104
1.052
1.156
1.168
1.048
1.008
1.076
1.26
1.116
1.144
1.164
1.112
1.08
1.224
1.204
1.132
1.208
1.292
1.156
1.056
1.156
1.2
1.084
1.084
1.312
1.196
1.076
1.176
1.24
1.124
1.128
1.2
1.1
1.044
1.144
1.288
1.144
1.008
1.076
1.2
1.156
1.028
1.076
1.136
1.064
0.932
0.936
0.988
1
0.944
0.96
1.008
1.108
1.076
1.052
1.076
1.06
0.972
0.956
0.976
1.02
0.884
0.808
0.788
0.832
0.908
0.932
0.88
0.836
0.784
0.796
1.036
1.028
1.064
0.992
0.924
0.868
0.884
0.936
1.052
1.06
0.976
0.984
0.964
0.936
0.912
0.948
0.988
0.968
0.928
0.956
0.868
0.824
0.788
0.772
0.8
1
1.04
1.104
1.04
0.972
0.932
0.992
1.112
1.084
1.012
1.048
1.1
0.996
1.028
1.168
1.204
1.12
1.104
1.092
1.056
1.068
1.156
1.336
1.24
1.064
0.992
1
0.964
1.028
1.1
1.188
1.092
1.172
1.224
1.196
1.048
1.1
1.136
1.112
1.072
1.18
1.208
1.112
1.008
1.044
1.088
1.076
1.072
1.176
1.184
1.08
1.096
1.184
1.16
1.004
1.02
1.08
1.204
1.116
1.208
1.22
1.128
1.056
1.1
1.176
1.156
1.096
1.112
1.148
1.096
1.008
0.988
1.024
1.044
0.992
1.08
1.144
1.052
0.976
1.008
1.004
1.06
1.036
1.088
1.188
1.16
0.992
0.968
1.044
0.996
0.904
0.968
1.312
1.184
1.044
0.936
0.896
0.9
0.984
1.316
1.3
1.132
1.172
1.14
1.064
1.144
1.172
1.192
1.032
1.04
1.104
1.156
1.092
1.088
1.048
1
0.988
1.176
1.18
1.084
1.104
1.032
0.988
0.944
1.004
1.112
1.144
1.016
1.008
1.008
0.924
0.888
0.876
0.968
0.888
0.84
1.088
1.188
1.072
1.096
1.064
0.996
1.08
1.168
1.148
1.132
1.032
1.116
1.196
1.192
1.104
1.128
1.212
1.224
1.168
1.028
1.036
1.34
1.24
1.104
1.084
1.16
1.184
1.1
1.068
1.044
1.092
1.052
1.1
1.272
1.168
1.052
1.1
1.156
1.024
0.932
0.996
1.252
1.276
1.136
1.108
1.036
1.036
1.02
1.152
1.168
1.096
1.112
1.164
1.056
0.972
1.06
1.152
1.148
1.028
1.084
1.16
1.08
1.048
1.148
1.172
1.12
1.06
1.088
1.112
1.1
1.08
1.1
1.152
1.084
0.964
0.96
1.044
1.14
1.052
1.024
1.14
1.112
1.016
1.024
1.112
1.144
1.024
0.976
0.968
0.936
0.944
1.052
1.196
1.168
1.02
0.94
1.024
1.056
1.044
1.128
1.164
1.152
1.072
1.12
1.208
1.168
1.072
1.128
1.248
1.148
0.988
1.056
1.276
1.284
1.184
1.28
1.248
1.172
1.064
1.116
1.168
1.108
1.02
0.96
1.32
1.3
1.144
1.2
1.2
1.08
0.992
1.144
1.208
1.12
1.1
1.268
1.184
1.064
1.112
1.2
1.14
1.048
1.048
1.168
1.076
1.104
1.16
1.14
1.032
1.084
1.092
1.116
1.032
1.144
1.124
1.18
1.124
1.188
1.196
1.132
1.044
1.188
1.212
1.144
1.028
1.092
1.2
1.192
1.072
1.072
1.136
1.108
1.12
1.22
1.216
1.104
1.076
1.096
1.124
1.132
1.208
1.144
1.092
1.084
1.164
1.164
1.104
1.128
1.276
1.204
1.06
1.104
1.112
1.052
1.016
1.184
1.172
1.064
1.092
1.152
1.08
0.98
1.044
1.084
1.072
0.988
1.02
1.14
1.1
1.012
1.064
1.092
1.112
1.104
1.168
1.204
1.072
1.144
1.14
1.132
1.056
1.168
1.124
1.12
1.024
1.076
1.196
1.196
1.108
1.192
1.22
1.096
1.16
1.212
1.12
1.064
1.076
1.192
1.168
1.076
1.148
1.18
1.14
1.028
1.072
1.108
1.12
1.108
1.1
1.14
1.084
1.032
1.216
1.244
1.132
1.16
1.248
1.22
1.048
1.028
1.34
1.328
1.216
1.264
1.304
1.224
1.068
1.18
1.22
1.14
1.016
1.192
1.3
1.256
1.128
1.212
1.236
1.216
1.212
1.144
1.128
1.248
1.216
1.08
1.124
1.128
1.216
1.136
1.24
1.192
1.14
1.06
1.244
1.172
1.08
0.976
1.068
1.128
1.016
0.956
1.028
1.088
1.088
0.996
1.004
1.024
1.1
1.024
1.032
1.108
1.192
1.144
1.156
1.18
1.132
1.06
1.244
1.256
1.216
1.14
1.212
1.228
1.132
1.04
1.172
1.324
1.144
1.232
1.32
1.296
1.136
1.112
1.168
1.192
1.096
1.128
1.236
1.116
1.04
1.092
1.26
1.252
1.156
1.16
1.16
1.22
1.164
1.208
1.276
1.152
1.108
1.236
1.204
1.128
1.192
1.172
1.076
1.04
1.144
1.22
1.076
1.16
1.216
1.084
1.126151
0.864
0.812
0.844
1.012
0.976
1.18
1.076
0.964
1
1.052
1.068
0.952
0.868
0.88
0.904
0.98
1.204
1.144
1.216
1.2
1.172
1.052
1.048
1.264
1.26
1.18
1.212
1.184
1.132
1.068
1.128
1.16
1.12
1.176
1.164
1.164
1.132
1.124
1.236
1.16
1.052
1.064
1.236
1.228
1.152
1.096
1.108
1.172
1.076
1.032
1.168
1.264
1.16
1.14
1.268
1.16
1.036
1.104
1.196
1.208
1.08
1.228
1.244
1.244
1.172
1.252
1.292
1.22
1.12
1.224
1.24
1.152
1.112
1.316
1.272
1.228
1.131622
1.252
1.14
1.168
1.156
1.112
1.02
1.028
1.072
0.988
0.972
1.056
1.2
1.204
1.152
1.26
1.212
1.152
1.052
1.216
1.276
1.264
1.096
1.224
1.212
1.116
1.248
1.244
1.08
1.192
1.2
1.204
1.156
1.336
1.228
1.188
1.156
1.256
1.28
1.22
1.208
1.076
1.172
1.308
1.2
1.164
1.12
1.34
1.268
1.124
1.176
1.372
1.304
1.2
1.048
0.996
1.228
1.3
1.184
1.156
1.2
1.148
1.044
1.004
1.044
0.968
0.88
0.868
0.884
0.868
0.956
1.04
0.88
0.928
1.264
1.192
1.108
1.128
1.124
1.056
0.956
0.94
0.984
1.052
1
1.024
1.076
1.02
1.012
1.096
1.056
0.98
0.956
1.104
1.164
1.048
1.052
1.16
1.116
1.032
1.088
1.148
1.136
1.064
1.196
1.204
1.136
1.052
1.136
1.16
1.108
1.048
1.144
1.244
1.196
1.096
1.1
1.164
1.18
1.164
1.16
1.188
1.184
1.112
1.192
1.176
1.068
1.016
1.044
1.072
1.02
0.996
1.048
1.028
0.94
0.924
0.98
1.04
1.02
0.952
1.004
1.028
0.94
0.872
0.88
0.936
0.968
0.964
1.004
1.068
1.088
1.032
0.988
1.12
1.172
1.16
1.076
1.16
1.26
1.204
1.136
1.148
1.204
1.16
1.076
1.18
1.216
1.132
1.132
1.2
1.144
1.136
1.244
1.204
1.092
1.08
1.156
1.228
1.184
1.048
1.052
1.1
1.052
1.008
1.104
1.196
1.092
1.144
1.152
1.192
1.144
1.164
1.144
1.028
1.032
1.26
1.316
1.236
1.108
1.308
1.32
1.292
1.12
1.188
1.36
1.308
1.136
1.056
1.092
1.172
1.212
1.32
1.196
1.028
1.052
1.084
1.032
0.912
0.932
1.02
0.96
0.904
0.948
1
0.992
0.908
0.948
0.98
0.996
0.892
0.84
0.792
0.776
0.868
0.996
0.948
0.996
1.112
1
0.96
0.98
1.1
1.076
1.048
1.208
1.216
1.204
1.108
1.12
1.176
1.136
1.08
1.128
1.288
1.248
1.088
1.068
1.064
1.088
1.048
1.08
1.16
1.196
1.072
1.124
1.144
